   10000.0000       8.7600002066821176E-022
   10471.2852       8.0436468109502747E-022
   10964.7822       7.6188786683569576E-022
   11481.5361       7.6060512537553008E-022
   12022.6445       7.9833359893087268E-022
   12589.2539       8.8730946270111018E-022
   13182.5674       1.0436830686793157E-021
   13803.8428       1.2715371148504774E-021
   14454.3975       1.5874499939931206E-021
   15135.6123       2.0341064544664413E-021
   15848.9316       2.6109535027280810E-021
   16595.8691       3.3328526774367832E-021
   17378.0078       4.2490541934883465E-021
   18197.0078       5.3386456635180147E-021
   19054.6074       6.7012867033807023E-021
   19952.6230       8.2336677532806247E-021
   20892.9609       1.0086132731345725E-020
   21877.6172       1.2055233992433436E-020
   22908.6758       1.4117351114493224E-020
   23988.3301       1.5980549623073926E-020
   25118.8652       1.7507833579013418E-020
   26302.6797       1.8640522244991211E-020
   27542.2871       1.9191754692298959E-020
   28840.3145       1.9155915537930344E-020
   30199.5176       1.8650300921814304E-020
   31622.7773       1.7746840012985164E-020
   33113.1133       1.6713501078061643E-020
   34673.6836       1.5520123818138730E-020
   36307.8047       1.4428129750464162E-020
   38018.9414       1.3340668807951957E-020
   39810.7188       1.2324104534409779E-020
   41686.9375       1.1415028046840948E-020
   43651.5820       1.0517228069978521E-020
   45708.8203       9.6185689798746923E-021
   47863.0078       8.7661608648686828E-021
   50118.7227       7.9404420670248530E-021
   52480.7461       7.1284975215828938E-021
   54954.0859       6.3245203495734331E-021
   57543.9922       5.5832711264990382E-021
   60255.9570       4.8878240782866000E-021
   63095.7344       4.2693306536068484E-021
   66069.3438       3.7513394486909683E-021
   69183.0938       3.3209340925680550E-021
   72443.5938       2.9806718274891542E-021
   75857.7578       2.7339676661830384E-021
   79432.8203       2.5656248192959676E-021
   83176.3750       2.4666765322938315E-021
   87096.3594       2.4406284752695594E-021
   91201.0859       2.4673984663034168E-021
   95499.2578       2.5512346183570351E-021
   100000.000       2.6407142855769314E-021
   104712.852       2.7668112464148499E-021
   109647.820       2.9353215806570621E-021
   114815.359       3.1138453752424593E-021
   120226.445       3.2979256728134053E-021
   125892.539       3.4894798651892137E-021
   131825.672       3.6783086713835042E-021
   138038.422       3.8913175206136913E-021
   144543.984       4.1143652956046478E-021
   151356.125       4.3445191306756393E-021
   158489.312       4.6058490725857816E-021
   165958.688       4.8921490354451514E-021
   173780.078       5.1852695761880832E-021
   181970.078       5.4829228333395934E-021
   190546.078       5.7942047478830460E-021
   199526.234       6.1310493419930650E-021
   208929.609       6.5046490045349840E-021
   218776.156       6.8716563599026515E-021
   229086.766       7.2926400189449720E-021
   239883.297       7.7253320005261583E-021
   251188.641       8.1846139208451614E-021
   263026.812       8.6782730454743317E-021
   275422.875       9.2327928835696560E-021
   288403.156       9.8817703306343421E-021
   301995.188       1.0613076329866224E-020
   316227.781       1.1275947436281337E-020
   331131.125       1.1686497477000718E-020
   346736.844       1.2879876673317662E-020
   363078.062       1.4169320398255710E-020
   380189.406       1.5520215790368782E-020
   398107.156       1.7079643520486419E-020
   416869.375       1.8830416069093233E-020
   436515.844       2.0431536308137590E-020
   457088.188       2.2108818048388189E-020
   478630.094       2.4263009033485843E-020
   501187.219       2.6486513275051499E-020
   524807.438       2.8667834187971277E-020
   549540.875       3.0964510454373167E-020
   575439.938       3.2279859642926809E-020
   602559.562       3.4229565772765096E-020
   630957.375       3.6578200354361407E-020
   660693.438       3.9101260122778266E-020
   691831.000       4.1015648698389779E-020
   724435.938       4.2808317898257110E-020
   758577.562       4.5446484413364199E-020
   794328.250       4.7941854972226200E-020
   831763.750       5.0968144949264501E-020
   870963.562       5.2482684550763079E-020
   912010.812       5.5161601049340632E-020
   954992.562       5.8770775413321912E-020
   1000000.00       6.2552941155432794E-020
   1047128.56       6.6695827111474758E-020
   1096478.25       7.0785868642543449E-020
   1148153.62       7.4691779415498095E-020
   1202264.38       7.8799386614929745E-020
   1258925.38       8.2822770745539446E-020
   1318256.75       8.6297892658758134E-020
   1380384.25       8.9591740266396593E-020
   1445439.75       9.2159190077344879E-020
   1513561.25       9.4172935165379938E-020
   1584893.25       9.6022333049542902E-020
   1659586.88       9.6998967357148715E-020
   1737800.88       9.7310002710053781E-020
   1819700.88       9.7392092223843330E-020
   1905460.75       9.6683550778995703E-020
   1995262.38       9.5415800587616519E-020
   2089296.12       9.3911260635362307E-020
   2187761.50       9.0611658812275508E-020
   2290867.75       8.7852582344845394E-020
   2398833.00       8.3815292745112319E-020
   2511886.50       7.9113945933984696E-020
   2630268.00       7.4428360002628225E-020
   2754228.75       6.9901995388665811E-020
   2884031.50       6.5549702484752911E-020
   3019951.75       6.1532486371571215E-020
   3162277.75       5.7940001980713929E-020
   3311311.25       5.4783998551456282E-020
   3467368.50       5.1826006292385445E-020
   3630780.50       4.9547625461736991E-020
   3801894.00       4.7552749596365560E-020
   3981071.75       4.5855889567017740E-020
   4168693.75       4.4561670655991260E-020
   4365158.50       4.3592533089359474E-020
   4570882.00       4.2847793640247620E-020
   4786301.00       4.2356437690430262E-020
   5011872.50       4.2100780475269257E-020
   5248074.50       4.2199196382125567E-020
   5495408.50       4.2494490437374822E-020
   5754399.50       4.3012568635018567E-020
   6025596.00       4.3787415753286341E-020
   6309573.50       4.4998170714863662E-020
   6606934.50       4.6385692861307560E-020
   6918309.50       4.8090729596771834E-020
   7244359.50       5.0128648187761116E-020
   7585776.00       5.2372243835384983E-020
   7943282.50       5.4925053747682663E-020
   8317637.50       5.7781971802274740E-020
   8709636.00       6.0797198073648386E-020
   9120108.00       6.3900803308658751E-020
   9549926.00       6.7099448788546746E-020
   10000000.0       7.0200001003413950E-020
   10471285.0       7.3027707868070125E-020
   10964782.0       7.5616867003921530E-020
   11481536.0       7.7918756046609719E-020
   12022644.0       7.9737742194381373E-020
   12589254.0       8.0682089113053497E-020
   13182567.0       8.0991284114017318E-020
   13803843.0       8.0593412673584449E-020
   14454398.0       7.9478175566118785E-020
   15135612.0       7.7472811909346854E-020
   15848932.0       7.4922620836774282E-020
   16595869.0       7.2214975806127291E-020
   17378008.0       6.8893463902526834E-020
   18197008.0       6.5113837543191217E-020
   19054608.0       6.1396696799757551E-020
   19952624.0       5.7410558178105881E-020
   20892962.0       5.3330497910537755E-020
   21877616.0       4.9585059242031191E-020
   22908676.0       4.5974759268287714E-020
   23988330.0       4.2833947731596100E-020
   25118864.0       3.9859128350678538E-020
   26302680.0       3.7295087098713715E-020
   27542288.0       3.5038194912653001E-020
   28840316.0       3.3156803280024721E-020
   30199518.0       3.1700517037603013E-020
   31622776.0       3.0386333460236630E-020
   33113112.0       2.9493444679628102E-020
   34673684.0       2.8713158704390070E-020
   36307804.0       2.8198621936077347E-020
   38018940.0       2.7898948491006821E-020
   39810716.0       2.7799999117781533E-020
   41686940.0       2.7799999117781527E-020
   43651584.0       2.7995157511588272E-020
   45708820.0       2.8301604353814168E-020
   47863008.0       2.8693274886839254E-020
   50118724.0       2.9204680073204705E-020
   52480748.0       2.9795186054465311E-020
   54954088.0       3.0585307189391228E-020
   57543992.0       3.1412568145995674E-020
   60255960.0       3.2187416121406280E-020
   63095736.0       3.3198476089320816E-020
   66069344.0       3.4189780248338488E-020
   69183096.0       3.5194545979893632E-020
   72443600.0       3.6313703300208008E-020
   75857760.0       3.7386723404478233E-020
   79432824.0       3.8509502063763477E-020
   83176376.0       3.9593160227259767E-020
   87096360.0       4.0698973655851936E-020
   91201080.0       4.1802334487783974E-020
   95499256.0       5.1098390877447794E-020
   100000000.       5.4200001511165589E-020
