   10000.0000       1.3999999555717316E-020
   10471.2852       1.4848312810046535E-020
   10964.7822       1.5643651066056891E-020
   11481.5361       1.6582815717242573E-020
   12022.6445       1.7645288502535971E-020
   12589.2539       1.9102885461488224E-020
   13182.5674       2.0975223943737205E-020
   13803.8428       2.3199986707956949E-020
   14454.3975       2.5920102673953342E-020
   15135.6123       2.9369839892222507E-020
   15848.9316       3.3493588780848425E-020
   16595.8691       3.8345050052671087E-020
   17378.0078       4.4193171839659250E-020
   18197.0078       5.0982519802201947E-020
   19054.6074       5.9292458661113498E-020
   19952.6230       6.8657786162169831E-020
   20892.9609       8.0412013979561571E-020
   21877.6172       9.3742269612194243E-020
   22908.6758       1.0993881758066859E-019
   23988.3301       1.2780550693976533E-019
   25118.8652       1.4748761459226207E-019
   26302.6797       1.7005359184648503E-019
   27542.2871       1.9576329841556921E-019
   28840.3145       2.2352671416452712E-019
   30199.5176       2.5273945273244650E-019
   31622.7773       2.8415173276278829E-019
   33113.1133       3.1866149178272952E-019
   34673.6836       3.5538079208804986E-019
   36307.8047       3.9440867082923138E-019
   38018.9414       4.3497492781179334E-019
   39810.7188       4.7574118565627300E-019
   41686.9375       5.1649367825455222E-019
   43651.5820       5.5942161251679851E-019
   45708.8203       6.0436184424301479E-019
   47863.0078       6.4926017102086312E-019
   50118.7227       6.9377591982519588E-019
   52480.7461       7.3819900294383713E-019
   54954.0859       7.8389523264600190E-019
   57543.9922       8.2676264507873030E-019
   60255.9570       8.6783934612671149E-019
   63095.7344       9.0110956282832215E-019
   66069.3438       9.2256395850812452E-019
   69183.0938       9.2388651919771879E-019
   72443.5938       8.9547187191709367E-019
   75857.7578       8.3255606777345289E-019
   79432.8203       7.3718724063140842E-019
   83176.3750       6.1649012113261111E-019
   87096.3594       4.8936058829233189E-019
   91201.0859       3.7692677155575725E-019
   95499.2578       2.8395311693805341E-019
   100000.000       2.1678571502247226E-019
   104712.852       1.6124377653600088E-019
   109647.820       1.1666474256900068E-019
   114815.359       8.6118572419593535E-020
   120226.445       6.5060910644203688E-020
   125892.539       4.9650102839779650E-020
   131825.672       3.8679444275591570E-020
   138038.422       3.0262676539206372E-020
   144543.984       2.3942985952572257E-020
   151356.125       1.9606872815286117E-020
   158489.312       1.6129808863128927E-020
   165958.688       1.3388426137625279E-020
   173780.078       1.1497095989312322E-020
   181970.078       1.0227560570978919E-020
   190546.078       9.3495973072306716E-021
   199526.234       8.8632117128675314E-021
   208929.609       8.8038038594473227E-021
   218776.156       9.1618600980845943E-021
   229086.766       1.0114487746412095E-020
   239883.297       1.1517772551156163E-020
   251188.641       1.3567045843495337E-020
   263026.812       1.6249368234334773E-020
   275422.875       1.9718617231382823E-020
   288403.156       2.4153198608510838E-020
   301995.188       2.9691054904741440E-020
   316227.781       3.6513890775087195E-020
   331131.125       4.4058712679903918E-020
   346736.844       5.3146750087817385E-020
   363078.062       6.2946837118002141E-020
   380189.406       7.4333858082997645E-020
   398107.156       8.7037149737921437E-020
   416869.375       1.0104333377934920E-019
   436515.844       1.1577258442873681E-019
   457088.188       1.3132988912285112E-019
   478630.094       1.4830407352482195E-019
   501187.219       1.6654303023675923E-019
   524807.438       1.8642013282470987E-019
   549540.875       2.0585354167814009E-019
   575439.938       2.2806890490836453E-019
   602559.562       2.5079963474705907E-019
   630957.375       2.7478200791686148E-019
   660693.438       3.0054877776725092E-019
   691831.000       3.2719250047830931E-019
   724435.938       3.5475539414742800E-019
   758577.562       3.8342260263813050E-019
   794328.250       4.1102867868161517E-019
   831763.750       4.3920255063789033E-019
   870963.562       4.6592972346276949E-019
   912010.812       4.9113700745257743E-019
   954992.562       5.1313921646143888E-019
   1000000.00       5.3337256187079705E-019
   1047128.56       5.5068115483616451E-019
   1096478.25       5.6373695575513566E-019
   1148153.62       5.7311791284837026E-019
   1202264.38       5.7840881749437745E-019
   1258925.38       5.7936249401460367E-019
   1318256.75       5.7512454153066454E-019
   1380384.25       5.6551106770032457E-019
   1445439.75       5.4736809896272988E-019
   1513561.25       5.2157552545333956E-019
   1584893.25       4.8630873181961694E-019
   1659586.88       4.3978403056724648E-019
   1737800.88       3.8637940896471753E-019
   1819700.88       3.3228844956243591E-019
   1905460.75       2.7934197113522822E-019
   1995262.38       2.2942142913946713E-019
   2089296.12       1.8334489614007629E-019
   2187761.50       1.4833910019748810E-019
   2290867.75       1.2052583476541411E-019
   2398833.00       9.7627565227284012E-020
   2511886.50       7.9701782073911092E-020
   2630268.00       6.5441402021026574E-020
   2754228.75       5.4210314277900649E-020
   2884031.50       4.5581007361519508E-020
   3019951.75       3.8858088600544220E-020
   3162277.75       3.3553334668436669E-020
   3311311.25       2.9345330096093145E-020
   3467368.50       2.5892567334566769E-020
   3630780.50       2.3251244262133890E-020
   3801894.00       2.1088595120238116E-020
   3981071.75       1.9300353637513343E-020
   4168693.75       1.7916809090510318E-020
   4365158.50       1.6858369919553876E-020
   4570882.00       1.6022426991536635E-020
   4786301.00       1.5441917909958790E-020
   5011872.50       1.5097658895883670E-020
   5248074.50       1.4802406405253350E-020
   5495408.50       1.4799999530329734E-020
   5754399.50       1.4803142030230008E-020
   6025596.00       1.4996853809796950E-020
   6309573.50       1.5299542550191280E-020
   6606934.50       1.5695912168565079E-020
   6918309.50       1.6197272873084768E-020
   7244359.50       1.6707472898368490E-020
   7585776.00       1.7292758308366191E-020
   7943282.50       1.8006046139113831E-020
   8317637.50       1.8695647433019168E-020
   8709636.00       1.9399346051038539E-020
   9120108.00       2.0100150059806636E-020
   9549926.00       2.0699896087285639E-020
   10000000.0       2.1299999324055630E-020
   10471285.0       2.1865541306108448E-020
   10964782.0       2.2271824893215252E-020
   11481536.0       2.2685228080096120E-020
   12022644.0       2.2899999273280469E-020
   12589254.0       2.2899999273280466E-020
   13182567.0       2.2802904776361709E-020
   13803843.0       2.2598352282853076E-020
   14454398.0       2.2319543005986657E-020
   15135612.0       2.1769474737728501E-020
   15848932.0       2.1163300328393702E-020
   16595869.0       2.0603097596171442E-020
   17378008.0       2.0016493364787022E-020
   18197008.0       1.9302617387441505E-020
   19054608.0       1.8540347856076175E-020
   19952624.0       1.7836847433956947E-020
   20892962.0       1.7601563441423565E-020
   21877616.0       1.7208953053882850E-020
   22908676.0       1.6697633288291135E-020
   23988330.0       1.6403182206726296E-020
   25118864.0       1.6895283463836992E-020
   26302680.0       1.6599106139902690E-020
   27542288.0       1.6180481948059304E-020
   28840316.0       1.5585600933970512E-020
   30199518.0       1.5100171663661071E-020
   31622776.0       1.4590889136965740E-020
   33113112.0       1.3995902062467216E-020
   34673684.0       1.3508224115830960E-020
   36307804.0       1.2998164156301268E-020
   38018940.0       1.2594738489201431E-020
   39810716.0       1.2097743616084417E-020
   41686940.0       1.1702749102303572E-020
   43651584.0       1.1309682841093113E-020
   45708820.0       1.0898796926859636E-020
   47863008.0       1.0605044027090822E-020
   50118724.0       1.0197737196828076E-020
   52480748.0       9.9123264495590688E-021
   54954088.0       9.6155096195329725E-021
   57543992.0       9.3157577776754001E-021
   60255960.0       9.0542464294950140E-021
   63095736.0       8.8003804350102314E-021
   66069344.0       8.5525543952558134E-021
   69183096.0       8.3212540643490326E-021
   72443600.0       8.1073842213548650E-021
   75857760.0       7.9025341550665486E-021
   79432824.0       7.6983585598831871E-021
   83176376.0       7.5111814432995736E-021
   87096360.0       7.3301676064253876E-021
   91201080.0       7.1499595871344052E-021
   95499256.0       6.9900277849575747E-021
   100000000.       6.8299996216948056E-021
