   10000.0000       1.1099999647747300E-020
   10471.2852       1.3927710495511370E-020
   10964.7822       1.7353475035234019E-020
   11481.5361       2.1131264303368681E-020
   12022.6445       2.5592478841492845E-020
   12589.2539       3.1057414295415298E-020
   13182.5674       3.7663284937587793E-020
   13803.8428       4.5046111851735136E-020
   14454.3975       5.3510935364220873E-020
   15135.6123       6.3621852631212563E-020
   15848.9316       7.4895672784919290E-020
   16595.8691       8.7399610237831179E-020
   17378.0078       1.0166592213995206E-019
   18197.0078       1.1715905767309731E-019
   19054.6074       1.3509214415042126E-019
   19952.6230       1.5326294826128027E-019
   20892.9609       1.7583105692009313E-019
   21877.6172       1.9821857476786856E-019
   22908.6758       2.2412992088145914E-019
   23988.3301       2.5194852775138872E-019
   25118.8652       2.8078657286399987E-019
   26302.6797       3.1245881595458682E-019
   27542.2871       3.4643350891887445E-019
   28840.3145       3.8140838946874227E-019
   30199.5176       4.1673824793179451E-019
   31622.7773       4.5101250643389091E-019
   33113.1133       4.8366343356989017E-019
   34673.6836       5.0661298142990766E-019
   36307.8047       5.1414580861545766E-019
   38018.9414       4.9901112533914602E-019
   39810.7188       4.5973202975851205E-019
   41686.9375       4.0346701740913370E-019
   43651.5820       3.3623864566689280E-019
   45708.8203       2.6654998052313416E-019
   47863.0078       2.0499302034470268E-019
   50118.7227       1.5522161166066156E-019
   52480.7461       1.1656865549089881E-019
   54954.0859       8.6563582859206589E-020
   57543.9922       6.5665716412583044E-020
   60255.9570       4.9928505597524147E-020
   63095.7344       3.8290996494192379E-020
   66069.3438       2.9604915198149464E-020
   69183.0938       2.2990431312928291E-020
   72443.5938       1.7980936929384342E-020
   75857.7578       1.4230905407764639E-020
   79432.8203       1.1373901052292535E-020
   83176.3750       9.0972932013358507E-021
   87096.3594       7.3594164601606613E-021
   91201.0859       6.0566119117594451E-021
   95499.2578       5.0364201671453270E-021
   100000.000       4.2900001581267484E-021
   104712.852       3.6536065257651749E-021
   109647.820       3.1316962340509718E-021
   114815.359       2.7839243132316007E-021
   120226.445       2.5780495979267578E-021
   125892.539       2.4927036365369406E-021
   131825.672       2.5247700856559159E-021
   138038.422       2.7124150835446103E-021
   144543.984       3.1213360669226921E-021
   151356.125       3.7538318200545677E-021
   158489.312       4.7333968055674803E-021
   165958.688       6.1823162066716281E-021
   173780.078       8.1199985917361169E-021
   181970.078       1.0500574276144752E-020
   190546.078       1.3469352385057127E-020
   199526.234       1.7393641323021863E-020
   208929.609       2.2323960939288018E-020
   218776.156       2.7873832638165730E-020
   229086.766       3.4785641225641275E-020
   239883.297       4.2400668604839213E-020
   251188.641       5.0685457699418312E-020
   263026.812       5.9864116267117489E-020
   275422.875       7.0197076306833252E-020
   288403.156       8.1698859073995983E-020
   301995.188       9.4288647035075460E-020
   316227.781       1.0803791279435628E-019
   331131.125       1.2213113060276349E-019
   346736.844       1.3773684589135965E-019
   363078.062       1.5323184481529780E-019
   380189.406       1.6944259484371667E-019
   398107.156       1.8645180110047344E-019
   416869.375       2.0430416987670348E-019
   436515.844       2.2214421460041406E-019
   457088.188       2.4003320405283034E-019
   478630.094       2.5856927331170151E-019
   501187.219       2.7738199443910275E-019
   524807.438       2.9635558466760528E-019
   549540.875       3.1490565934971230E-019
   575439.938       3.3369788538773810E-019
   602559.562       3.5279168981806683E-019
   630957.375       3.7133650398978656E-019
   660693.438       3.9025944934132514E-019
   691831.000       4.0879499271073980E-019
   724435.938       4.2672213210534533E-019
   758577.562       4.4454934851366769E-019
   794328.250       4.6146918139031363E-019
   831763.750       4.7872154991545054E-019
   870963.562       4.9475780755167790E-019
   912010.812       5.0922113601404586E-019
   954992.562       5.2271202233796427E-019
   1000000.00       5.3490196813832108E-019
   1047128.56       5.4542570460961253E-019
   1096478.25       5.5308912520667403E-019
   1148153.62       5.5730256828205732E-019
   1202264.38       5.5636475937202034E-019
   1258925.38       5.4770489677256850E-019
   1318256.75       5.3244828535816026E-019
   1380384.25       5.0439579419592638E-019
   1445439.75       4.6277615867725393E-019
   1513561.25       4.1416808170206097E-019
   1584893.25       3.5852423529471470E-019
   1659586.88       2.9932017856547404E-019
   1737800.88       2.4489946907359370E-019
   1819700.88       1.9904059116738669E-019
   1905460.75       1.6027952437552540E-019
   1995262.38       1.2752654030646184E-019
   2089296.12       1.0119708506522451E-019
   2187761.50       8.1892069651079281E-020
   2290867.75       6.7460021376405481E-020
   2398833.00       5.5585312025388859E-020
   2511886.50       4.6257351254460619E-020
   2630268.00       3.8854800382550362E-020
   2754228.75       3.3047054405347051E-020
   2884031.50       2.8596471900084060E-020
   3019951.75       2.5100965516585739E-020
   3162277.75       2.2326666350298418E-020
   3311311.25       2.0222664064126656E-020
   3467368.50       1.8452939708523231E-020
   3630780.50       1.7162669455351635E-020
   3801894.00       1.6094297383992707E-020
   3981071.75       1.5311248389105517E-020
   4168693.75       1.4775695553828279E-020
   4365158.50       1.4431673632927454E-020
   4570882.00       1.4299999546196972E-020
   4786301.00       1.4314519945736173E-020
   5011872.50       1.4401559959640672E-020
   5248074.50       1.4598394953394216E-020
   5495408.50       1.4992653124215974E-020
   5754399.50       1.5407855761039732E-020
   6025596.00       1.5892135209957093E-020
   6309573.50       1.6399237872435883E-020
   6606934.50       1.6993868460708448E-020
   6918309.50       1.7696182180356373E-020
   7244359.50       1.8307472847593327E-020
   7585776.00       1.8892758257591027E-020
   7943282.50       1.9505182275750054E-020
   8317637.50       2.0096269099097486E-020
   8709636.00       2.0499626016121725E-020
   9120108.00       2.0800049572479414E-020
   9549926.00       2.0999964914972413E-020
   10000000.0       2.1099999330402526E-020
   10471285.0       2.1005742333393723E-020
   10964782.0       2.0814086539475817E-020
   11481536.0       2.0414770552147902E-020
   12022644.0       1.9881129369082728E-020
   12589254.0       1.9408954384066956E-020
   13182567.0       1.8720337905919842E-020
   13803843.0       1.8096156425727916E-020
   14454398.0       1.7445601446372937E-020
   15135612.0       1.6564387474337801E-020
   15848932.0       1.5857183996780535E-020
   16595869.0       1.5203614142521235E-020
   17378008.0       1.4616493536153200E-020
   18197008.0       1.4301121546161365E-020
   19054608.0       1.3730260897610665E-020
   19952624.0       1.3226320345540960E-020
   20892962.0       1.3001564395195727E-020
   21877616.0       1.3195523589040533E-020
   22908676.0       1.2996845479883282E-020
   23988330.0       1.2604243244944506E-020
   25118864.0       1.2193711613038922E-020
   26302680.0       1.1799106292228183E-020
   27542288.0       1.1383735023358491E-020
   28840316.0       1.0888480797316884E-020
   30199518.0       1.0500137381069331E-020
   31622776.0       1.0194229758944544E-020
   33113112.0       9.8172135539864892E-021
   34673684.0       9.4855924872428329E-021
   36307804.0       9.1586230175614421E-021
   38018940.0       8.8570539830799018E-021
   39810716.0       8.5784775730901701E-021
   41686940.0       8.3118561167510817E-021
   43651584.0       8.0660522287041943E-021
   45708820.0       7.8191179127753868E-021
   47863008.0       7.6036989614171149E-021
   50118724.0       7.3884397553158218E-021
   52480748.0       7.1916044282289537E-021
   54954088.0       7.0034890956819129E-021
   57543992.0       6.8173290061646725E-021
   60255960.0       6.6526740461088803E-021
   63095736.0       6.4902437744188081E-021
   66069344.0       6.3415329218721971E-021
   69183096.0       6.1908180621389257E-021
   72443600.0       6.0483803814989348E-021
   75857760.0       5.9215688859767497E-021
   79432824.0       5.7889635906437485E-021
   83176376.0       5.6707460036575678E-021
   87096360.0       5.5501118240208845E-021
   91201080.0       5.4399725225554802E-021
   95499256.0       5.3300191057648168E-021
   100000000.       5.2300000763667530E-021
