  0.10000000000000001        8.8212548141479505        4.1112135591871981E-003   5.1011741441597279E-002   2.7851316908484116E-008   3.1345029516461521E-012   5.1978218512685305E-003   2.5390426266491358E-004   2.3296262394436610E-011   8.5445441374449121E-006   6.0688187986549312E-024   4.3736623659895568E-003   6.0574736817351746E-002  0.66354440533892434       0.25049884125643213        8.8750410407133024E-002  0.52619509277238585        1.2971611311502550E-019   5.1308233015259870E-020   1.4197997221721405E-027   8.1483726522930543E-004   6.9012721416966847E-003   7.8877985296279141E-003   0.0000000000000000        0.0000000000000000        1.3581949500440198       0.37245672970658533        2.5759729274933336E-003  0.18872379950499452     
  0.13182567385564070        8.7014745178222661        4.7160413795577392E-003   6.7950142383408949E-002   4.8303511444791698E-008   4.7594194861721542E-012   6.8958740663197021E-003   2.9090061402230525E-004   3.5536164693662692E-011   1.1263898137120818E-005   1.8282725609683597E-023   5.0182058917171658E-003   7.9853055050331578E-002  0.88892004861198659       0.38592334225074676       0.15493917281322667       0.74621970811544802        5.0641068645038189E-019   2.0345093390914270E-019   7.1739936759234232E-027   1.6022634163139122E-003   9.0252860857661776E-003   1.0364304261061150E-002   0.0000000000000000        0.0000000000000000        1.9971654505518950       0.46943402832066355        4.4787239024419124E-003  0.27454530775676705     
  0.17378008287493754        8.5782610282897949        5.4046103407590250E-003   9.0388036362435323E-002   8.3539280007694885E-008   7.2078909328173027E-012   9.1408472447516240E-003   3.3316689928303668E-004   5.4178632290503032E-011   1.4848702357326024E-005   5.4919791872304847E-023   5.7526259423993885E-003  0.10526682792578902        1.1819108595933903       0.59509828672134701       0.27004808084534609        1.0574168238813439        1.9698896726380641E-018   8.0282897688888215E-019   3.5986192585883028E-026   3.1367629031042381E-003   1.1777445580880458E-002   1.3591492605233783E-002   0.0000000000000000        0.0000000000000000        2.9324519041861552       0.59063813945672139        7.7684089295479960E-003  0.39812236552968661     
  0.22908676527677729        8.4498977489471407        6.1876911300741385E-003  0.12009154298272484        1.4406487078706340E-007   1.0888302304489078E-011   1.2107760682531015E-002   3.8142229007628880E-004   8.2569610064829234E-011   1.9574390917677331E-005   1.6449037773912567E-022   6.5886878110681044E-003  0.13876870521514786        1.5549360172770537       0.91874370417018636       0.46994634215115860        1.4970359740297696        7.6323932460602331E-018   3.1523713838305280E-018   1.7908090444450163E-025   6.1121829211351082E-003   1.5333913299612882E-002   1.7787851353533311E-002   0.0000000000000000        0.0000000000000000        4.2990334983853966       0.74203624625163866        1.3442284359320596E-002  0.57504989085453073     
  0.30199517204020160        8.3129514865875223        7.0765564958745805E-003  0.15939177912830951        2.4770833736045221E-007   1.6403494501744870E-011   1.6027499023666732E-002   4.3645056807880336E-004   1.2581242716834272E-010   2.5804055902811205E-005   4.9116961807624370E-022   7.5388111198561947E-003  0.18293278063260435        2.0110837507644361        1.4205270304132174       0.81652677318175260        2.1167339638774538        2.9435549050037431E-017   1.2312533157818122E-017   8.8292010695217777E-025   1.1846940003247713E-002   1.9910499664263712E-002   2.3226861323305585E-002   0.0000000000000000        0.0000000000000000        6.2915609300293855       0.93107676607974765        2.3203315822923187E-002  0.82602677367682287     
  0.39810717055349720        8.1636075820922827        8.0831154806121422E-003  0.21136469345817990        4.2464960394269909E-007   2.4638641554673678E-011   2.1204605815797559E-002   4.9910669567696929E-004   1.9169880714882048E-010   3.4016344783274834E-005   1.4621428418378099E-021   8.6162385210723866E-003  0.24115237074947443        2.5362826940814753        2.2003379238028336        1.4163481262762141        2.9878153984887552        1.1292189728972178E-016   4.7816951034167268E-017   4.3066601384066726E-024   2.2825204614172968E-002   2.5769386996126561E-002   3.0248977190793423E-002   0.0000000000000000        0.0000000000000000        9.1896742064942618        1.1670794725142954        3.9953370969369094E-002   1.1776691322590713     
  0.52480746024977254        7.9949996490478510        9.2183331515742050E-003  0.28006988741309941        7.2589472501393034E-007   3.6872462277667016E-011   2.8040803271562192E-002   5.7026201910312044E-004   2.9216363680165057E-010   4.4842236300484322E-005   4.3396642315113651E-021   9.8334374069778095E-003  0.31790073764478893        3.0720671205822114        3.4155510240338507        2.4520140910326820        4.2062541865911500        4.3042966819003644E-016   1.8451688703049948E-016   2.0735739103369239E-023   4.3662997734076482E-002   3.3207487292297035E-002   3.9259100824161973E-002   0.0000000000000000        0.0000000000000000        13.392066755551852        1.4616400708966755        6.8625767906674184E-002   1.6603466656213741     
  0.69183097091893642        7.7966373748779292        1.0490457451638686E-002  0.37086512688902790        1.2378063581287734E-006   5.4911316562687749E-011   3.7065998010294324E-002   6.5073162300747567E-004   4.4556905528390381E-010   5.9113519819538611E-005   1.2847232685360857E-020   1.1200302594465701E-002  0.41907478958668465        3.4852376544128632        5.3152714508704504        4.2344136146303351        5.8968606375674231        1.6278030302124467E-015   7.0678916192462896E-016   9.8242020336839743E-023   8.2789791836703375E-002   4.2528345734858801E-002   5.0710728059411715E-002   0.0000000000000000        0.0000000000000000        19.461864085910037        1.8291094909846246       0.11760389982381239        2.3007975723120824     
  0.91201083935590965        7.5474447679519656        1.1897894912857419E-002  0.49082572233211608        2.1076491457571833E-006   8.1157911432730539E-011   4.8979348509452653E-002   7.4098451236398932E-004   6.8047064945797701E-010   7.7926702873739855E-005   3.7973289326271870E-020   1.2716806128095148E-002  0.55244816556508169        3.5127268091430288        8.2962872772357326        7.2852197266251970        8.2049958339270965        6.0900178284371686E-015   2.6820718376095163E-015   4.5516575538083220E-022  0.15506931546698910        5.3918239764093552E-002   6.5004485590292316E-002   0.0000000000000000        0.0000000000000000        28.178507884608344        2.2868219527635754       0.20114697564976855        3.0936848003671957     
   1.2022644346174127        7.1973544273376460        1.3407156938829804E-002  0.64931001512918474        3.5904351406693944E-006   1.1823565312754661E-010   6.4703956487561831E-002   8.4020758408298666E-004   1.0424955404233736E-009   1.0272725585668073E-004   1.1228017509129347E-019   1.4350091778769470E-002  0.72826851700994055        2.7478614750026846        12.997073228669413        12.447406839867927        11.235046828074294        2.2368568643442629E-014   1.0024858583979474E-014   2.0283150212172945E-021  0.28431987532320691        6.7014817450083003E-002   8.2098807784962688E-002   0.0000000000000000        0.0000000000000000        40.567448470775219        2.8541690753766256       0.34352208375040255        3.9051309628229731     
   1.5848931924611134        6.5864367694854735        1.4851978633219803E-002  0.85877661553326190        6.1250416063144561E-006   1.6581070752485486E-010   8.5462151473078896E-002   9.4188449148533044E-004   1.6117545722978366E-009   1.3542065993503148E-004   3.3245180329103019E-019   1.5929283784640164E-002  0.96004488021425860        1.0177812108004296        20.472706402154145        20.884424244957163        14.698298723416906        7.8141747414749468E-014   3.5935365166187539E-014   8.1093821856367817E-021  0.49144188878440054        7.8966114988298822E-002   9.9649555453999727E-002   0.0000000000000000        0.0000000000000000        57.709065933831930        3.5445998655702953       0.58423121902425590        4.0951709513531673     
   2.0892961308540392        4.7202101621627808        1.4918729627760726E-002   1.1367449134175160        9.6435840122667818E-006   1.8659786510935809E-010  0.11291735212417157        9.8535053954569465E-004   2.6373335795346032E-009   1.7851868484335066E-004   9.0913487621741456E-019   1.6082598852149771E-002   1.2655856328770183        1.5325787364126894E-003   32.829512095981890        31.461998289896968        14.608768894848055        1.8572434772301101E-013   8.8310518332109355E-014   1.3598961304143345E-020   2.9035127761119939        6.8250035570230141E-002   9.5939435426574432E-002   0.0000000000000000        0.0000000000000000        77.836249990857908        4.2684451806027184       0.90662805205546626        1.0418488402834727     
   2.7542287033381663        2.7548024177551271        1.3913802470010690E-002   1.5042741006552658        1.2940155429914785E-005   1.6744015003506981E-010  0.14918831976383759        9.6468557192982843E-004   4.5622753342875883E-009   2.3533237386900771E-004   2.1204900304303224E-018   1.5113820415809526E-002   1.6683667887719038        5.3006310099647801E-011   53.467686195650153        42.749941390582215        11.579656690168045        2.9123721203049441E-013   9.8717406382687931E-014   7.0441581277162662E-021   1.2410085497686043        4.6275046910906774E-002   7.6568778673671470E-002   0.0000000000000000        0.0000000000000000        102.91484774314915        5.0451507121544559        1.2122112370313105        1.1155974672622070E-002
   3.6307805477010131        1.2722828345298764        1.2022454059650549E-002   1.9893424361325007        1.5330154944660882E-005   1.1179764186510049E-010  0.19707206780473460        8.6814332159430472E-004   8.4804986745119455E-009   3.1022602182799068E-004   4.3706773310669759E-018   1.3200823403072845E-002   2.1993357616283693        2.2316602157590803E-032   87.719041916739030        49.685705351507977        7.1484901377697270        3.0116682492408442E-013   6.1929708361959967E-016   5.2174928154666364E-022  0.23506009281605530        2.4256230346400232E-002   4.9480018075301717E-002   0.0000000000000000        0.0000000000000000        137.54759407905590        5.8840012406047704        1.4296384617021958        4.1399771737740355E-009
   4.7863009232263831       0.66066184890270252        1.0941853425802818E-002   2.6273728524111570        1.9232548067935028E-005   8.0097007103115583E-011  0.26013460265275923        8.0141447323947134E-004   1.5450201132717136E-008   4.0895327299403177E-004   9.5364436970813148E-018   1.2152221172036322E-002   2.8992891880590941        2.0008276878211738E-069   139.49750524448933        56.383365165123173        5.0612851933653333        3.8164718987391797E-013   6.1062423969949232E-034   1.7130049105798021E-023   7.1806919707863306E-002   1.4971200247842518E-002   3.5648400748064663E-002   0.0000000000000000        0.0000000000000000        192.23839644420815        7.0398191094699456        1.7860550284836940        8.5186153185173275E-021
   6.3095734448019316       0.40994635853171341        1.0635704156155980E-002   3.4673384302405661        2.6355704606871727E-005   6.8529051304164622E-011  0.34320074271826007        7.7992014044164142E-004   2.6935581183278017E-008   5.3909883960794448E-004   2.2716026565002593E-017   1.1954723136205565E-002   3.8220075086646377        1.0933194737677360E-116   214.57746015844720        65.623849417312812        4.3616011258683010        6.5959372940511466E-013   4.4462505298131418E-115   5.2418777947645168E-025   3.8279361518435730E-002   1.1485329074685779E-002   3.0203573686778312E-002   0.0000000000000000        0.0000000000000000        273.56918348607013        8.6336984365296701        2.4397872272859775        6.2159877694152373E-036
   8.3176377110267090       0.28598632828891279        1.0769192750280170E-002   4.5740865708029785        3.8281247072056616E-005   6.6620599395408426E-011  0.45266778591366186        7.8704078610149458E-004   4.5551486480209591E-008   7.1066063461479908E-004   5.7332397591747493E-017   1.2266894170996462E-002   5.0383871527471662        9.6822639431956638E-171   322.74029222139342        77.646464981455196        4.2709288352470507        1.3981673116214180E-012   0.0000000000000000        1.6139366389995642E-026   2.5991365228386812E-002   1.0120037322993719E-002   2.8469830827539455E-002   0.0000000000000000        0.0000000000000000        390.43663581142562        10.750093110024396        3.5352267971035474        2.3978112317148225E-053
   10.964781961431852       0.21472037490084767        1.1174437272255431E-002   6.0328281534030319        5.7671780063908051E-005   7.0401051434013825E-011  0.59695731578495681        8.1256515614319073E-004   7.5574025574129305E-008   9.3681764498924273E-004   1.5004983566683386E-016   1.2923820073387864E-002   6.6418878151765153        4.0808582150598530E-230   478.11658697473825        92.391735688626383        4.5322003206691894        3.3685719380215503E-012   0.0000000000000000        4.7776503892996719E-028   2.0055664691530056E-002   9.7129890051760558E-003   2.8697845715037237E-002   0.0000000000000000        0.0000000000000000        556.26803255027630        13.514606889265483        5.3161249317297088        1.5706415924804131E-072
   14.454397707459281       0.16921789905056356        1.1773586458410949E-002   7.9557476017156352        8.9003705944174050E-005   7.8682699091495256E-011  0.78716282722802444        8.5134641297107271E-004   1.2385929334516632E-007   1.2349419400245951E-003   4.0222325852773978E-016   1.3859874811406617E-002   8.7557133692269282        3.2112938803054979E-294   700.49175694654480        109.75366767015187        5.0753527999448531        8.8302511957233144E-012   0.0000000000000000        1.2926062183008727E-029   1.7055939736656516E-002   9.8579097929486371E-003   3.0241564952909989E-002   0.0000000000000000        0.0000000000000000        790.08073721776157        17.103868206159806        8.1928436047616504        2.8146075334056754E-093
   19.054607179632484       0.13794067448005082        1.2528226027146311E-002   10.490665557779595        1.3968579437915337E-004   9.1442127153757059E-011   1.0379042970913723        9.0069731143130186E-004   2.0138277855873479E-007   1.6279324298896960E-003   1.0963290963676426E-015   1.5056855768467308E-002   11.542278149798305        0.0000000000000000        1017.3617785633226        129.52660198224206        5.9068882402355571        2.4547589701069486E-011   0.0000000000000000        3.0668161493499784E-031   1.5257363867912183E-002   1.0400088466084773E-002   3.2874988997285089E-002   0.0000000000000000        0.0000000000000000        1118.2533840863236        21.755085921106264        12.845029008021974        1.6491637571942575E-115
   25.118864315095820       0.11525998353445902        1.3417902996818529E-002   13.832412477832714        2.2194221887686705E-004   1.0929257582843840E-010   1.3684525737478934        9.5911009563705177E-004   3.2574139583236857E-007   2.1459726285397379E-003   3.0248826580838094E-015   1.6522985720995319E-002   15.215685949110817        0.0000000000000000        1466.7646518727270        151.35393136493443        7.0790244455611475        7.1231861120976073E-011   0.0000000000000000        6.1813554560800861E-033   1.4135616720613474E-002   1.1286571221614963E-002   3.6564493736643611E-002   0.0000000000000000        0.0000000000000000        1577.0828129137126        27.781710427672007        20.394815038672345        3.3240131161352751E-139
   33.113112148259148        9.8142585487104958E-002   1.4430492924874097E-002   18.237801936352970        3.5596234638209215E-004   1.3332063465491038E-010   1.8042105379283049        1.0256421164176899E-003   5.2522159543701103E-007   2.8288470673479660E-003   8.4237878787249641E-015   1.8284982108639752E-002   20.058180534015332        0.0000000000000000        2101.1160333314133        174.70405404572594        8.6848080505575460        2.1355304537119238E-010   0.0000000000000000        1.0337331110491405E-034   1.3425242922069414E-002   1.2515140454829089E-002   4.1387637301710918E-002   0.0000000000000000        0.0000000000000000        2216.2790893333563        35.595711534599353        32.697089398795349        2.3121582803132397E-164
   43.651583224016655        8.4822687111562114E-002   1.5557336496096695E-002   24.045359231010881        5.7516239285461629E-004   1.6505181652155793E-010   2.3786651648592181        1.0995940957744471E-003   8.4544725147991031E-007   3.7289936383918731E-003   2.3631243357495524E-014   2.0385924230263017E-002   26.441831651247679        0.0000000000000000        2992.4143572241796        198.87937102970446        10.864859034583015        6.5688063149085825E-010   0.0000000000000000        1.4109988757178139E-036   1.2950743599727747E-002   1.4115550082168461E-002   4.7504963733009269E-002   0.0000000000000000        0.0000000000000000        3103.6691578104064        45.737719223217375        52.825444165502645        5.5407850574917011E-191
   57.543993733715780        7.4207112901611250E-002   1.6790366304242580E-002   31.701321490916449        9.3498336141189359E-004   2.0646017498771663E-010   3.1359606129675721        1.1803167001308613E-003   1.3603164699837397E-006   4.9155251921140387E-003   6.6688873357760637E-014   2.2886208196487477E-002   34.857122753611215        0.0000000000000000        4239.3300144174100        223.05647044540319        13.822444840961419        2.0630302370776117E-009   0.0000000000000000        1.5563045330143481E-038   1.2600594082126116E-002   1.6143112218175205E-002   5.5154245728948267E-002   0.0000000000000000        0.0000000000000000        4331.4880275200931        58.917149190394028        85.886970525855077        4.6513765746766057E-219
   75.857757502918517        6.5584403553337306E-002   1.8120122246005715E-002   41.793904407239374        1.5276279645725318E-003   2.5998477021315236E-010   4.1342900932971727        1.2670770015797161E-003   2.1901317612182121E-006   6.4795273178022209E-003   1.8914030930654358E-013   2.5866726565387653E-002   45.950636955713279        0.0000000000000000        5976.9198681411717        246.35349484693029        17.847509829724412        6.5923719602893475E-009   0.0000000000000000        1.3814624181177818E-040   1.2314245986825952E-002   1.8678002203418097E-002   6.4656676286980949E-002   0.0000000000000000        0.0000000000000000        6024.7590273851056        76.065364454529188        140.39186138771495        1.4363022700552270E-248
   100.00000000000020        5.8471847761946263E-002   1.9534177733880557E-002   55.098462943003518        2.5067894438909198E-003   3.2853238544226589E-010   5.4503671535287781        1.3589538767878203E-003   3.5319136551650305E-006   8.5410357912346808E-003   5.3872673289333272E-013   2.9434167401903057E-002   60.574736807030753        0.0000000000000000        8390.0109508053720        267.91248301507511        23.352282621998224        2.1377981831433223E-008   0.0000000000000000        9.8817076831317764E-043   1.2058510258573631E-002   2.1827826958797723E-002   7.6431196592092632E-002   0.0000000000000000        0.0000000000000000        8352.4180135397492        98.406006673790188        230.56187730355327        1.7803444161050329E-279
   131.82567385564101        5.2530312168833908E-002   2.1015830645033970E-002   72.637006026429333        4.1292233295778420E-003   4.1546159411785660E-010   7.1853199248444080        1.4547529986969781E-003   5.7105573997292312E-006   1.1258223397161359E-002   1.5401924244376647E-012   3.3728807040892310E-002   79.853054981576634        0.0000000000000000        11731.773284457313        286.98449572725639        30.922958815269290        7.0213616885361340E-008   0.0000000000000000        5.7317639078174235E-045   1.1815486914585005E-002   2.5732676187732628E-002   9.1016215299741673E-002   0.0000000000000000        0.0000000000000000        11542.027797742394        127.54803672018464        380.23310836294945        0.0000000000000000     
   173.78008287493799        4.7514440840110181E-002   2.2543073060006052E-002   95.756621083825962        6.8247595896662253E-003   5.2456464024376267E-010   9.4724612052745396        1.5529423633751918E-003   9.2660209594995413E-006   1.4839490815247701E-002   4.4180175214366137E-012   3.8935506238628945E-002   105.26682782370322        0.0000000000000000        16349.706325244320        303.00465599641120        41.394096498599147        2.3320289927415701E-007   0.0000000000000000        2.7251984669586765E-047   1.1576210418273499E-002   3.0572548196720419E-002  0.10909931329209170        0.0000000000000000        0.0000000000000000        15899.171421492982        165.60884277418191        629.47599889728406        0.0000000000000000     
   229.08676527677795        4.3242325012994111E-002   2.4087984969637030E-002   126.23280529759654        1.1314425643871501E-002   6.6009359871395258E-010   12.487531373452869        1.6516179164710412E-003   1.5103444062931120E-005   1.9559370307498526E-002   1.2711313998301559E-011   4.5298973193606595E-002   138.76870512522328        0.0000000000000000        22722.379420439316        315.64850900013204        55.955245877839708        7.8228841601052822E-007   0.0000000000000000        1.0782928842030578E-049   1.1337407031564193E-002   3.6577467357097250E-002  0.13155660187684132        0.0000000000000000        0.0000000000000000        21832.918716511995        215.37716443450441        1045.8664146001506        0.0000000000000000     
   301.99517204020253        3.9576357696201728E-002   2.5616793901509415E-002   166.40559398170032        1.8810109601620245E-002   8.2690527386713545E-010   16.462201122664574        1.7485149537310512E-003   2.4754261927491063E-005   2.5779427644980035E-002   3.6674067764474709E-011   5.3144736500220502E-002   182.93278063242337        0.0000000000000000        31512.054174681343        324.86608535342981        76.303249580597210        2.6477771611111205E-006   0.0000000000000000        3.6207052740426565E-052   1.1100070431597072E-002   4.4040943298898842E-002  0.15950442462149769        0.0000000000000000        0.0000000000000000        29889.151709701793        280.52869811843476        1743.7573727757115        0.0000000000000000     
   398.10717055349858        3.6410784994754065E-002   2.7090907535018589E-002   219.35886188371978        3.1352713516020279E-002   1.0308091151163409E-009   21.701871467801105        1.8410848884393817E-003   4.0834801108183190E-005   3.3975701822676771E-002   1.0608453350485983E-010   6.2907694246134738E-002   241.15237077097638        0.0000000000000000        43641.337094816976        330.89683626240031        104.85918004056420        9.0347275387307445E-006   0.0000000000000000        1.0572721923024427E-054   1.0869241566724334E-002   5.3337849859617398E-002  0.19436757200864768        0.0000000000000000        0.0000000000000000        40794.044555906745        365.91129720784232        2917.3954758973928        0.0000000000000000     
   524.80746024977441        3.3663369401110678E-002   2.8469190786261318E-002   289.15643114781278        5.2386061463458741E-002   1.2791795237400513E-009   28.609138670135234        1.9266538752697861E-003   6.7858784034622652E-005   4.4774669674912004E-002   3.0761457886571221E-010   7.5170514336443117E-002   317.90073778553648        0.0000000000000000        60407.109000933218        334.27140454894629        145.07667730132843        3.1057570193796880E-005   0.0000000000000000        2.7676039415381893E-057   1.0654599587400058E-002   6.4948333982303444E-002  0.23797012976358489        0.0000000000000000        0.0000000000000000        55510.684354717727        477.92188831405377        4898.1641512375345        0.0000000000000000     
   691.83097091893910        3.1269668266691489E-002   2.9711591993742275E-002   381.15288214534354        8.7733188725014774E-002   1.5818481508588977E-009   37.714726992331052        2.0026681196115043E-003   1.1368738179174119E-004   5.9000277444599250E-002   8.9407941537987169E-010   9.0714537557953029E-002   419.07478977523800        0.0000000000000000        83653.945181562260        335.81004962363306        201.88021101586142        1.0749598490003581E-004   0.0000000000000000        6.7451560273285896E-060   1.0471699330839889E-002   7.9490221882646636E-002  0.29265825871291251        0.0000000000000000        0.0000000000000000        75312.784939842400        625.00392179316009        8254.2287996077594        0.0000000000000000     
   912.01083935591339        2.9179010555872083E-002   3.0783867521985135E-002   502.40252582691016       0.14726142690539190        1.9522521453580494E-009   49.718266024661894        2.0670068043002507E-003   1.9213107168472587E-004   7.7735249977649926E-002   2.6044963996370546E-009  0.11058612430393530        552.44816557970910        0.0000000000000000        116045.19496533145        336.62981798719505        282.29060731207858        3.7444866576082450E-004   0.0000000000000000        1.6051460690321205E-062   1.0343830448453772E-002   9.7763643084404730E-002  0.36146890251918873        0.0000000000000000        0.0000000000000000        101880.82799431619        818.30280405144197        13965.453906124252        0.0000000000000000     
   1202.2644346174179        2.7351602862782778E-002   3.1662673329186902E-002   662.19722927979444       0.24773048229158881        2.4088154881306925E-009   65.542045749754010        2.1183121668874056E-003   3.2763301074604796E-004  0.10240065800517321        7.6036567029092384E-009  0.13618164350124751        728.26851697962775        0.0000000000000000        161498.91282500111        338.17743969130288        396.32819438987883        1.3122533776150037E-003   0.0000000000000000        3.9603577250616894E-065   1.0304725999908238E-002  0.12081348043771906       0.44836550990027035        0.0000000000000000        0.0000000000000000        137427.93214103230        1072.5280241948838        23733.538092248342        0.0000000000000000     
   1584.8931924611206        2.5756401624257252E-002   3.2339876364077633E-002   872.77314457003411       0.41767979656230486        2.9765954108126614E-009   86.401879688594221        2.1562601733271665E-003   5.6370511575421780E-004  0.13485854453425802        2.2245900305147537E-008  0.16935468107166282        960.04487998829040        0.0000000000000000        225909.59749947299        342.31525592165713        558.34689249600149        4.6255639247040192E-003   0.0000000000000000        1.0925452984603632E-067   1.0402814136175460E-002  0.15001804990954093       0.55857236584493253        0.0000000000000000        0.0000000000000000        184865.45449352585        1407.0856282359941        40538.441170012717        0.0000000000000000     
   2089.2961308540494        2.4369523066146030E-002   3.2824885547966157E-002   1150.2384135358509       0.70584565712374669        3.6893227152843698E-009   113.90052093473966        2.1816937478050828E-003   9.7809339392699712E-004  0.17754316386287339        6.5220666699970483E-008  0.21254974315864461        1265.5856323641340        0.0000000000000000        318378.55497993296        351.51014563105866        789.08126071630227        1.6397391296258248E-002   0.0000000000000000        3.7023444736047450E-070   1.0708632105421289E-002  0.18721664574159078       0.69905499812937677        0.0000000000000000        0.0000000000000000        248021.86063835994        1847.5646982234016        69650.631411288647       -0.0000000000000000     
   2754.2287033381804        2.3173050412943205E-002   3.3144302794944472E-002   1515.7892081724524        1.1957151642019352        4.5920812136974129E-009   150.15080870501467        2.1965748808304856E-003   1.7099001443402033E-003  0.23362684458363953        1.9160378877489131E-007  0.26896772225941445        1668.3667880835467        0.0000000000000000        453373.45158184780        369.22233648496501        1118.9638109018972        5.8456572605898746E-002   0.0000000000000000        1.7294851890010448E-072   1.1328803909708345E-002  0.23489516842271274       0.87921873689571384        0.0000000000000000        0.0000000000000000        331932.80729296716        2427.6881090558663        120502.32119011041       -0.0000000000000000     
   3630.7805477010324        2.2154152141490614E-002   3.3339104485104305E-002   1997.3006084385231        2.0308011032154591        5.7449923510094800E-009   197.93800725491661        2.2037704966891909E-003   3.0076511032299160E-003  0.30722628705475041        5.6399241612794807E-007  0.34276916203654390        2199.3357607748526        0.0000000000000000        654631.81693571387        400.69010858503532        1593.8750134176373       0.20958824594174016        0.0000000000000000        1.2788533938894454E-074   1.2433576211241859E-002  0.29645953173887585        1.1119365671865649        0.0000000000000000        0.0000000000000000        443225.81520654610        3191.8725227495784        210210.32063348376       -0.0000000000000000     
   4786.3009232264094        2.1304448046772687E-002   3.3460401624543147E-002   2631.4022290637440        3.4587402522344193        7.2283955019544927E-009   260.93381028028904        2.2067355232531565E-003   5.3132788432278906E-003  0.40365378095955817        1.6631895381015645E-006  0.43932091810735446        2899.2891869856494        0.0000000000000000        962430.11728755489        454.52730998791941        2285.8357700856618       0.75585254600969443        0.0000000000000000        1.7591605158588773E-076   1.4312778998559561E-002  0.37664324875405197        1.4150794978771366        0.0000000000000000        0.0000000000000000        590629.80405401485        4198.5866594997869        370344.64376774983       -0.0000000000000000     
   6309.5734448019684        2.0619554067107391E-002   3.3565114423522086E-002   3466.1760659566876        5.9086069676482813        9.1501539184661507E-009   343.97845360389977        2.2091599101156712E-003   9.4058380483688624E-003  0.52971502410449056        4.9127899198627015E-006  0.56548929843812834        3822.0075077702177        0.0000000000000000        1447532.8901982536        546.07331036033179        3314.1597991639492        2.7423869309452322        0.0000000000000000        5.4007149717316194E-078   1.7493748720876647E-002  0.48212168848979509        1.8138193161975233        0.0000000000000000        0.0000000000000000        785648.90150154126        5524.7517601400286        660224.51113337197       -0.0000000000000000     
   8317.6377110267604        2.0098722309743151E-002   3.3712546171722063E-002   4564.6443986170025        10.127107074247075        1.1655892371580788E-008   453.45261204905296        2.2145890978855043E-003   1.6640457663990842E-002  0.69405119685391548        1.4531229866466026E-005  0.72997833212352303        5038.3871519498189        0.0000000000000000        2238771.5405389722        704.74483082815584        4889.2762732283745        10.012163463942079        0.0000000000000000        4.5024030980391343E-079   2.3001974890369446E-002  0.62244533171417893        2.3441204192438572        0.0000000000000000        0.0000000000000000        1043452.3300679768        7271.4953900391474        1193654.7116802973       -0.0000000000000000     
   10964.781961431918        1.9744486965374786E-002   3.3962169124568987E-002   6009.2449046499005        17.419533429373768        1.4943208620702849E-008   597.76765494268125        2.2259042430986622E-003   2.9330958040496735E-002  0.90751924166372289        4.3018792003778946E-005  0.94370731503139049        6641.8878145246972        0.0000000000000000        3579169.9062449876        991.09349905991292        7406.2329800304360        36.786070371517951        0.0000000000000000        1.2426096804859737E-079   3.2971300772579086E-002  0.81146402558300390        3.0580557995513136        0.0000000000000000        0.0000000000000000        1384048.9007649678        9571.6503746775252        2193987.3390025413       -0.0000000000000000     
   14454.397707459368        1.9562258677563022E-002   3.4372385684183902E-002   7907.5097230555730        30.077549629104858        1.9281227797172146E-008   788.01192920956032        2.2443234002925724E-003   5.1334747670921908E-002   1.1836036787072133        1.2737221202817686E-004   1.2202203877916897        8755.7133682324275        0.0000000000000000        5943312.4088525744        1538.8751981866910        11647.409677431870        136.00196662116610        0.0000000000000000        1.3620194314146541E-079   5.2166628563190397E-002   1.0695038774769694        4.0319074163757547        0.0000000000000000        0.0000000000000000        1833836.8976553753        12599.483522290124        4110203.3926148573       -0.0000000000000000     
   19054.607179632600        1.9559887398477485E-002   3.4999873610155871E-002   10399.157408490659        52.140372920934738        2.5037314417777778E-008   1038.8027272065385        2.2671380148367448E-003   8.8900335219508062E-002   1.5388567226222263        3.7675371001054018E-004   1.5761237342472190        11542.278148550695        0.0000000000000000        10288893.106842948        2665.5653599313255        19225.065764936946        505.67826416922060        0.0000000000000000        6.8440754122326550E-079   9.2049299209033653E-002   1.4266971120592336        5.3785095464026362        0.0000000000000000        0.0000000000000000        2427649.4757813797        16583.237555387121        7867063.4691450866       -0.0000000000000000     
   25118.864315095976        1.9747322627811165E-002   3.5899389655110178E-002   13664.737855651378        90.750254366983725        3.2713288273929048E-008   1369.4094012859871        2.2825570273248413E-003  0.15182536659678969        1.9933616589963115        1.1113427584369480E-003   2.0315436056787464        15215.685947618014        0.0000000000000000        18607413.220245585        5181.4563112125434        33549.339301448359        1888.4943484747309        0.0000000000000000        1.7125651256219220E-077  0.18241525218489868        1.9280918116204393        7.2661017193787671        0.0000000000000000        0.0000000000000000        3211454.3405565619        21821.158138464656        15414766.160461325       -0.0000000000000000     
   33113.112148259344        2.0136576851459038E-002   3.7124386402952181E-002   17935.778816140646        158.56420579815435        4.2993785371656784E-008   1805.2339208495303        2.2592321178014929E-003  0.25493714947479212        2.5711747314178810        3.2604061405413446E-003   2.6105583499386347        20058.180532205006        0.0000000000000000        35150576.655367061        11307.526212246485        61944.784700848686        7066.7313890259857        0.0000000000000000        2.1470466901868444E-075  0.40716156961967098        2.6415578368983703        9.9473387140594980        0.0000000000000000        0.0000000000000000        4245917.6121084038        28701.722139948637        30956289.007855620       -0.0000000000000000     
   43651.583224016918        2.0742171075779650E-002   3.8729181780798767E-002   23505.961455678156        278.03335291390249        5.6808426428584972E-008   2379.7626273751434        2.1317570360805090E-003  0.41980848990775060        3.3005580908556613        9.4725025031393677E-003   3.3414190296725406        26441.831649819924        0.0000000000000000        69195103.593018994        27554.169664035431        120272.51740026062        26384.638397194503        0.0000000000000000        1.2514899087316044E-072   1.0223655638181279        3.6701923123197031        13.804530261704674        0.0000000000000000        0.0000000000000000        5611109.7263140967        37728.719820205100        63720494.329331972       -0.0000000000000000     
   57543.993733716139        2.1582077304792391E-002   4.0773859981888164E-002   30742.027260498209        488.95689394254822        7.5405149594441056E-008   3137.1391236806076        1.8062223512104378E-003  0.67632636397896628        4.2134991807326649        2.7059960535417944E-002   4.2560792630657636        34857.122752146250        0.0000000000000000        141316705.68404645        74181.932980413840        243006.93593967037        97580.105214808587        0.0000000000000000        2.9241875374437652E-069   2.8756025117320005        5.1721942441643556        19.421639177542815        0.0000000000000000        0.0000000000000000        7412721.5483359909        49551.565462695558        134269227.37071517       -0.0000000000000000     
   75857.757502918976        2.2678934113165267E-002   4.3335220894618325E-002   40091.636032351322        861.70020824428605        1.0042344812399793E-007   4135.5559265688980        1.2441089356762583E-003   1.0629869734637947        5.3436459461348296        7.5084530404053135E-002   5.3882252759651239        45950.636954738620        0.0000000000000000        297623886.45353383        217435.92045706583        505148.24578194111        353038.05148671888        0.0000000000000000        2.2255717004153499E-065   9.0149003158658250        7.3938744279682496        27.703103906179397        0.0000000000000000        0.0000000000000000        9790278.5286585633        65000.561028030184        288844270.39591527       -0.0000000000000000     
   100000.00000000081        2.4061078980590084E-002   4.6527836132655348E-002   52082.961967248018        1520.0011017688198        1.3395457721886533E-007   5451.7255160546529        5.9187740249848787E-004   1.6236917805455995        6.7223351681524921       0.19854075718899258        6.7694548816876461        60574.736806553847        0.0000000000000000        641779229.41053474        681873.25150663848        1069674.2088949035        1225383.0144555536        0.0000000000000000        4.2930250985732341E-061   31.436637871558442        10.727021289310343        40.079190633696406        0.0000000000000000        0.0000000000000000        12927998.361542372        85125.634513035591        631743110.23799372       -0.0000000000000000     
