  0.10000000000000001        7.7417062835693358        3.8905703678080413E-003   5.1232387292204459E-002   2.6508221027073187E-008   2.8024520567389637E-012   5.2059280651699739E-003   2.4579805163797729E-004   2.3939027869290527E-011   8.5445434879864520E-006   5.7767327850484863E-024   4.1449129629340048E-003   6.0574736793262508E-002  0.10505352366480228       0.26730556543781359        8.4295214315309758E-002  0.93871737205421646        1.0488270066837483E-019   4.3615242331270918E-020   9.2919132424730023E-028   6.7346791960848070E-004   6.1762074012140875E-003   7.3822185687836559E-003   0.0000000000000000        0.0000000000000000        1.3857835969566261       0.14932082759849019        1.8652002232536853E-003  0.12781752534728372     
  0.13182567385564070        7.6669389648437498        4.4701791264490200E-003   6.8196008871234365E-002   4.6151309157102374E-008   4.2662197910006036E-012   6.9049264530633096E-003   2.8184823583382351E-004   3.6484731353638779E-011   1.1263897131669077E-005   1.7470067313738923E-023   4.7632912594145127E-003   7.9853054989198841E-002  0.14602830390721355       0.41133324461282678       0.14730135952023571        1.3337706777228526        4.1308701538435115E-019   1.7399271956864750E-019   4.7730644803079319E-027   1.3347772799586917E-003   8.1175841371723609E-003   9.7347014346928183E-003   0.0000000000000000        0.0000000000000000        2.0372534904064690       0.20427622353774552        3.2473485133295483E-003  0.18755814718549513     
  0.17378008287493754        7.5761500778198236        5.1280269510085037E-003   9.0664626477076321E-002   8.0122344618616257E-008   6.4696168158932761E-012   9.1510864214566414E-003   3.2292773547220314E-004   5.5598789875722465E-011   1.4848700870912997E-005   5.2680083611801561E-023   5.4658033873516195E-003  0.10526682782970290       0.19643367126663791       0.63361804598052751       0.25683938516806093        1.8897396886600668        1.6177796007646660E-018   6.8976962472848998E-019   2.4238848864873215E-026   2.6281148233464439E-003   1.0625421328948446E-002   1.2793683038607936E-002   0.0000000000000000        0.0000000000000000        2.9898450891927575       0.27971512393895515        5.6376553868938408E-003  0.27269889158808136     
  0.22908676527677729        7.4655249633789058        5.8724324804255599E-003  0.12040681221392653        1.3869627538651046E-007   9.7703941618723976E-012   1.2119533387982525E-002   3.6964961308271366E-004   8.4734646298968556E-011   1.9574388628716918E-005   1.5838353363000994E-022   6.2616564821369900E-003  0.13876870508796810       0.25316114589851024       0.97731763709846331       0.44681316072356475        2.6682725001886416        6.2949051823525832E-018   2.7160472798546294E-018   1.2148190305018076E-025   5.1363954029709519E-003   1.3842691733807531E-002   1.6750632905435651E-002   0.0000000000000000        0.0000000000000000        4.3794132173394642       0.38332932239307688        9.7590978870729945E-003  0.39188562572350949     
  0.30199517204020160        7.3259084396362297        6.7098602235404975E-003  0.15975849195934494        2.3933914246169890E-007   1.4678966255026984E-011   1.6041361025927132E-002   4.2258862280358588E-004   1.2919979742022102E-010   2.5804052366242211E-005   4.7465553083685661E-022   7.1582528987103261E-003  0.18293278050990108       0.30531996510894555        1.5099817400821007       0.77518732913876076        3.7490658668864318        2.4288418093920825E-017   1.0606879637539927E-017   5.9841526842940752E-025   9.9429540261419935E-003   1.7920380660870150E-002   2.1823533902302912E-002   0.0000000000000000        0.0000000000000000        6.3999171189246757       0.52564962304155494        1.6840640550604150E-002  0.55343664392759695     
  0.39810717055349720        7.1470009269714350        7.6447924269841287E-003  0.21180304216013979        4.1165530628491519E-007   2.1909914392649115E-011   2.1221437939554381E-002   4.8227464386695084E-004   1.9717852855189218E-010   3.4016339188659996E-005   1.4176940474891529E-021   8.1610834100397395E-003  0.24115237048115784       0.33408981167070378        2.3377474528858357        1.3404223705604696        5.2322029344888081        9.2719160683019656E-017   4.1008410039136341E-017   2.8831619973384742E-024   1.9014944532354364E-002   2.3006520015307855E-002   2.8251499696084811E-002   0.0000000000000000        0.0000000000000000        9.3263144753515110       0.72106174316836746        2.8965337523102888E-002  0.76226319919145269     
  0.52480746024977254        6.9074403343200679        8.6731305364218473E-003  0.28061513054258352        7.0536372595423849E-007   3.2390744641022233E-011   2.8062152052193125E-002   5.4891332840940421E-004   3.0145701248151416E-010   4.4842226832893203E-005   4.2180260790798311E-021   9.2668860916641435E-003  0.31790073718705980       0.31031196884596157        3.6285505585552422        2.3068405908802534        7.2248914509916862        3.4847690627968208E-016   1.5631532295367812E-016   1.3443189556636087E-023   3.5721862100688617E-002   2.9162891931521606E-002   3.6222791382209796E-002   0.0000000000000000        0.0000000000000000        13.540304464142265       0.98894555472921952        4.9631568175820324E-002   1.0072574013057134     
  0.69183097091893642        6.5732761955261232        9.7744515653938047E-003  0.37158120207870943        1.2027247020284749E-006   4.7168422538282579E-011   3.7094705496485150E-002   6.2202426118294451E-004   4.6237195513226913E-010   5.9113502802866882E-005   1.2487504430361190E-020   1.0455589329379615E-002  0.41907478885117538       0.21590129657677720        5.6503315918088628        3.9411015951321247        9.8045252239961638        1.2782167657195812E-015   5.8284285957982615E-016   5.9493403876695321E-023   6.5242070246658401E-002   3.6220930005090142E-002   4.5738557503758825E-002   0.0000000000000000        0.0000000000000000        19.556596190520327        1.3549009784930179        8.4627421072319381E-002   1.2377098692372694     
  0.91201083935590965        6.0899588851928712        1.0893829607180753E-002  0.49182993445072265        2.0336088413096254E-006   6.6961661174478709E-011   4.9020789254723363E-002   6.9954391911809235E-004   7.1338753313798680E-010   7.7926669627956301E-005   3.6657849873961464E-020   1.1671300195926802E-002  0.55244816444942757        8.6958434931018083E-002   8.8361746440369977        6.6514545628675306        12.913783877744281        4.4958871175699119E-015   2.0896532851818353E-015   2.4010840158465895E-022  0.11342756507544717        4.3462253461339841E-002   5.6283288269723238E-002   0.0000000000000000        0.0000000000000000        28.031086283608779        1.8513207187021152       0.14309099282624252        1.3243517889038541     
   1.2022644346174127        5.2356659755706794        1.1782128347674434E-002  0.65093554952485722        3.3366495942489092E-006   8.9208915183799838E-011   6.4774008195170735E-002   7.7015606808366862E-004   1.1198669369308630E-009   1.0272717796703955E-004   1.0443277062185238E-019   1.2655011593725141E-002  0.72826851543497451        6.2865720789541685E-003   13.927603105273688        10.857504281595949        15.660394820290243        1.3976640131384937E-014   6.6272353924154661E-015   7.3334500687074548E-022  0.77444646481717383        4.7450236036485183E-002   6.4536435938389952E-002   0.0000000000000000        0.0000000000000000        39.506285983744320        2.5068251884360624       0.23477696076836774       0.91007660505766053     
   1.5848931924611134        4.2932544403076180        1.2515148196739326E-002  0.86111507296932555        5.3103092234941759E-006   1.1253055670053977E-010   8.5568528427218751E-002   8.3550779290636804E-004   1.7791948228032755E-009   1.3542049172603091E-004   2.8860263155571282E-019   1.3486076481371725E-002  0.96004487800463711        7.7855664325536780E-005   22.082987317316473        17.323192203636374        18.024111751321648        3.9727875438170842E-014   1.8601046106802504E-014   1.7796686001624133E-021  0.99844636188142621        4.8903855856472306E-002   7.0818452024043424E-002   0.0000000000000000        0.0000000000000000        55.179095315681444        3.3758191014780858       0.37364974205894658       0.38025948767757328     
   2.0892961308540392        3.1487613382339479        1.2751227464048210E-002   1.1389158092805554        7.9450667752945386E-006   1.2633032858211652E-010  0.11302735256059047        8.7535043911955495E-004   2.9097606403514128E-009   1.7851841153302547E-004   7.5000911060365684E-019   1.3805096314700791E-002   1.2655856298778640        6.4596407796742707E-009   35.370034519828863        26.170781733692483        18.361888304391581        9.2362093657620482E-014   3.6746764672639969E-014   2.4828069885144011E-021  0.86367313436106241        4.4065472978836721E-002   7.0112700232454639E-002   0.0000000000000000        0.0000000000000000        75.872629425374981        4.4854199167321012       0.55903941301492210        3.6640730866912878E-002
   2.7542287033381663        1.9818094305992124        1.2308359994828320E-002   1.5058834450995477        1.0986960132415125E-005   1.1918873713762778E-010  0.14928140290389486        8.7160288252543768E-004   4.9668951785434275E-009   2.3533196817091039E-004   1.8024540816716600E-018   1.3415294845524667E-002   1.6683667848010615        3.1842206056606582E-018   57.243883802677686        36.321885750430262        15.856054768202865        1.6400157478948426E-013   2.2912553593578061E-014   1.3492500212751167E-021  0.43813237500857050        3.3246321007680837E-002   6.0359208150053488E-002   0.0000000000000000        0.0000000000000000        103.32433992916827        5.8561149503187275       0.77307641546108985        8.3121470750034053E-005
   3.6307805477010131        1.1066074206829071        1.1439065035317506E-002   1.9899278772325895        1.4301208128389322E-005   9.5706912159064143E-011  0.19711052078758182        8.2969093230040691E-004   8.8111407481237869E-009   3.1022568961800562E-004   4.0792212047754670E-018   1.2578981657235918E-002   2.1993357564040457        2.1205947006489856E-038   92.548569332873896        45.758429844446674        12.060117474723265        2.3608703515091951E-013   2.0735835938749291E-017   2.0418072793434587E-022  0.15548133944175163        2.2054608413165169E-002   4.6577276115749897E-002   0.0000000000000000        0.0000000000000000        142.02934314800001        7.5552875133011907        1.0062771306541487        5.6226862847086036E-011
   4.7863009232263831       0.63388771021366108        1.0786153095457570E-002   2.6275293304229721        1.8839856156311669E-005   7.6297336235005073E-011  0.26014569539052751        7.9032253320191902E-004   1.5634074900586509E-008   4.0895308716254415E-004   9.3429823120859079E-018   1.1985428715822035E-002   2.8992891811544714        1.0547849402792896E-072   146.27951311723021        54.658724217805315        9.4467287045844408        3.5505156672116697E-013   5.3055830511735790E-037   1.1627746665413320E-023   6.4821597286403354E-002   1.5286765165783941E-002   3.6730931292605608E-002   0.0000000000000000        0.0000000000000000        199.37472193280200        9.8013269323295482        1.3256304100124561        8.0702559948950578E-022
   6.3095734448019316       0.40511247017979618        1.0592779325101352E-002   3.4673816562350406        2.6200158348161619E-005   6.7550361327329014E-011  0.34320393232014701        7.7673160316297704E-004   2.7029767779636170E-008   5.3909874318817388E-004   2.2582831727069540E-017   1.1908609671452504E-002   3.8220074998001481        3.5084787722037177E-118   224.65329139998042        64.882027072819128        8.3191064220022692        6.4606903073039733E-013   2.9125456138658394E-119   4.5142450785009069E-025   3.7469611707506581E-002   1.2123495242585354E-002   3.1955990173960724E-002   0.0000000000000000        0.0000000000000000        283.19880732767490        12.893241588343431        1.8435239826302519        2.1848148659992511E-036
   8.3176377110267090       0.28511610917747016        1.0758101102270306E-002   4.5740977657881032        3.8223045098865489E-005   6.6370061877600840E-011  0.45266863100277688        7.8619710126668805E-004   4.5593262946700165E-008   7.1066059020583375E-004   5.7245813717616700E-017   1.2254958793742828E-002   5.0383871410846153        2.7429146033489268E-171   337.49257071300616        77.363582112802845        8.1114703628539111        1.3907430901764282E-012   0.0000000000000000        1.5361430706736301E-026   2.6001914208036797E-002   1.0777047422047971E-002   3.0334610100490361E-002   0.0000000000000000        0.0000000000000000        403.18573289770200        17.158636949146768        2.6894913913320124        1.7010224140789227E-053
   10.964781961431852       0.21468871024996045        1.1173881873456559E-002   6.0328287000982526        5.7667531993707186E-005   7.0388058604486782E-011  0.59695736048676795        8.1252230582988386E-004   7.5577441995775811E-008   9.3681763807188043E-004   1.5003885972168687E-016   1.2923221817358322E-002   6.6418877998282939        3.7645511783690334E-230   499.20509829448946        92.371825860209640        8.4888883314700117        3.3677039263696052E-012   0.0000000000000000        4.7635006893235190E-028   2.0184262528872260E-002   1.0362890700341063E-002   3.0618774983512807E-002   0.0000000000000000        0.0000000000000000        573.04567731263251        23.023123571212711        4.0576654857109320        1.6323076845824983E-072
   14.454397707459281       0.16936988937482239        1.1777150135623431E-002   7.9557439354873294        8.9043632401767680E-005   7.8771838529449751E-011  0.78716255221982245        8.5162385592461648E-004   1.2382459501450531E-007   1.2349419700998145E-003   4.0240234627733212E-016   1.3863715961647862E-002   8.7557133489635035        6.0166520016481976E-294   730.03483962428550        109.92587136985733        9.3256870357873023        8.8441165248599101E-012   0.0000000000000000        1.3210800822092966E-029   1.7195210117578935E-002   1.0513361373733045E-002   3.2247928724817451E-002   0.0000000000000000        0.0000000000000000        812.00494905923097        31.075866042217910        6.2653847221762717        3.6780903457462793E-093
   19.054607179632484       0.13812246682867407        1.2533807212420546E-002   10.490659762810761        1.3977774493563258E-004   9.1594850068771187E-011   1.0379038633885442        9.0113422074365420E-004   2.0129852479439970E-007   1.6279325080763589E-003   1.0970450054101732E-015   1.5062873941240559E-002   11.542278123122342        0.0000000000000000        1058.0824686388128        129.87702194996268        10.603917487299157        2.4604162980068957E-011   0.0000000000000000        3.1848619605795947E-031   1.5384341260663310E-002   1.1077632897483258E-002   3.5010206886945762E-002   0.0000000000000000        0.0000000000000000        1146.6516048280253        42.137687707539463        9.8351934214509722        2.5335127433428761E-115
   25.118864315095820       0.11543493073061108        1.3424827726314693E-002   13.832405177146459        2.2211049695906664E-004   1.0950331626376541E-010   1.3684520341815223        9.5965390628932319E-004   3.2558147177283008E-007   2.1459727823857403E-003   3.0271563791354861E-015   1.6530454414989754E-002   15.215685913954504        0.0000000000000000        1522.1391380717191        151.90041276010797        12.368347414200382        7.1420973255289583E-011   0.0000000000000000        6.5019093022251423E-033   1.4254915396381832E-002   1.2001703412760795E-002   3.8873474454289604E-002   0.0000000000000000        0.0000000000000000        1613.4915180458008        57.352651124159621        15.628379893615946        5.8585758601882626E-139
   33.113112148259148        9.8303609549999227E-002   1.4438611773659370E-002   18.237793181952409        3.5625411021893779E-004   1.3359867751235326E-010   1.8042099050157028        1.0262806357026393E-003   5.2493714499927272E-007   2.8288473439179135E-003   8.4306279353313751E-015   1.8293739753279921E-002   20.058180487597912        0.0000000000000000        2175.5401954404547        175.48509004416215        14.712121755175479        2.1416602681157434E-010   0.0000000000000000        1.1006197029272840E-034   1.3543698461771303E-002   1.3282114681424498E-002   4.3915104610714455E-002   0.0000000000000000        0.0000000000000000        2262.4238471172398        78.317129192844789        25.067138426104052        4.6628768734377718E-164
   43.651583224016655        8.4969648344209434E-002   1.5566683335272936E-002   24.045348819820045        5.7566024804005700E-004   1.6541493742409196E-010   2.3786644370382635        1.1003292744834576E-003   8.4495278286100093E-007   3.7289941232161406E-003   2.3651490578745126E-014   2.0396006732972535E-002   26.441831589964146        0.0000000000000000        3091.3834707561168        199.94443291309238        17.776876479927594        6.5887214735730723E-010   0.0000000000000000        1.5211148352989971E-036   1.3073614158354322E-002   1.4947702094538176E-002   5.0295387254019157E-002   0.0000000000000000        0.0000000000000000        3161.4149429954368        107.26252976269707        40.505231266405254        1.2861875689040322E-190
   57.543993733715780        7.4340744713204926E-002   1.6800998882869452E-002   31.701309085110150        9.3582458522630462E-004   2.0693111094841762E-010   3.1359597869646096        1.1811521666067544E-003   1.3594686107224134E-006   4.9155260267956091E-003   6.6748210266545800E-014   2.2897677076271813E-002   34.857122672294693        0.0000000000000000        4369.6097098373175        224.45320053754253        21.761495124149594        2.0695328444275378E-009   0.0000000000000000        1.6992230336468044E-038   1.2730143119096196E-002   1.7052989653651721E-002   5.8251451768510168E-002   0.0000000000000000        0.0000000000000000        4402.7503442786692        147.31408888717192        65.847505327033787        1.2489889084662331E-218
   75.857757502918517        6.5704909668653264E-002   1.8132030254739601E-002   41.793889574520939        1.5290304135229138E-003   2.6058749881328891E-010   4.1342891719269730        1.2680108379731990E-003   2.1886992835047964E-006   6.4795287328646102E-003   1.8931185118230033E-013   2.5879569825577410E-002   45.950636848367672        0.0000000000000000        6146.6625484100023        248.11128813697104        26.938275519299225        6.6135797769606928E-009   0.0000000000000000        1.5268468964188447E-040   1.2450275568050695E-002   1.9677197895575711E-002   6.8102674544198896E-002   0.0000000000000000        0.0000000000000000        6111.3675214220102        202.85731380719713        107.58729775762328        4.4446974495184031E-248
   100.00000000000020        5.8578750882938034E-002   1.9547209647729019E-002   55.098445173278705        2.5090794586469308E-003   3.2928621457293792E-010   5.4503661508776009        1.3599729495710890E-003   3.5295413249194206E-006   8.5410381405525305E-003   5.3921237117648751E-013   2.9448220737852637E-002   60.574736665670898        0.0000000000000000        8608.7158388831613        270.02289500883649        33.677340256043884        2.1446436846955443E-008   0.0000000000000000        1.1035011373612818E-042   1.2198542230395099E-002   2.2926457943159517E-002   8.0263904134978165E-002   0.0000000000000000        0.0000000000000000        8455.9282620383310        280.05601276497725        176.54657253875362        6.2277219044246180E-279
   131.82567385564101        5.2622555837020621E-002   2.1029613484175667E-002   72.636984789467348        4.1328464955331726E-003   4.1637100504015973E-010   7.1853188725602326        1.4558268888249426E-003   5.7067403094128874E-006   1.1258227183541537E-002   1.5415243551980494E-012   3.3743667556542144E-002   79.853054795391643        0.0000000000000000        12009.872195922699        289.37923007388429        42.481790076595871        7.0429648880908822E-008   0.0000000000000000        6.4421847747697601E-045   1.1954743389942938E-002   2.6938430503526151E-002   9.5265712592613710E-002   0.0000000000000000        0.0000000000000000        11663.484947994200        387.58220477928091        290.79983142847669        0.0000000000000000     
   173.78008287493799        4.7590514581796015E-002   2.2556915175061528E-002   95.756596047341944        6.8302197930531564E-003   5.2560289724414327E-010   9.4724601600525400        1.5540161979590650E-003   9.2601451352752929E-006   1.4839496650223979E-002   4.4214965438607710E-012   3.8950428023244568E-002   105.26682757835360        0.0000000000000000        16697.347607744490        305.53317014512453        54.037713932841676        2.3385741534026864E-007   0.0000000000000000        3.0627466936444905E-047   1.1707490963631379E-002   3.1889207662389091E-002  0.11378223316413376        0.0000000000000000        0.0000000000000000        16038.841485665345        537.63849037602313        480.59533945575748        0.0000000000000000     
   229.08676527677795        4.3300292715219256E-002   2.4100742497508855E-002   126.23277701954039        1.1322005232059186E-002   6.6117675901007866E-010   12.487530426363483        1.6526026910372430E-003   1.5095063228701885E-005   1.9559378634493432E-002   1.2719683484064673E-011   4.5312723823039532E-002   138.76870480155654        0.0000000000000000        23146.522659287799        318.05476309717187        69.285145566723912        7.8412777987239027E-007   0.0000000000000000        1.1996276458859393E-049   1.1450788848330559E-002   3.8002713914571995E-002  0.13666792559272742        0.0000000000000000        0.0000000000000000        21990.020672533072        747.37651324409990        796.65122246220517        0.0000000000000000     
   301.99517204020253        3.9613821227318102E-002   2.5626693061944122E-002   166.40556580837264        1.8819008384912524E-002   8.2785251062236904E-010   16.462200412415331        1.7492748654543879E-003   2.4744078571065356E-005   2.5779437757365180E-002   3.6691095519875574E-011   5.3155405684763693E-002   182.93278020548522        0.0000000000000000        32010.137356424682        326.76448227548974        89.518992183335754        2.6521763543003737E-006   0.0000000000000000        3.9291233513298388E-052   1.1182442321133046E-002   4.5563190810205170E-002  0.16500571779911682        0.0000000000000000        0.0000000000000000        30061.641018038641        1040.8378048910517        1324.1634964904845        0.0000000000000000     
   398.10717055349858        3.6424765789399322E-002   2.7095306617419282E-002   219.35884482221454        3.1358730497077228E-002   1.0312818784628390E-009   21.701871197674276        1.8414205725456546E-003   4.0827615411966173E-005   3.3975708914930396E-002   1.0610448473419317E-010   6.2912436104895331E-002   241.15237020807291        0.0000000000000000        44188.025399569640        331.74401228532508        116.53290169818277        9.0408213274123025E-006   0.0000000000000000        1.0958579285905320E-054   1.0903556853405213E-002   5.4931612869701725E-002  0.20016987727060148        0.0000000000000000        0.0000000000000000        40978.511981620009        1451.5589985323306        2206.4970359332556        0.0000000000000000     
   524.80746024977441        3.3650131747154761E-002   2.8464276559221492E-002   289.15645582956444        5.2375763515823348E-002   1.2785873475502626E-009   28.609139129276709        1.9262812707722336E-003   6.7871733409678543E-005   4.4774656602523062E-002   3.0755539977484764E-010   7.5165214432516780E-002   317.90073704370275        0.0000000000000000        60927.259061562021        333.32952939722094        152.82476971522408        3.1036094927824064E-005   0.0000000000000000        2.6603504750869348E-057   1.0618748900535740E-002   6.6567295940676396E-002  0.24390844969548187        0.0000000000000000        0.0000000000000000        55702.429786207656        2025.9840045172225        3685.3203277210705        0.0000000000000000     
   691.83097091893910        3.1224485340064341E-002   2.9692010327386144E-002   381.15302739819930        8.7669807038175174E-002   1.5791994429509923E-009   37.714728581667870        2.0011930145573641E-003   1.1377211440951071E-004   5.9000192550612805E-002   8.9344809735251494E-010   9.0693395892556317E-002   419.07478879728546        0.0000000000000000        83968.244120593590        332.09352927639691        201.89063419583866        1.0722253588045118E-004   0.0000000000000000        5.7722419636777237E-060   1.0336775990112143E-002   8.1056451379577302E-002  0.29845193801252906        0.0000000000000000        0.0000000000000000        75506.093432218375        2827.8064394349931        6168.7181306208722        0.0000000000000000     
   912.01083935591339        2.9095870975032533E-002   3.0742298630760761E-002   502.40298562223109       0.14705159354699390        1.9459125422903404E-009   49.718269286558389        2.0638958054097502E-003   1.9243214149339128E-004   7.7734948697726514E-002   2.6008726776822444E-009  0.11054114313389703        552.44816429031971        0.0000000000000000        115761.80512912503        328.82171014978536        268.64526820332958        3.7256765852198659E-004   0.0000000000000000        1.1560430182890788E-062   1.0071369821775436E-002   9.9150130622903190E-002  0.36665749002274717        0.0000000000000000        0.0000000000000000        102069.40586555703        3943.3382231416758        10347.003853390872        0.0000000000000000     
   1202.2644346174179        2.7222841755882198E-002   3.1589365818915562E-002   662.19846748016550       0.24714708649715883        2.3961095833674908E-009   65.542051399922059        2.1128609916969488E-003   3.2853962073411784E-004  0.10239975113096492        7.5861817269677565E-009  0.13610197794157741        728.26851527989243        0.0000000000000000        159798.30274173789        324.49067140884750        360.02455346245858        1.3013431144593913E-003   0.0000000000000000        2.2232495308681589E-065   9.8421077424464525E-003  0.12181490887185700       0.45220128583079811        0.0000000000000000        0.0000000000000000        137605.36129336490        5488.0089000260878        17390.031584548615        0.0000000000000000     
   1584.8931924611206        2.5572225786704168E-002   3.2222144320012691E-002   872.77624917378728       0.41618510948845067        2.9531425746906224E-009   86.401888651555851        2.1475593543314490E-003   5.6624189369312925E-004  0.13485600746256476        2.2168202251847491E-008  0.16922571113690890        960.04487774799429        0.0000000000000000        221116.88277573520        320.25236698544683        485.84953533346987        4.5670273885270772E-003   0.0000000000000000        4.3089348362046443E-068   9.6752876196022700E-003  0.15030083364154442       0.55983628861564549        0.0000000000000000        0.0000000000000000        185025.41647424002        7614.2225141968693        29284.068453326407        0.0000000000000000     
   2089.2961308540494        2.4117381414669129E-002   3.2646542695177090E-002   1150.2459021692955       0.70218886194269159        3.6479207617470237E-009   113.90053438403503        2.1685897046037034E-003   9.8491981852216661E-004  0.17753633727859935        6.4890555275238601E-008  0.21235146967838014        1265.5856294096154        0.0000000000000000        307108.66954825498        317.43371162989786        660.06912978390267        1.6096404644300316E-002   0.0000000000000000        8.9213976906396660E-071   9.6050272206470600E-003  0.18623266096359761       0.69573822146965059        0.0000000000000000        0.0000000000000000        248157.79684979114        10521.105576595497        49408.174947844396       -0.0000000000000000     
   2754.2287033381804        2.2836785480994420E-002   3.2884968605049761E-002   1515.8068514315510        1.1870210264333048        4.5208199456427725E-009   150.15082811320801        2.1776218095045327E-003   1.7278499011270745E-003  0.23360889554592509        1.9023969097058901E-007  0.26867148596047941        1668.3667841880401        0.0000000000000000        428804.95940284734        317.56554129823331        902.55348681369333        5.6947395012377923E-002   0.0000000000000000        2.1133704529501965E-073   9.6752032141510357E-003  0.23173229750396077       0.86796984465531124        0.0000000000000000        0.0000000000000000        332036.62060675310        14467.157665606717        83522.462003353576       -0.0000000000000000     
   3630.7805477010324        2.1712865746059150E-002   3.2973301082610179E-002   1997.3415440665574        2.0105133232010592        5.6240551920433545E-009   197.93803445749040        2.1771681348638477E-003   3.0541317436869157E-003  0.30717981110260384        5.5845446597448687E-007  0.34233028032007784        2199.3357556396677        0.0000000000000000        602972.63893822476        322.46467700894692        1241.6900948720399       0.20213652971162396        0.0000000000000000        6.1929604450382757E-076   9.9433479201314744E-003  0.28958279446286972        1.0871028170114110        0.0000000000000000        0.0000000000000000        443285.12772770616        19787.329159765359        141465.92091031649       -0.0000000000000000     
   4786.3009232264094        2.0731029217718973E-002   3.2956402299648926E-002   2631.4962172860082        3.4119943604637473        7.0246314254961731E-009   260.93384755435466        2.1702525922133804E-003   5.4322088229812474E-003  0.40353487208710520        1.6409622235800676E-006  0.43866152697896749        2899.2891802161821        0.0000000000000000        855562.92910742515        334.40565078953904        1718.1477417988797       0.71940562268133679        0.0000000000000000        2.4443528106432573E-078   1.0488219564881725E-002  0.36344727691983403        1.3670479252008854        0.0000000000000000        0.0000000000000000        590623.05953249626        26916.426657678901        240078.45099743237       -0.0000000000000000     
   6309.5734448019684        1.9878858143292516E-002   3.2883627685888511E-002   3466.3902260735586        5.8018626696036000        8.8078840829403293E-009   343.97850375040565        2.1600563874815538E-003   9.7066198340919254E-003  0.52941432938873123        4.8242437443830747E-006  0.56445801346210134        3822.0074988472447        0.0000000000000000        1227443.5037437570        356.43782277952175        2390.3280586676292        2.5651788182032123        0.0000000000000000        1.4193083776222549E-080   1.1423666739420354E-002  0.45815986127632846        1.7261583339754309        0.0000000000000000        0.0000000000000000        785537.11360402044        36420.948058259979        408236.95922784030       -0.0000000000000000     
   8317.6377110267604        1.9145452155884864E-002   3.2805511702567181E-002   4565.1293829327196        9.8850618648671986        1.1081427646739797E-008   453.45267841964341        2.1495771598739506E-003   1.7390753808976016E-002  0.69330124966128359        1.4180331475539679E-005  0.72825633852372473        5038.3871401709594        0.0000000000000000        1784003.4357854349        392.93739786129532        3342.2291464612936        9.1541579077887754        0.0000000000000000        1.3211678337788957E-082   1.2923139470756864E-002  0.58010978607683028        2.1886862739868715        0.0000000000000000        0.0000000000000000        1043165.4271971822        49041.636273786018        695543.45342134463       -0.0000000000000000     
   10964.781961431918        1.8520898794604369E-002   3.2772156503734932E-002   6010.3367925449020        16.874175828276773        1.3979027749180764E-008   597.76774139831684        2.1412402142805334E-003   3.1169326401461833E-002  0.90568225521244183        4.1634316583191697E-005  0.94059565193045724        6641.8877989964894        0.0000000000000000        2631350.4419755149        450.54802590115366        4694.7077899385822        32.647964601337321        0.0000000000000000        2.1301594108103867E-084   1.5262711817537022E-002  0.73774438687748622        2.7866902155842217        0.0000000000000000        0.0000000000000000        1383463.3379319732        65749.440511987632        1187319.0769753752       -0.0000000000000000     
   14454.397707459368        1.7995862598965455E-002   3.2833221576328626E-002   7909.9522061640864        28.857066241305731        1.7663507742037033E-008   788.01203967868310        2.1362366047756789E-003   5.5733883374339439E-002   1.1792099751648843        1.2193666884133691E-004   1.2141794333459885        8755.7133477835614        0.0000000000000000        3943748.1105472357        539.78514915831681        6621.4508246913883        116.14286694177522        0.0000000000000000        6.3315018958715339E-086   1.8897484060231222E-002  0.94222080965112021        3.5625056441233087        0.0000000000000000        0.0000000000000000        1832739.4543070383        87818.303526511503        2030472.2199486142       -0.0000000000000000     
   19054.607179632600        1.7561289048586559E-002   3.3039019535017256E-002   10404.579329693177        49.430377697327877        2.2327355965582371E-008   1038.8028644108026        2.1330689318416504E-003   9.9113281378933299E-002   1.5286649641152401        3.5556159919622872E-004   1.5638370525820990        11542.278121587102        0.0000000000000000        6010207.0163861783        677.80194898982268        9371.3554943389863        411.06059360208951        0.0000000000000000        3.6163816304295934E-087   2.4599923795839064E-002   1.2082395123966720        4.5719044082423457        0.0000000000000000        0.0000000000000000        2425679.8671773183        116919.20861402115        3478073.8934690258       -0.0000000000000000     
   25118.864315095976        1.7208216731675066E-002   3.3442085407286527E-002   13676.663193441615        84.788794284843917        2.8189372732358098E-008   1369.4095637137534        2.1242705819258336E-003  0.17467313388439035        1.9705956314200561        1.0295971695303966E-003   2.0061619874092687        15215.685912081046        0.0000000000000000        9313615.8874881156        893.21364837621434        13299.477802460575        1442.4896203976232        0.0000000000000000        4.0357515327264379E-088   3.3715366373265075E-002   1.5550920632192973        5.8880655244294937        0.0000000000000000        0.0000000000000000        3208016.2020129687        155241.08556591984        5966001.1838585092       -0.0000000000000000     
   33113.112148259344        1.6927676687707841E-002   3.4098646340593938E-002   17961.727066560034        145.59156730524802        3.5485701654182066E-008   1805.2340958050797        2.0897390475620231E-003  0.30389450948879376        2.5225275320079601        2.9502377884694439E-003   2.5587159173961163        20058.180485360997        0.0000000000000000        14664810.307317022        1234.5740023660044        18909.238167105941        4996.5120155630011        0.0000000000000000        8.7093341723885284E-089   4.8641696088805766E-002   2.0079450327522514        7.6064399333606483        0.0000000000000000        0.0000000000000000        4240042.8938794835        205645.32621375989        10244271.902073603       -0.0000000000000000     
   43651.583224016918        1.6710640475803069E-002   3.5069615015874363E-002   23561.741161603408        250.14529526027349        4.4454074440756902E-008   2379.7627796156589        1.9866657357700051E-003  0.51982457237965951        3.2016896133408057        8.3248873325554255E-003   3.2387458940924501        26441.831588020366        0.0000000000000000        23428421.402556986        1785.2709071634181        26909.148073281336        16982.599176871950        0.0000000000000000        3.5019224374328325E-089   7.3739913182686065E-002   2.5993487685369097        9.8504673158572160        0.0000000000000000        0.0000000000000000        5601254.2099349424        271861.61016018293        17600994.804170601       -0.0000000000000000     
   57543.993733716139        1.6547976246565434E-002   3.6420959464724491E-002   30860.356767925037        429.79427123054967        5.5311238936761498E-008   3137.1391924339359        1.7468542473358189E-003  0.87060358712115471        4.0233064480478617        2.2975456614067146E-002   4.0614742617599218        34857.122670633791        0.0000000000000000        37899658.249324858        2689.4651965787170        38287.909058668367        56190.071152737517        0.0000000000000000        2.4638841335914260E-089  0.11706992377248304        3.3709000711278447        12.777878099615995        0.0000000000000000        0.0000000000000000        7396457.2778787222        358733.26213165000        30241651.064914476       -0.0000000000000000     
   75857.757502918976        1.6430394013789734E-002   3.8223268922370345E-002   40339.109897377362        737.96577179732878        6.8226682529763407E-008   4135.5558675639259        1.3154545029766761E-003   1.4215810214559184        4.9987348196023369        6.1401591195188746E-002   5.0382735430276835        45950.636847259368        0.0000000000000000        61924303.959434561        4196.3444670814642        54412.741339208660        178966.74290154048        0.0000000000000000        2.7815800654107156E-089  0.19368424932378045        4.3749697752824677        16.587248294539652        0.0000000000000000        0.0000000000000000        9763831.5269662999        472520.20149745990        51925548.715780124       -0.0000000000000000     
   100000.00000000081        1.6348428101388660E-002   4.0548576848605189E-002   52592.638482992690        1265.1657545500866        8.3305607482703002E-008   5451.7253778707272        7.4632899906842585E-004   2.2534606693049701        6.1344557683391656       0.15665124484262574        6.1757506741868395        60574.736664869437        0.0000000000000000        101903603.95367511        6733.2331594720899        77159.882320757388        540268.37128093606        0.0000000000000000        4.5239955319016643E-089  0.33177514868109936        5.6765898944968161        21.525174373745600        0.0000000000000000        0.0000000000000000        12885559.423548872        621266.44643179548        89020966.191192433       -0.0000000000000000     
