  0.10000000000000001        8.3820600330829613        4.0247536572850726E-003   5.1098257016776026E-002   1.9170577271130812E-012   2.9962255103963241E-012   5.2006406773939858E-003   2.5108543957394112E-004   9.0029761601857207E-014   3.2723363851888783E-008   1.5064291764064430E-033   4.2758718202228659E-003   6.0574736794863138E-002  0.33997563462476127        3.0253079927407636E-004   2.1841921127348826E-009   1.9358630224281443E-008   3.0207435022481720E-029   1.2196098870707072E-029   2.1392532820547132E-041   5.4195128223529398E-008   6.8442708167552446E-003   7.9616122579161761E-003   0.0000000000000000        0.0000000000000000        5.9897780684038947E-008  0.35524604446230940        1.3489009680995251E-007   1.6888383407331417E-004
  0.13182567385564070        8.2711955046653767        4.6184540934555872E-003   6.8047826225876379E-002   3.8619667010426245E-012   4.5488053952795970E-012   6.8990689134775848E-003   2.8770577183504458E-004   1.3730687898581306E-013   4.3137816348263922E-008   5.2714291526885219E-033   4.9062030031069804E-003   7.9853055012368515E-002  0.45297092817304507        4.8147063416165918E-004   3.8126572236064822E-009   2.7398289276903618E-008   1.3704379459032508E-028   5.6160343323784532E-029   1.4589632662374155E-040   1.2376014478450988E-007   8.9549287401467382E-003   1.0464553370149393E-002   0.0000000000000000        0.0000000000000000        8.7572395761462372E-008  0.47291490835369243        2.7173989328164026E-007   2.4541206365543143E-004
  0.17378008287493754        8.1603309762477885        5.2957505654209723E-003   9.0497063159352242E-002   7.7463690965899787E-012   6.8906087096763369E-012   9.1444279868452983E-003   3.2958616333095980E-004   2.0928280335297693E-013   5.6866759570726804E-008   1.8365238184800178E-032   5.6253935955115023E-003  0.10526682789044221       0.60234529023258676        7.6893479512128184E-004   6.6457075653072459E-009   3.8750143207941833E-008   6.1886360715380551E-028   2.5705906083261911E-028   9.8577758320005970E-040   2.8110895263914276E-007   1.1698237408204725E-002   1.3733673262167860E-002   0.0000000000000000        0.0000000000000000        1.2776241646537425E-007  0.62873780918138600        5.4505843125453823E-007   3.5595706738766197E-004
  0.22908676527677729        8.0500624936819065        6.0685483771713965E-003  0.12021097363861152        1.5475786858334520E-011   1.0418214753977034E-011   1.2111695951196644E-002   3.7748703091717380E-004   3.1881740476072428E-013   7.4965052072519401E-008   6.3723254576962123E-032   6.4461103731406422E-003  0.13876870502884830       0.80049089933633844        1.2326353853515160E-003   1.1569679053771110E-008   5.4774704493519138E-008   2.7829320125667679E-027   1.1702470950370962E-027   6.6043738424673499E-039   6.3543224258245072E-007   1.5262301481276417E-002   1.8001413513938001E-002   0.0000000000000000        0.0000000000000000        1.8598593137405470E-007  0.83495604520934175        1.0889241142855775E-006   5.1548947091240168E-004
  0.30199517204020160        7.9394959881901759        6.9499602895247330E-003  0.15951887038391416        3.0798105427130346E-011   1.5723758598501372E-011   1.6031689615564164E-002   4.3226000086366820E-004   4.8546856407456316E-013   9.8823205469809604E-008   2.2023146286527537E-031   7.3823191135938705E-003  0.18293278035146293        1.0616406900951076        1.9837797448411724E-003   2.0119422450919391E-008   7.7376252670850139E-008   1.2461398014249293E-026   5.2994653028557629E-027   4.3870602502791721E-038   1.4294939043474916E-006   1.9886756340839595E-002   2.3566782611214716E-002   0.0000000000000000        0.0000000000000000        2.7010482626992717E-007   1.1077240337910443        2.1670497261889099E-006   7.4508099809741219E-004
  0.39810717055349720        7.8295255285501497        7.9555453726120190E-003  0.21149311237081206        6.1066026383612010E-011   2.3695601748997740E-011   2.1208811967037396E-002   4.9490057045449651E-004   7.3894138117665968E-013   1.3027427132234209E-007   7.5826911643050028E-031   8.4505762173378365E-003  0.24115237040304804        1.4075431051586964        3.2057640532278790E-003   3.4954377377888299E-008   1.0925086618660379E-007   5.5581223704625556E-026   2.3882353809283821E-026   2.8912750473521286E-037   3.2017952441035901E-006   2.5886445876994735E-002   3.0822789140219509E-002   0.0000000000000000        0.0000000000000000        3.9130226752020542E-007   1.4683491429571565        4.2967940371253375E-006   1.0752866973438172E-003
  0.52480746024977254        7.7198530918359776        9.1026198280948784E-003  0.28018705180734593        1.2063965707360756E-010   3.5659735852011145E-011   2.8044534934335272E-002   5.6653038894847443E-004   1.1243921992396822E-012   1.7173483995395942E-007   2.6009668430952546E-030   9.6693219518833081E-003  0.31790073720000395        1.8645407555788469        5.2022916159010328E-003   6.0676878895691697E-008   1.5417936229118916E-007   2.4692726609888988E-025   1.0711507746292538E-025   1.8903704524777346E-036   7.1402637630046553E-006   3.3664602099906078E-002   4.0276848741834383E-002   0.0000000000000000        0.0000000000000000        5.6539510383437091E-007   1.9449413131012447        8.4885785084230276E-006   1.5492648890409442E-003
  0.69183097091893642        7.6104786780476577        1.0411028153998161E-002  0.37094703057256406        2.3745791627028456E-010   5.3596818135236650E-011   3.7068294964741712E-002   6.4843470182325536E-004   1.7104351718763652E-012   2.2639045568199243E-007   8.8878813637157441E-030   1.1059689246277099E-002  0.41907478886804300        2.4675515898690854        8.4782350457705807E-003   1.0525045100294206E-007   2.1748140877390815E-007   1.0926264572475691E-024   4.7816446919507415E-025   1.2260684018487787E-035   1.5854586164937831E-005   4.3743072690144380E-002   5.2588834692540908E-002   0.0000000000000000        0.0000000000000000        8.1467598530902592E-007   2.5745767056387590        1.6708271671205073E-005   2.2284512580666542E-003
  0.91201083935590965        7.5017003101110475        1.1903583382113074E-002  0.49082424769892408        4.6564846054379707E-010   8.0464517281863076E-011   4.8978243942297911E-002   7.4208913213603142E-004   2.6013092960881946E-012   2.9844054215982794E-007   3.0253446964240038E-029   1.2645970954791265E-002  0.55244816508676797        3.2638728249562758        1.3876003372891419E-002   1.8245197128677367E-007   3.0664829882686782E-007   4.8152219549668462E-024   2.1245587025649980E-024   7.8878634213540539E-035   3.5052942654715220E-005   5.6798703756754068E-002   6.8618204266646762E-002   0.0000000000000000        0.0000000000000000        1.1704391942360513E-006   3.4061537251943519        3.2764462454005740E-005   3.2004639971777247E-003
   1.2022644346174127        7.3935179880261437        1.3606147971720498E-002  0.64911820310722801        9.0956971680805983E-010   1.2067041072946269E-010   6.4694990018142925E-002   8.4917409222166353E-004   3.9553994745016887E-012   3.9342091099763869E-007   1.0256216282715644E-028   1.4455715484853160E-002  0.72826851700845252        4.3139669617264440        2.2806066879488593E-002   3.1610387583786340E-007   4.3220462172909600E-007   2.1131173403893162E-023   9.3945808292919362E-024   5.0318695447781978E-034   7.7155903142163678E-005   7.3704274844889769E-002   8.9479783498370907E-002   0.0000000000000000        0.0000000000000000        1.6764066127874364E-006   4.5041612543604757        6.4000131775063176E-005   4.5893145594898474E-003
   1.5848931924611134        7.2860807232558731        1.5548336402578128E-002  0.85809250415879901        1.7694054967210451E-009   1.8077942437231417E-010   8.5432421516237811E-002   9.7161452188760516E-004   6.0133173921343559E-012   5.1862921024112378E-007   3.4620428911954048E-028   1.6520469553675973E-002  0.96004488013831368        5.6978666427683722        3.7637594595636252E-002   5.4739375908208793E-007   6.0895510630058256E-007   9.2320928513506874E-023   4.1336570515494806E-023   3.1816070750749402E-033   1.6905237275755108E-004   9.5589643192179538E-002  0.11662357419967732        0.0000000000000000        0.0000000000000000        2.3934181385697162E-006   5.9536422921744308        1.2450083029486424E-004   6.5710050536895064E-003
   2.0892961308540392        7.1794630215317010        1.7763892879275146E-002   1.1339190306182945        3.4269800725439557E-009   2.7055250768353278E-010  0.11279109369222300        1.1116090651923278E-003   9.1405955934194470E-012   6.8368527663583075E-007   1.1632642822893946E-027   1.8876185629744108E-002   1.2655856331089450        7.5191853034151324        6.2361681632294878E-002   9.4751303731992635E-007   8.5770737326559144E-007   4.0143742200333601E-022   1.8093969136913239E-022   1.9928062423334532E-032   3.6861906835805803E-004  0.12391462550569413       0.15193293201858579        0.0000000000000000        0.0000000000000000        3.4057598800524870E-006   7.8667409060236082        2.4113289193819081E-004   9.3944680040664412E-003
   2.7542287033381663        7.0738884000480180        2.0291503331474052E-002   1.4979222673737498        6.6060751206902807E-009   4.0448528846643178E-010  0.14888132721202621        1.2716783021953380E-003   1.3892466192629362E-011   9.0127097413043472E-007   3.8892612263393547E-027   2.1564082904643518E-002   1.6683667894315957        9.9156583237720444       0.10371948570806321        1.6395064253509042E-006   1.2077353181328375E-006   1.7367393532432747E-021   7.8768005166983603E-022   1.2357022590628268E-031   7.9969276676308083E-004  0.16057070363936324       0.19785890137496051        0.0000000000000000        0.0000000000000000        4.8297463889947409E-006   10.391330723520579        4.6482382870422959E-004   1.3412593591933726E-002
   3.6307805477010131        6.9694127381034203        2.3175175108459307E-002   1.9782203510864236        1.2669259854639418E-008   6.0404386970442571E-010  0.19648551298268918        1.4546983492605156E-003   2.1112368817545815E-011   1.1881038349937933E-006   1.2933375712599585E-026   2.4631061561554819E-002   2.1993357628653523        13.063793139516829       0.17312319836705209        2.8359848343421254E-006   1.7001693505560020E-006   7.4725281449048927E-021   3.4089126984636103E-021   7.5795147692302813E-031   1.7254412340291835E-003  0.20800082922137916       0.25758415039142313        0.0000000000000000        0.0000000000000000        6.8252042665491420E-006   13.722394082219129        8.9144821469528432E-004   1.9123140797395893E-002
   4.7863009232263831        6.8661477942951024        2.6465229782081951E-002   2.6118878940159442        2.4162436651859372E-008   9.0093731960401101E-010  0.25927205614234983        1.6639612936211619E-003   3.2081422393760940E-011   1.5662217719560656E-006   4.2756472068180843E-026   2.8130757297475068E-002   2.8992891895588704        17.193945008195346       0.28993061385950608        4.9042986646122143E-006   2.3928366359628285E-006   3.1960537050607294E-020   1.4660286812610831E-020   4.5947308334430359E-030   3.7011246151773080E-003  0.26936686236791502       0.33524738650874408        0.0000000000000000        0.0000000000000000        9.6109581856604301E-006   18.117019437963808        1.7001435966364103E-003   2.7229026446851712E-002
   6.3095734448019316        6.7640935686230659        3.0218950147940887E-002   3.4478078059338504        4.5803564599168943E-008   1.3418124974154509E-009  0.34207743849594408        1.9032249083858108E-003   4.8745723387297756E-011   2.0646788789275529E-006   1.4044485076900707E-025   3.2124239735205624E-002   3.8220075110932501        22.598891098989746       0.48702952191164922        8.4790355667505399E-006   3.3669660130492270E-006   1.3581345288932748E-019   6.2619710026305123E-020   2.7499557760951984E-029   7.8889546722657970E-003  0.34875308598081811       0.43622305405512679        0.0000000000000000        0.0000000000000000        1.3485482180689354E-005   23.914176181372493        3.2228801332586923E-003   3.8718990182618734E-002
   8.3176377110267090        6.6633059403859090        3.4501811928466235E-002   4.5504303440625016        8.6257333943219659E-008   1.9949809363135862E-009  0.45127803823262552        2.1767892639595315E-003   7.4060974400381855E-011   2.7217670879892486E-006   4.5811024519828510E-025   3.6681322959513755E-002   5.0383871560022211        29.656067588194652       0.82035703632315538        1.4656374114180315E-005   4.7367155064782569E-006   5.7306548722792522E-019   2.6551085389877264E-019   1.6231670405974294E-028   1.6700879679842396E-002  0.45144417934636388       0.56749841665099032        0.0000000000000000        0.0000000000000000        1.8854611112633689E-005   31.560780436566024        6.0693321654382163E-003   5.4984744045049029E-002
   10.964781961431852        6.5637383435014645        3.9388324868380606E-002   6.0047292905817491        1.6128278407105623E-007   2.9598101203161621E-009  0.59528032060140734        2.4895614131281024E-003   1.1251708827742437E-010   3.5879729955784640E-006   1.4829532123238669E-024   4.1881474254504288E-002   6.6418878200302336        38.837749175853361        1.3851258769671118        2.5329505567840943E-005   6.6623716125263750E-006   2.3995371726604653E-018   1.1168512786295194E-018   9.4374555020188428E-028   3.5095624814486984E-002  0.58426443561215402       0.73814476911272475        0.0000000000000000        0.0000000000000000        2.6268355627349058E-005   41.646061664260088        1.1348354329363477E-002   7.7976809636667727E-002
   14.454397707459281        6.4652743627643217        4.4963255821588839E-002   7.9227353470403763        2.9924317030028042E-007   4.3796257154941731E-009  0.78516703533973209        2.8471397144005967E-003   1.7093446968534867E-010   4.7298471228116952E-006   4.7610128104609803E-024   4.7815125383112250E-002   8.7557133764024382        50.724985211612079        2.3434253440237498        4.3767625222806893E-005   9.3688747051191159E-006   9.9637642274641531E-018   4.6576943856610527E-018   5.3982146007116725E-027   7.3165129573878870E-002  0.75602113435931750       0.95993387569713073        0.0000000000000000        0.0000000000000000        3.6469964705512983E-005   54.946865921042892        2.1055672784725137E-002  0.11042040209087287     
   19.054607179632484        6.3677696433197735        5.1323069341012210E-002   10.452148994272696        5.5061115085654711E-007   6.4589199450734143E-009   1.0355490842218680        3.2559119834202747E-003   2.5967419410191633E-010   6.2351186842214562E-006   1.5149367606286515E-023   5.4585216443116709E-002   11.542278161041297        66.021465249611751        3.9710740340070609        7.5615197438820664E-005   1.3171762872013920E-005   4.1000350910094626E-017   1.9244802373300237E-017   3.0336838910237282E-026  0.15122502488112438       0.97807699276439219        1.2481379360040075        0.0000000000000000        0.0000000000000000        5.0461186479691860E-005   72.487378349657064        3.8742699498948333E-002  0.15611172320321839     
   25.118864315095820        6.2709587584994733        5.8577110571802204E-002   13.787695159200617        1.0041294922341031E-006   9.4852186280063425E-009   1.3656885377983328        3.7231482167760775E-003   3.9447846217890006E-010   8.2194354144097263E-006   4.7743795752078390E-023   6.2308478223992693E-002   15.215685964046513        85.534494054462755        6.7368587767208989        1.3061521669191278E-004   1.8513061514395635E-005   1.6707024660284449E-016   7.8724723650320646E-017   1.6726550741977517E-025  0.30969029189919256        1.2650562235032246        1.6225362424071126        0.0000000000000000        0.0000000000000000        6.9588591871679053E-005   95.617857464120462        7.0653649340626776E-002  0.22030297817122255     
   33.113112148259148        6.1744598664296797        6.6849064436239045E-002   18.186091675882977        1.8138444151525267E-006   1.3855249704751227E-008   1.8009790722806340        4.2571103850890671E-003   5.9926950676495569E-010   1.0835246949684674E-005   1.4892531014027517E-022   7.1117010068277794E-002   20.058180550673772        110.12806071867469        11.435876590653434        2.2558007432053686E-004   2.6011117172668197E-005   6.7363273863854062E-016   3.1859458349589521E-016   9.0348873504858417E-025  0.62794198083968678        1.6357412957224153        2.1087064805090492        0.0000000000000000        0.0000000000000000        9.5657848006334135E-005   126.11842786627065       0.12762768971311408       0.31020526866471043     
   43.651583224016655        6.0777374571654956        7.6278280999065709E-002   23.985782143009935        3.2436000467203817E-006   2.0103105530719043E-008   2.3748975996588646        4.8671627359397323E-003   9.1040996677508463E-010   1.4283516951462811E-005   4.5946895759327110E-022   8.1159727251956901E-002   26.441831673603900        140.60262778580278        19.412374559364594        3.8950877040771906E-004   3.6529121416892249E-005   2.6854299285826413E-015   1.2745549791843469E-015   4.7737765733393155E-024   1.2597748530618791        2.1141747288578765        2.7396452071766593        0.0000000000000000        0.0000000000000000        1.3108434925505631E-004   166.33590964335642       0.22822970749751986       0.43560755147929953     
   57.543993733715780        5.8335379373817720        8.6149308791551360E-002   31.633820298736303        6.1181782890287657E-006   2.8439690476670712E-008   3.1316147095699320        5.5262244642378024E-003   1.3908390033433092E-009   1.8829151936039422E-005   1.4944274046629965E-021   9.1694362407725202E-002   34.857122777918605        109.01178318224268        32.874697658465188        6.6513389575661433E-004   4.9792660591563181E-005   1.0934894798321062E-014   5.2264605061934969E-015   2.6148193887965880E-023   71.254367254682720        2.6458398224729875        3.4748938687105926        0.0000000000000000        0.0000000000000000        1.7790811210666697E-004   219.36993350811733       0.43049390221046746       0.53909639273214138     
   75.857757502918517        5.5433101736824035        9.6910297601816076E-002   41.718146130812144        1.1690020601162106E-005   3.9252370458347989E-008   4.1293005512568115        6.2566250433386365E-003   2.1296833335273357E-009   2.4821360412483636E-005   4.9197554494639807E-021  0.10319174400556720        45.950636984755313        66.392691587601831        55.546606588864464        1.1306512198127922E-003   6.7056048572264066E-005   4.4503448247157244E-014   2.1411652898838787E-014   1.4251776350224617E-022   159.91800140999823        3.2696146802468244        4.3658963523237757        0.0000000000000000        0.0000000000000000        2.4022068412026126E-004   289.29746232788506       0.82254591935304899       0.62614700809079893     
   100.00000000000020        4.3915051162522296       0.10144011667984079        55.021515160284913        2.7725589555103510E-005   4.5110020197567290E-008   5.4449979612934074        6.7281541888565277E-003   3.4010289135872645E-009   3.2720332687031419E-005   2.0165615447856814E-020  0.10820099120138435        60.574736843626127       0.46764798930638962        92.421886915118023        1.7716950503573266E-003   7.2854142698514576E-005   1.7959470236869089E-013   8.5815269900249056E-014   6.9634181505166229E-022   282.54331112420192        3.2144272182615095        4.6221411568377517        0.0000000000000000        0.0000000000000000        3.0983996522771417E-004   381.54387274562930        1.9508580291073914       0.22406871982582693     
   131.82567385564101        3.5374412598786877       0.10709535384698830        72.559091381902689        4.6803432674604619E-005   5.1582336905296055E-008   7.1795186330540393        7.2560556965289213E-003   5.4201133676255385E-009   4.3132862514406061E-005   5.8793528332531644E-020  0.11439454240603163        79.853055031365599        1.3269822747571586E-003   153.26594233685950        2.7895542353922748E-003   8.0691037158846967E-005   5.2627615815385529E-013   2.3215144628279528E-013   1.7102536685273204E-021   344.89798438723898        3.2397411845708284        4.9784339768717825        0.0000000000000000        0.0000000000000000        4.0278267502265384E-004   503.15092452403718        3.2932339361646723        5.8175419404556353E-002
   173.78008287493799        2.9435147469857479       0.11465109285114129        95.678017874991298        7.2380420039496818E-005   5.9621287923526174E-008   9.4661245063583443        7.8896557009739843E-003   8.5815332345626918E-009   5.6858750229393146E-005   1.5684479050486645E-019  0.12259760730234467        105.26682789074184        2.9172367775872256E-006   253.37245515779776        4.4471112517305211E-003   9.2789747711975664E-005   1.4693212564674483E-012   5.5191238019050480E-013   3.7181750378462067E-021   406.22226756110535        3.4086188998150275        5.5322262573696097        0.0000000000000000        0.0000000000000000        5.2840015749477779E-004   663.45999514676657        5.0929096856022014        1.3124192312653238E-002
   229.08676527677795        2.4562722924840643       0.12300391707566702        126.15630142939975        1.0842885429596981E-004   6.7625401400423560E-008   12.480605756477036        8.5772531285059697E-003   1.3590557866776243E-008   7.4952152779376237E-005   4.0507151108932037E-019  0.13165612235695237        138.76870521378953        1.8847620053896849E-009   416.09568682147926        7.0805317426176377E-003   1.0698079093875757E-004   3.9845566172300556E-012   1.1100525554919459E-012   7.2685409965784725E-021   456.55026069568697        3.6065859578356845        6.1672967917975114        0.0000000000000000        0.0000000000000000        6.9465210296905931E-004   874.79956852895316        7.6293887482465275        1.9562730994316883E-003
   301.99517204020253        2.0342927842121572       0.13172849525769156        166.33678804234711        1.5727571891071569E-004   7.4386872002829621E-008   16.454654991689377        9.2946692795441137E-003   2.1583960791437139E-008   9.8802512152482133E-005   1.0126285687070884E-018  0.14112196704938815        182.93278075001155        1.6243972627142359E-013   677.14253750151306        1.1195354276250173E-002   1.2215535561284187E-004   1.0357854901438816E-011   1.6382215815916464E-012   1.2149511289844490E-020   476.70800811308931        3.7891901041091285        6.8301767908889612        0.0000000000000000        0.0000000000000000        9.1348714614605125E-004   1153.4149979545566        11.066404860780656        1.5079806130743163E-004
   398.10717055349858        1.6497500776965170       0.14013871504796380        219.30808404131758        2.1779198542969274E-004   7.8128334360240827E-008   21.693715731028341        9.9968514774328634E-003   3.4498155018765236E-008   1.3024103379712093E-004   2.4172414931814221E-018  0.15026580755919378        241.15237092284218        3.9978054845148129E-019   1088.6117239559785        1.7432526881028896E-002   1.3595384962245306E-004   2.5032093594344094E-011   1.2096779517019170E-012   1.5541094041898111E-020   436.10747362017651        3.8905177450757775        7.4208207766989762        0.0000000000000000        0.0000000000000000        1.1998749291375719E-003   1520.7227308309307        15.324516097532261        3.6887633719489009E-006
   524.80746024977441        1.2647836198331790       0.14629591521006935        289.14282354877861        2.7657770742363895E-004   7.5253372650899509E-008   28.600515081111908        1.0550280188508105E-002   5.6028870683237306E-008   1.7168056743678634E-004   5.3006458909802950E-018  0.15701787596601424        317.90073798070392        2.5719981808858058E-028   1718.7363104632573        2.6120930587758787E-002   1.4148979285280014E-004   5.1762608539582965E-011   9.7406312262836532E-014   1.1049766044291199E-020   294.25594404367536        3.7476014043844770        7.6560863516181126        0.0000000000000000        0.0000000000000000        1.5698783375514330E-003   2004.9622119599428        19.460860881863638        6.4154200354204088E-009
   691.83097091893910       0.76253117082174871       0.14073420059499123        381.21680753986533        2.5929044867290766E-004   5.3509961644420097E-008   37.706451438273511        1.0278270298989440E-002   9.7352657895091213E-008   2.2629557462190732E-004   8.6616071571063700E-018  0.15123876646860260        419.07479002993017        9.5371561728819554E-055   2590.9757493854499        3.2929121451813786E-002   1.1090048572388360E-004   5.8928209096676518E-011   5.5526164473339222E-024   6.4896223837685177E-022   61.577568733376417        2.7425226852131139        6.3243612089436274        0.0000000000000000        0.0000000000000000        2.0239268359616897E-003   2643.4074002747871        18.244476015886523        3.2880626084674576E-017
   912.01083935591339       0.32606728269252938       0.12130849575668065        502.60621816396826        1.5307904287541516E-004   2.3960843464781326E-008   49.711458580326891        8.8745258941418537E-003   1.8750640234079303E-007   2.9825649807997765E-004   9.0286333201746774E-018  0.13048127814890251        552.44816592403174        1.3682824583284967E-144   3487.4160306378285        2.7304404835748371E-002   5.8032855471211261E-005   2.7699025988996810E-011   3.9852162872953469E-233   6.7602713546152726E-026   3.2967572733221759        1.3763080218482298        3.7807347709514989        0.0000000000000000        0.0000000000000000        2.6084334014576075E-003   3485.1255061852626        10.771113785986485        4.1452081977957718E-046
   1202.2644346174179       0.19239468723069875       0.11716383511721595        662.60693390358233        1.2776762437014791E-004   1.5169452849516435E-008   65.535668456823132        8.4957046342249067E-003   3.3131910138698235E-007   3.9309449456609286E-004   1.3150090501984030E-017  0.12605263424600696        728.26851743540567        8.3841521941327860E-254   4598.8666045378823        2.3638801702566901E-002   4.4155797577894720E-005   2.7181722331766856E-011   0.0000000000000000        1.0320102692837877E-029  0.63448320031979089        1.0079961588130264        3.0313446065319813        0.0000000000000000        0.0000000000000000        3.4508644103570184E-003   4594.5806271078682        8.9901242809316226        1.7343345477904489E-081
   1584.8931924611206       0.13647115085506811       0.12039716736899887        873.52018420754905        1.3156835735663391E-004   1.1848756299139971E-008   86.395385533555341        8.6505545807155707E-003   5.5588077222260446E-007   5.1808033392473679E-004   2.3484672513281242E-017  0.12956580228363918        960.04488059976882        0.0000000000000000        6062.2909079025758        2.2033319772204015E-002   4.1556989148003915E-005   4.1136924788570576E-011   0.0000000000000000        4.5930440441950742E-033  0.22392451417422554       0.91030356934669610        2.8818481137981502        0.0000000000000000        0.0000000000000000        4.5920064561427070E-003   6057.0680752627031        9.2575555811188792        6.2185963992824613E-117
   2089.2961308540494       0.10660715821082703       0.12771476822787844        1151.5549132874803        1.5115292873736622E-004   1.0325562361042543E-008   113.89360021674662        9.1025930792424953E-003   9.0731344385836067E-007   6.8278836784952421E-004   4.6631635117711292E-017  0.13750014967497046        1265.5856331713915        0.0000000000000000        7991.5669644055661        2.1723785999399732E-002   4.3694492051722669E-005   7.7986899047994215E-011   0.0000000000000000        4.7546494115242634E-036  0.10539157510098529       0.91607011183004794        2.9980363130581056        0.0000000000000000        0.0000000000000000        6.1159482658957633E-003   7984.9810739866516        10.635586452159300        4.0302313557170536E-151
   2754.2287033381804        8.8383667474699917E-002  0.13811764408424712        1518.0752947942840        1.8559630341080294E-004   9.6170856002195902E-009   150.14322909997682        9.7764175161656076E-003   1.4558443020204708E-006   8.9983055405119773E-004   9.8708454036729073E-017  0.14879389215446392        1668.3667891484681        0.0000000000000000        10535.153367018716        2.2535654417806486E-002   4.9181581685711380E-005   1.6949334118980606E-010   0.0000000000000000        1.0557198780607890E-038   6.2826133189784528E-002  0.98489788504522080        3.2986501544673250        0.0000000000000000        0.0000000000000000        8.1429070492894853E-003   10526.460056885460        13.059128570089108        2.4256926782290928E-183
   3630.7805477010324        7.6330546422905154E-002  0.15133515267860792        2001.2437388630508        2.3840859802823518E-004   9.3707192216030342E-009   197.92956160000796        1.0649732040467399E-002   2.3087056253061626E-006   1.1858181588863140E-003   2.1809170975064994E-016  0.16317070287796165        2199.3357621649739        0.0000000000000000        13888.609564491489        2.4575271710736396E-002   5.8006485664008806E-005   4.0382572958658324E-010   0.0000000000000000        4.9252251889733666E-041   4.4353368708818348E-002   1.1076986883020608        3.7728082238094571        0.0000000000000000        0.0000000000000000        1.0834227925039987E-002   13876.785030280153        16.775164573047174        4.2027155232326492E-213
   4786.3009232264094        6.7937810467265075E-002  0.16740750493508860        2638.1851307555867        3.1657116265386409E-004   9.4383959266756817E-009   260.92429417734212        1.1723244159475928E-002   3.6295325411635916E-006   1.5626267159761377E-003   4.9698319284899528E-016  0.18069337581054068        2899.2891888243485        0.0000000000000000        18309.865647549952        2.8184610077575542E-002   7.0817850146120978E-005   1.0280243972608500E-009   0.0000000000000000        4.8235077672373749E-043   3.6177825921659613E-002   1.2876486216119007        4.4411082635575783        0.0000000000000000        0.0000000000000000        1.4404043919768111E-002   18293.382468890817        22.274923792683513        4.7161991418348274E-240
   6309.5734448019684        6.1894115078321189E-002  0.18654412068417772        3477.8394401375267        4.3131496217100278E-004   9.7542868476922741E-009   343.96765311945603        1.3010174886942992E-002   5.6677064472799386E-006   2.0590599629093358E-003   1.1592859724932222E-015  0.20161335553403006        3822.0075101824782        0.0000000000000000        24139.000123228765        3.4002675620623375E-002   8.8806165325953397E-005   2.7508750936536495E-009   0.0000000000000000        9.8903078705047041E-045   3.3419890754749243E-002   1.5353718585966214        5.3461996186517977        0.0000000000000000        0.0000000000000000        1.9135725771800727E-002   24115.605480048969        30.348651571615253        5.6985380709285790E-264
   8317.6377110267604        5.7445890079543462E-002  0.20906847040743859        4584.7220594594637        5.9993284158354099E-004   1.0291426991027606E-008   453.44029521468076        1.4532080687660485E-002   8.8028424013576120E-006   2.7130383217352149E-003   2.7536798011653292E-015  0.22631358941683430        5038.3871550909225        0.0000000000000000        31824.477485911484        4.3120267918118467E-002   1.1377847850852579E-004   7.6491113553336915E-009   0.0000000000000000        4.1809641874380564E-046   3.4424543844555497E-002   1.8680679528797091        6.5522962150892807        0.0000000000000000        0.0000000000000000        2.5403891136325085E-002   31790.808243570082        42.213125841828258        9.0561549225317339E-285
   10964.781961431918        5.4126637914996549E-002  0.23539528203202525        6043.8808441754309        8.4875090351296551E-004   1.1043900543385834E-008   597.75356463780861        1.6317073127836146E-002   1.3612327594015028E-005   3.5744731288121739E-003   6.6341698308435206E-015  0.25528682828867355        6641.8878186702059        0.0000000000000000        41957.871940522935        5.7364473242653792E-002   1.4834454880970443E-004   2.1909276629373716E-008   0.0000000000000000        3.5267801751204028E-047   3.9011080081328219E-002   2.3101966038021522        8.1486826122834923        0.0000000000000000        0.0000000000000000        3.3703549010640939E-002   41908.718475229733        59.720732413628198        0.0000000000000000     
   14454.397707459368        5.1629677277924189E-002  0.26602148632793438        7967.4307421517206        1.2177215524120150E-003   1.2018667975258156E-008   787.99577566586879        1.8399063148093107E-002   2.0974024067091313E-005   4.7090439726393965E-003   1.6158606214607554E-014  0.28912959344866684        8755.7133738101711        0.0000000000000000        55319.129122527585        7.9793207588061563E-002   1.9620819491079886E-004   6.4184261902727224E-008   0.0000000000000000        5.6457552794757780E-048   4.8037909123148877E-002   2.8950764696193492        10.255927928325281        0.0000000000000000        0.0000000000000000        4.4688589531733401E-002   55246.749011251988        85.682645738467770        0.0000000000000000     
   19054.607179632600        4.9743896469262833E-002  0.30152616290053919        10503.168098900700        1.7674707547412605E-003   1.3231924208972540E-008   1038.7841782239213        2.0817688488276181E-002   3.2222380869512128E-005   6.2031557275612891E-003   3.9679795960262861E-014  0.32854700711637669        11542.278155917520        0.0000000000000000        72937.206302621504       0.11555747922180246        2.6259370610725018E-004   1.9115581175377538E-007   0.0000000000000000        1.6099570739850574E-048   6.3541217274610928E-002   3.6673613026114937        13.034991933451668        0.0000000000000000        0.0000000000000000        5.9222580761667400E-002   72829.730021396812        124.36469587947113        0.0000000000000000     
   25118.864315095976        4.8318574177756105E-002  0.34257430287151158        13845.926517101296        2.5900332613165125E-003   1.4707344581013749E-008   1369.3880673875656        2.3618524379043486E-002   4.9386021028039347E-005   8.1704431947623151E-003   9.8003100176994054E-014  0.37436327044531736        15215.685957382635        0.0000000000000000        96169.202576737502       0.17339195960630283        3.5484909666657526E-004   5.7572885949991019E-007   0.0000000000000000        7.6158393132296937E-049   8.9326284457486888E-002   4.6864310166144589        16.699515415399155        0.0000000000000000        0.0000000000000000        7.8445782030487132E-002   96008.651371234591        182.24273187959832        0.0000000000000000     
   33113.112148259344        4.7243297857021388E-002  0.38992489555786314        18252.546786847000        3.8252567979517576E-003   1.6475658208590699E-008   1805.2093291879739        2.6853622937765810E-002   7.5549189649796238E-005   1.0760296062389537E-002   2.4294060029013104E-013  0.42753881455801851        20058.180545067065        0.0000000000000000        126805.71793065856       0.26821296089489627        4.8330173317150479E-004   1.7454708909423143E-006   0.0000000000000000        5.5553263996755445E-049  0.13218849850173786        6.0310042869900364        21.532422969510588        0.0000000000000000        0.0000000000000000       0.10386354816822480        126564.46522955109        269.15687123082910        0.0000000000000000     
   43651.583224016918        4.6435922027740169E-002  0.44444060938756885        24061.611091787025        5.6858252680995515E-003   1.8574763422234486E-008   2379.7341805107858        3.0582166255454096E-002   1.1540211886337162E-004   1.4169023883955084E-002   6.0331756694926831E-013  0.48919179952697806        26441.831666723989        0.0000000000000000        167208.48243608061       0.42564048629428203        6.6246164525462213E-004   5.3051887069926472E-006   0.0000000000000000        5.8240582216966248E-049  0.20419295481455674        7.8052512782288108        27.907884122379961        0.0000000000000000        0.0000000000000000       0.13746293694082748        166844.92454575663        400.07220962166781        0.0000000000000000     
   57543.993733716139        4.5834673871540874E-002  0.50710125975333209        31719.457747355660        8.4956209273723757E-003   2.1050675493863374E-008   3137.1060631726614        3.4871408905391338E-002   1.7607851826865307E-004   1.8654462324478881E-002   1.4985703764544549E-012  0.56062713098320227        34857.122774438831        0.0000000000000000        220495.32881175526       0.68993756960922203        9.1273054778203821E-004   1.6107707871568081E-005   0.0000000000000000        8.2345997334509140E-049  0.32691376438446401        10.147038374864392        36.320860845438474        0.0000000000000000        0.0000000000000000       0.18186652926484331        219944.97125180173        597.77810190392916        0.0000000000000000     
   75857.757502918976        4.5392914546755508E-002  0.57901604212569313        41814.475294588527        1.2748334195440261E-002   2.3958414256522130E-008   4135.5173793055401        3.9797511458851631E-002   2.6843198456193238E-004   2.4555055370957403E-002   3.7177464465127689E-012  0.64336860895550207        45950.636984116049        0.0000000000000000        290778.91439424938        1.1378946662330665        1.2627997801279384E-003   4.8702157357983098E-005   0.0000000000000000        1.4848846749452415E-048  0.53926870622106271        13.238716242733338        47.425786218633888        0.0000000000000000        0.0000000000000000       0.24053529513041819        289944.53421426035        897.01212929991732        0.0000000000000000     
   100000.00000000081        4.5075464833498696E-002  0.66144048530076238        55122.310893472575        1.9197657507056237E-002   2.7363909061047752E-008   5451.6806692909713        4.5446739766488012E-002   4.0897917583654467E-004   3.2314750335905251E-002   9.2007035397378295E-012  0.73920197540315569        60574.736845303632        0.0000000000000000        383490.04273642885        1.9033605138128105        1.7530694408681819E-003   1.4623814651259373E-004   0.0000000000000000        3.2594670257145915E-048  0.91227711829870262        17.321715816311759        62.088782951623195        0.0000000000000000        0.0000000000000000       0.31803619137720729        382222.00789825682        1350.8064170559933        0.0000000000000000     
