  0.10000000000000001        7.8073184204101560        2.1774162569838493E-003   5.2945594335768766E-002   4.7729666399340416E-012   2.3368999322232430E-012   5.3160290922170776E-003   1.3569702671876424E-004   2.2300938741402197E-015   8.4841696796070428E-010   3.3304032080780970E-035   2.3131141321195811E-003   6.0574736721234389E-002   8.8458930538884373E-002   5.4953984742878998E-006   8.7814408566558325E-006   2.7007354629578047E-005   6.1108297397586031E-031   2.6190395463908495E-031   9.8543305276702672E-043   0.0000000000000000        1.9367328090767191E-003   2.3082819867934106E-003   0.0000000000000000        0.0000000000000000        7.8260050318247629E-005   9.2158273888520201E-002   0.0000000000000000        7.3337155430362419E-006
  0.13182567385564070        7.6699906921386720        2.4881829281100834E-003   7.0178097138056644E-002   8.8315431524557417E-012   3.4992085353035224E-012   7.0315746328801264E-003   1.5520005742856988E-004   3.3968388537579393E-015   1.1184576759671060E-009   1.0705266473202011E-034   2.6433841039963293E-003   7.9853054774138510E-002  0.11046076622012985        8.8944473516619684E-006   1.5227468614414380E-005   3.7990434685309727E-005   2.5325658224463113E-030   1.0975854493980266E-030   5.6026455114285002E-042   0.0000000000000000        2.5079522412870983E-003   3.0071595107416249E-003   0.0000000000000000        0.0000000000000000        1.1470033331634381E-004  0.11547228506401225        0.0000000000000000        1.0426627287106149E-005
  0.17378008287493754        7.5357146911621093        2.8424126595606391E-003   9.2950400667197342E-002   1.6393098690369708E-011   5.2341893816931157E-012   9.2965244412289098E-003   1.7748971711342547E-004   5.1722124610319989E-015   1.4744582443149594E-009   3.4518695645853043E-034   3.0199038511323087E-003  0.10526682751788653       0.13810585651730134        1.4456617584405977E-005   2.6386346739279434E-005   5.3427179789074350E-005   1.0529854332168148E-029   4.6103349483552393E-030   3.2053720581917368E-041   0.0000000000000000        3.2457885796833572E-003   3.9152227098837441E-003   0.0000000000000000        0.0000000000000000        1.6793101392269580E-004  0.14463083480515818        0.0000000000000000        1.4805920045623764E-005
  0.22908676527677729        7.4029645538330069        3.2459544938920476E-003  0.12303356716785921        3.0520195772429629E-011   7.8207512791543483E-012   1.2286229682674383E-002   2.0295331321476201E-004   7.8734563195904722E-015   1.9437803303691038E-009   1.1163227650364014E-033   3.4489097508871398E-003  0.13876870471868080       0.17235287534231028        2.3597226889576081E-005   4.5690776466255426E-005   7.5104584453435970E-005   4.3903673072534664E-029   1.9404809477162165E-029   1.8437924291791569E-040   0.0000000000000000        4.1976383977344912E-003   5.0938963153883904E-003   0.0000000000000000        0.0000000000000000        2.4557832114254857E-004  0.18113166831965938        0.0000000000000000        2.0983732415668437E-005
  0.30199517204020160        7.2732661437988266        3.7059922091803787E-003  0.16276283813329706        5.6989717384400324E-011   1.1676359986326214E-011   1.6231895503952622E-002   2.3205413525005634E-004   1.1982190568547464E-014   2.5624739814089972E-009   3.6205625600796828E-033   3.9380489069044166E-003  0.18293278009565955       0.21538163150180056        3.8680779654192229E-005   7.9077191877130641E-005   1.0555922674694328E-004   1.8360399370522710E-028   8.1858220481660466E-029   1.0667917377495224E-039   0.0000000000000000        5.4265994950973154E-003   6.6246161400029709E-003   0.0000000000000000        0.0000000000000000        3.5869188338372897E-004  0.22688484088070859        0.0000000000000000        2.9705047813924614E-005
  0.39810717055349720        7.1466194610595695        4.2304930032326235E-003  0.21521816427592563        1.0670782434060547E-010   1.7420760634258883E-011   2.1438399294149885E-002   2.6531329022642507E-004   1.8230396436805350E-014   3.3780235072109711E-009   1.1773628374252232E-032   4.4958096714825561E-003  0.24115237007695020       0.26953273564090191        6.3670945126943781E-005   1.3679876253140747E-004   1.4834270639620543E-004   7.6996159258140512E-028   3.4603886591853018E-028   6.2058178664526433E-039   0.0000000000000000        7.0133470442255352E-003   8.6123900403904316E-003   0.0000000000000000        0.0000000000000000        5.2321616998884371E-004  0.28431379061531525        0.0000000000000000        4.2005158498582066E-005
  0.52480746024977254        7.0214986419677734        4.8281240854887164E-003  0.28446154677270535        2.0028192399638091E-010   2.5969268135965690E-011   2.8307755789394602E-002   3.0330959433252913E-004   2.7732327296861617E-014   4.4531339976866570E-009   3.8375331887349802E-032   5.1314381329552435E-003  0.31790073664248503       0.33656282328913834        1.0523648522946543E-004   2.3654382897208911E-004   2.0839469799852051E-004   3.2360055193216865E-027   1.4651998268563271E-027   3.6253630618955663E-038   0.0000000000000000        9.0595938483673394E-003   1.1191288892233576E-002   0.0000000000000000        0.0000000000000000        7.6207506935126537E-004  0.35649250715100611        0.0000000000000000        5.9284596065670018E-005
  0.69183097091893642        6.9001924819946279        5.5098309910628024E-003  0.37584822689947539        3.7672987714485866E-010   3.8694536064545716E-011   3.7369983120525967E-002   3.4674663740574460E-004   4.2178337175975323E-014   5.8704462074769639E-009   1.2534161352022535E-031   5.8565834989147544E-003  0.41907478840192963       0.42154971317661832        1.7462959113564834E-004   4.0890765143442129E-004   2.9276734626777876E-004   1.3632531535266040E-026   6.2149165740077073E-027   2.1276720041322167E-037   0.0000000000000000        1.1702737556748093E-002   1.4540895704175617E-002   0.0000000000000000        0.0000000000000000        1.1082671265298565E-003  0.44736531501732368        0.0000000000000000        8.3623337155013186E-005
  0.91201083935590965        6.7815565834045408        6.2871466484070784E-003  0.49644068283408993        7.0985587777346142E-010   5.7619784287177866E-011   4.9323942669368029E-002   3.9639049493194432E-004   6.4139718642037980E-014   7.7388503092338810E-009   4.1005336548130421E-031   6.6835448821893316E-003  0.55244816406650876       0.52816446510635895        2.9088465779508006E-004   7.0666952761264774E-004   4.1125266318085189E-004   5.7529336547928150E-026   2.6393536249640055E-026   1.2528470087063659E-036   0.0000000000000000        1.5114604814114370E-002   1.8889226387082826E-002   0.0000000000000000        0.0000000000000000        1.6089552515157520E-003  0.56194184185185503        0.0000000000000000        1.1781443833226491E-004
   1.2022644346174127        6.6659724121093751        7.1737312577188064E-003  0.65555061777810963        1.3392723946029007E-009   8.5752239777067124E-011   6.5091027221005557E-002   4.5313701940580113E-004   9.7521348941751988E-014   1.0201881748046867E-008   1.3430298423811801E-030   7.6268784790063555E-003  0.72826851595478459       0.66253458657615449        4.8628458941464434E-004   1.2210002021366875E-003   5.7767362960973740E-004   2.4309840269041828E-025   1.1218336835289527E-025   7.3963002147661577E-036   0.0000000000000000        1.9520520978565114E-002   2.4535461371607597E-002   0.0000000000000000        0.0000000000000000        2.3314968625787564E-003  0.70663808642532511        0.0000000000000000        1.6583605185145668E-004
   1.5848931924611134        6.5534399681091307        8.1850753590602000E-003  0.86545576202747609        2.5287073903097281E-009   1.2754139474896497E-010   8.5886029706730441E-002   5.1800641767217809E-004   1.4825570260055329E-013   1.3448711559859141E-008   4.4014257917967269E-030   8.7030952254439371E-003  0.96004487856835374       0.83207015637673831        8.1570111814830901E-004   2.1093160659247929E-003   8.1143817845714668E-004   1.0280725371192731E-024   4.7699267362244878E-025   4.3732643980184040E-035   0.0000000000000000        2.5211192777046247E-002   3.1867771294066344E-002   0.0000000000000000        0.0000000000000000        3.3716834583636243E-003  0.88966181444683601        0.0000000000000000        2.3323792874177141E-004
   2.0892961308540392        6.4439592514038093        9.3388893766886329E-003   1.1423440292037301        4.7753185639069231E-009   1.8956153298623053E-010  0.11331053648875336        5.9216635777246409E-004   2.2535730505818541E-013   1.7728916247841108E-008   1.4424544092704651E-029   9.9310734633773455E-003   1.2655856309775817        1.0462266762167642        1.3726031935718031E-003   3.6434298194079630E-003   1.1398257275011116E-003   4.3487038888153818E-024   2.0277090376503884E-024   2.5868503963475692E-034   0.0000000000000000        3.2562900056486474E-002   4.1390919912260751E-002   0.0000000000000000        0.0000000000000000        4.8652715308796042E-003   1.1215309481036675        0.0000000000000000        3.2778727426623598E-004
   2.7542287033381663        6.3373395290374770        1.0655295144987776E-002   1.5075584675799858        9.0135017677007036E-009   2.8149307473280223E-010  0.14947605747757237        6.7694797432542135E-004   3.4252003962176044E-013   2.3371335828404313E-008   4.7240377801132747E-029   1.1332266490649025E-002   1.6683667862038749        1.3163821024603282        2.3164451015380183E-003   6.2926102786403102E-003   1.6011345900604713E-003   1.8385807153866986E-023   8.6122489112677653E-024   1.5286554284375755E-033   0.0000000000000000        4.2061279149772722E-002   5.3759953542007285E-002   0.0000000000000000        0.0000000000000000        7.0038811867548303E-003   1.4157358952858192        0.0000000000000000        4.6029238199616767E-004
   3.6307805477010131        6.2337715339660642        1.2157547831136255E-002   1.9892379640697391        1.6992099828970151E-008   4.1756792744200074E-010  0.19716632599391426        7.7388527179840386E-004   5.2053958853821202E-013   3.0809426279609690E-008   1.5448593231079550E-028   1.2931463912360937E-002   2.1993357571507874        1.6583823196956964        3.9196557011176737E-003   1.0867293712802035E-002   2.2493047029551565E-003   7.7638510594205112E-023   3.6520488733748828E-023   9.0117848871699171E-033   0.0000000000000000        5.4338209282179445E-002   6.9829793633121709E-002   0.0000000000000000        0.0000000000000000        1.0057070811356589E-002   1.7896168208337671        0.0000000000000000        6.4597887447302021E-004
   4.7863009232263831        6.1327784337997429        1.3871701923280940E-002   2.6244813992542060        3.1967888954613612E-008   6.1853989613052983E-010  0.26005130586799585        8.8471142893161575E-004   7.9101792843826498E-013   4.0614752301498615E-008   5.0404326426058074E-028   1.4756453966964856E-002   2.8992891824101918        2.0890291790768969        6.6482028544255622E-003   1.8766322004978075E-002   3.1598938774275169E-003   3.2715045479829486E-022   1.5448450528600201E-022   5.2904581844330778E-032   0.0000000000000000        7.0204474201881695E-002   9.0705377393299286E-002   0.0000000000000000        0.0000000000000000        1.4402114506442000E-002   2.2654542316558537        0.0000000000000000        9.0579014030879265E-004
   6.3095734448019316        6.0346463279724114        1.5828172362105614E-002   3.4621985457294264        5.9962807319618149E-008   9.1461639050920302E-010  0.34296922642291877        1.0114366345028380E-003   1.2019323204518763E-012   5.3540537166306354E-008   1.6391575465344487E-027   1.6839662537145618E-002   3.8220075010745682        2.6337002556271116        1.1299729503103609E-002   3.2405812662545087E-002   4.4394790146797839E-003   1.3743445833207544E-021   6.5127965053053240E-022   3.0873624546290441E-031   0.0000000000000000        9.0719508337733304E-002  0.11783308675496022        0.0000000000000000        0.0000000000000000        2.0565575550626932E-002   2.8719665745636402        0.0000000000000000        1.2693731759661228E-003
   8.3176377110267090        5.9390891170501696        1.8061179729894589E-002   4.5668709121955073        1.1202294947956731E-007   1.3492491972424191E-009  0.45229848896060848        1.1563380536798347E-003   1.8261741248973957E-012   7.0579982915382181E-008   5.3074657606141497E-027   1.9217588363557338E-002   5.0383871429855898        3.3205243967099487        1.9240284838057738E-002   5.5956804410053920E-002   6.2375330893140171E-003   5.7496549912160664E-021   2.7334749125392805E-021   1.7871109105545241E-030   0.0000000000000000       0.11724657722635723       0.15308603862446829        0.0000000000000000        0.0000000000000000        2.9278556177288938E-002   3.6461519957219330        0.0000000000000000        1.7776333806686139E-003
   10.964781961431852        5.8458683848381048        2.0609782537131836E-002   6.0235077223421589        2.0820671645532267E-007   1.9843213235559933E-009  0.59644786252496773        1.3220188361152522E-003   2.7744570642849396E-012   9.3042247722112836E-008   1.7090429725041075E-026   2.1931894415494809E-002   6.6418878026538053        4.1837075014052321        3.2809429829634675E-002   9.6620541689023370E-002   8.7640200319385655E-003   2.3925174523438534E-020   1.1407895086212409E-020   1.0236326946990116E-029   0.0000000000000000       0.15154886136527337       0.19889855946780594        0.0000000000000000        0.0000000000000000        4.1552337271504383E-002   4.6357567267941624        0.0000000000000000        2.4873203591477214E-003
   14.454397707459281        5.7547457151412971        2.3518496633416174E-002   7.9441799108664926        3.8449945637526897E-007   2.9066920007938289E-009  0.78650272219082951        1.5114519127811055E-003   4.2149511441081898E-012   1.2265311360678634E-007   5.4657027458835796E-026   2.5030071199310885E-002   8.7557133506024325        5.2638225982554641        5.6012376666086973E-002  0.16682906621762819        1.2313750165190157E-002   9.8888477147795312E-020   4.7277713488771645E-020   5.7864019914142501E-029   0.0000000000000000       0.19590509962355840       0.25843266537699017        0.0000000000000000        0.0000000000000000        5.8780121848803046E-002   5.9024608313322746        0.0000000000000000        3.4769151512630482E-003
   19.054607179632484        5.6653634836673739        2.6837810632522670E-002   10.476633908512639        7.0455502169263578E-007   4.2358999067070255E-009   1.0370769734957350        1.7280215197261596E-003   6.4031404371068145E-012   1.6168763262849257E-007   1.7335880709162120E-025   2.8565993839881461E-002   11.542278123270666        6.6051507294362990        9.5699109286307857E-002  0.28804054415341029        1.7300104898558086E-002   4.0538005750749162E-019   1.9427833561987281E-019   3.2185829813992916E-028   0.0000000000000000       0.25325233510269024       0.33578762335629642        0.0000000000000000        0.0000000000000000        8.2873440277608332E-002   7.5260128409981952        0.0000000000000000        4.8540903874763428E-003
   25.118864315095820        5.5773879077434536        3.0625163062782294E-002   13.815646510665992        1.2790890191183716E-006   6.1324728354912364E-009   1.3674360972332629        1.9755874356780882E-003   9.7271514737453442E-012   2.1314455171390968E-007   5.4446740251242946E-025   3.2600963643012099E-002   15.215685916575753        8.2555567787835056       0.16356540513716375       0.49728873593172668        2.4302633702436145E-002   1.6454842256271224E-018   7.9032129877707482E-019   1.7559608050047174E-027   0.0000000000000000       0.32737826662632530       0.43627971992580666        0.0000000000000000        0.0000000000000000       0.11644549275128990        9.6096381244597158        0.0000000000000000        6.7661857010437665E-003
   33.113112148259148        5.4902467885017403        3.4945203275836313E-002   18.217994511707232        2.2971636365574176E-006   8.8047227268728128E-009   1.8029776605229813        2.2585205653922430E-003   1.4776861160217744E-011   2.8097734167411499E-007   1.6905614423771693E-024   3.7204004818570224E-002   20.058180490398712        10.253663586483983       0.27953105987707105       0.85846108874969163        3.4131480874731682E-002   6.6022248810828727E-018   3.1772470935884950E-018   9.3643989483028809E-027   0.0000000000000000       0.42313862949229680       0.56677444287373613        0.0000000000000000        0.0000000000000000       0.16305428424098353        12.287031407467879        0.0000000000000000        9.4113816455374116E-003
   43.651583224016655        5.4031652733087547        3.9870423447968234E-002   24.022188257139575        4.0752483306131283E-006   1.2511292802253254E-008   2.3771830030830499        2.5817573758354631E-003   2.2449051214703903E-011   3.7039739609240199E-007   5.1814715276333540E-024   4.2452551221199793E-002   26.441831591543092        12.612615191788469       0.47740132290282833        1.4817144450170114        4.7916208685628223E-002   2.6139752998698629E-017   1.2601437809057701E-017   4.8648970813864043E-026   0.0000000000000000       0.54673305257363491       0.73611190072765742        0.0000000000000000        0.0000000000000000       0.22752613079062720        15.731490826712655        0.0000000000000000        1.3051591709713820E-002
   57.543993733715780        5.3151420141458523        4.5481572295510440E-002   31.674485906639877        7.1325133773267104E-006   1.7554929505550650E-008   3.1341900842062174        2.9508475033302377E-003   3.4107788704517387E-011   4.8827447245889046E-007   1.5655043785443008E-023   4.8432908073313137E-002   34.857122675671690        15.292266882544068       0.81426667321798263        2.5568467436224656        6.7225908748398039E-002   1.0196095268576407E-016   4.9228788631074513E-017   2.4542365751439219E-025   0.0000000000000000       0.70602908106007234       0.95562538977801537        0.0000000000000000        0.0000000000000000       0.31638325591016675        20.167808017111479        0.0000000000000000        1.8023780361480026E-002
   75.857757502918517        5.2246034641265879        5.1866559845870935E-002   41.763188505893254        1.2307482314077839E-005   2.4260896344583265E-008   4.1321852372370520        3.3719356909226190E-003   5.1830040312536863E-011   6.4366435087059998E-007   4.6591150302544416E-023   5.5239139201144420E-002   45.950636853631728        18.134912164965570        1.3859090307304103        4.4104341511339120        9.4222891993096108E-002   3.9136329816844159E-016   1.8920730394476874E-016   1.1994382556413849E-024   0.0000000000000000       0.91086077516260600        1.2396904660700512        0.0000000000000000        0.0000000000000000       0.43839987262417790        25.887645075424686        0.0000000000000000        2.4735687418155110E-002
   100.00000000000020        5.1290104907751104        5.9117555830063603E-002   55.063851107982423        2.0948613579570344E-005   3.2933824932472941E-008   5.4478744497898610        3.8516611266434966E-003   7.8783606942187914E-011   8.4850468446937235E-007   1.3663975869490407E-022   6.2970065461391569E-002   60.574736671956146        20.761813352258677        2.3516315310215425        7.6031432849105807       0.13184756852952975        1.4778315981809985E-015   7.1523504795317679E-016   5.6750211637862179E-024   0.0000000000000000        1.1732101760094908        1.6062221259595819        0.0000000000000000        0.0000000000000000       0.60531507015259289        33.269419508528586        0.0000000000000000        3.3620716782173078E-002
   131.82567385564101        5.0238272259831431        6.7321977825378465E-002   72.598887598892560        3.5273474488431340E-005   4.3782210622408838E-008   7.1823779117481186        4.3967706786130125E-003   1.1981588678785347E-010   1.1185311928439104E-006   3.9598505022994888E-022   7.1719867035184320E-002   79.853054806093638        22.397265839368927        3.9733615558460533        13.093412003053171       0.18398788195617524        5.4984538279946353E-015   2.6631098248790937E-015   2.6065615508133725E-023   0.0000000000000000        1.5068383352887640        2.0766821810583234        0.0000000000000000        0.0000000000000000       0.83270184511349543        42.803622454366277        0.0000000000000000        4.4968674102279345E-002
   173.78008287493799        4.8992786057591440        7.6532239049426853E-002   95.716162699972614        5.9250849925472182E-005   5.6771524778892575E-008   9.4690014314841608        5.0127220651396860E-003   1.8240317136934926E-010   1.4744869375493197E-006   1.1434664944797456E-021   8.1546435601504083E-002   105.26682759427119        21.570838809427819        6.6751953257160910        22.503294378058005       0.25539993694306007        2.0271176863983588E-014   9.8199853561805395E-015   1.1741922903064680E-022   0.0000000000000000        1.9247111826443064        2.6738580847611404        0.0000000000000000        0.0000000000000000        1.1408457275867618        55.123481761829368        0.0000000000000000        5.8345073478605278E-002
   229.08676527677795        4.7265758745670325        8.6633360420758435E-002   126.19268463277967        1.0191014627671992E-004   7.1169965368457545E-008   12.483485625853429        5.6973753248709125E-003   2.7837965136576578E-010   1.9437145654743329E-006   3.3772398875156066E-021   9.2332679460194828E-002   138.76870481467128        15.722816003688500        11.128224998208459        38.487736767914470       0.35002702140273267        7.5405626870551197E-014   3.6483526659296202E-014   5.3601098328661440E-022   0.0000000000000000        2.4254390490735012        3.4080015092284528        0.0000000000000000        0.0000000000000000        1.5545481447658562        71.032641289291362        0.0000000000000000        7.0263633568918418E-002
   301.99517204020253        4.2866264700889589        9.5718078889887287E-002   166.37268969954152        2.1139459337011100E-004   8.0803906557274216E-008   16.457587868022671        6.3617824461365555E-003   4.3105189640217365E-010   2.5622508704561720E-006   1.2035014316651501E-020  0.10208242358689430        182.93278021808695        2.1803118308090279        18.311247278585352        64.010004637462856       0.44612647511248793        3.1318374432065988E-013   1.4952690221380658E-013   2.9401770482758053E-021   0.0000000000000000        2.8291082043478264        4.0988468161065139        0.0000000000000000        0.0000000000000000        2.0829505473882635        91.348759396651957        0.0000000000000000        5.4114161365545900E-002
   398.10717055349858        2.2890802226066596        8.6569094603123120E-002   219.36145559375424        3.1648236737457806E-004   4.5325777613721385E-008   21.697649273378296        6.0632966959350918E-003   7.6076510283851115E-010   3.3775120420159714E-006   3.1471025892390673E-020   9.2635768811100236E-002   241.15237022316637        1.7297452122705150E-010   28.618239316746600        82.640185307096672       0.30677498764152750        4.9140052835520138E-013   1.1540410541785412E-013   1.2439302786881818E-021   0.0000000000000000        1.7277864121727295        3.0139306633115917        0.0000000000000000        0.0000000000000000        2.5305301109671476        114.84850886403524        0.0000000000000000        8.6785054197440362E-005
   524.80746024977441        1.1874543523788452        7.8409884776807409E-002   289.21069126895929        2.8528214037558343E-004   2.3631555896932118E-008   28.605399204686609        5.6661435685767796E-003   1.3673222334841087E-009   4.4520637257166548E-006   4.9634578150543481E-020   8.4080480409109912E-002   317.90073706627203        5.9586968016535320E-031   43.624972729236106        100.71461376490262       0.20465318855342865        4.4779846838067965E-013   2.3569153930780681E-016   7.4842798935155387E-023   0.0000000000000000        1.0443175489066205        2.1674209891798153        0.0000000000000000        0.0000000000000000        3.1852122538084897        145.33401793720833        0.0000000000000000        5.2163590563242713E-011
   691.83097091893910       0.68041463065147401        7.4187074362194627E-002   381.28331996920815        2.7604779735835764E-004   1.3730643374204734E-008   37.711303579528106        5.4261161947285700E-003   2.4104530863313737E-009   5.8683551507209256E-006   8.3802988158541678E-020   7.9619058912073923E-002   419.07478883488795        7.3656135770628897E-063   65.178775739903287        121.41151296600289       0.15319964282933238        4.9407300923177745E-013   6.6561902737328221E-032   2.7497478662291941E-024   0.0000000000000000       0.72182871746708088        1.7076198207022684        0.0000000000000000        0.0000000000000000        4.1562901952719251        185.66510499375784        0.0000000000000000        4.5274233961521165E-021
   912.01083935591339       0.43489959353208540        7.3207337504946068E-002   502.65403802351540        2.9295295475246819E-004   9.1191968080328737E-009   49.714967951549134        5.3651274376117861E-003   4.1390713470271008E-009   7.7350373095049013E-006   1.5469632543094472E-019   7.8580199979867371E-002   552.44816434591655        3.4612770811585002E-105   95.595428631722584        146.00460508588461       0.12982757203148063        6.8232502006609084E-013   1.3664394101533947E-096   7.7402416450109676E-026   0.0000000000000000       0.57130094964178257        1.4849241523765420        0.0000000000000000        0.0000000000000000        5.5233265162069491        238.92100801765798        0.0000000000000000        1.3058208533184103E-034
   1202.2644346174179       0.30441441005468362        7.4662679725435929E-002   662.64901303971908        3.3775355267900102E-004   6.8015347886768595E-009   65.538706537628272        5.4575921731595690E-003   6.9413455161500943E-009   1.0195280259521719E-005   3.0939992568072855E-019   8.0130467178855025E-002   728.26851535635126        1.5032814304716053E-155   137.91408981466410        175.71991635029292       0.12186285403905295        1.1423368472336881E-012   7.3250882324951328E-293   1.9408659013726737E-027   0.0000000000000000       0.50401303577447853        1.4020570531571950        0.0000000000000000        0.0000000000000000        7.3952050502741535        309.02051497283190        0.0000000000000000        8.0057434024499069E-051
   1584.8931924611206       0.22829407942295071        7.8009764578773663E-002   873.56199960545518        4.1622489781870613E-004   5.5490396080034191E-009   86.398359341056050        5.6767035914464829E-003   1.1425963041232737E-008   1.3437721479637623E-005   6.5996748795744214E-019   8.3699905891699775E-002   960.04487786447703        1.4257389165316696E-211   196.04187152761810        212.01938532756299       0.12354666004065687        2.2201175226994324E-012   0.0000000000000000        4.7560162781674166E-029   0.0000000000000000       0.48195676466552939        1.4096178094902561        0.0000000000000000        0.0000000000000000        9.9253085760912398        401.10008369891324        0.0000000000000000        6.4741209366540774E-069
   2089.2961308540494       0.18028897857666012        8.2963401839171114E-002   1151.5988819237152        5.4074254659049800E-004   4.8449397843927880E-009   113.89669653189858        6.0062225945331782E-003   1.8541033246289849E-008   1.7710888448811822E-005   1.4812326765203718E-018   8.8987335322153110E-002   1265.5856295651408        2.9618578275202428E-271   274.91599421278642        256.97053270142919       0.13266512531205832        4.8353949238303631E-012   0.0000000000000000        1.2170367630673213E-030   0.0000000000000000       0.48913318713994497        1.4860204621194679        0.0000000000000000        0.0000000000000000        13.323392939455740        521.93460909555313        0.0000000000000000        3.1862804847538123E-088
   2754.2287033381804       0.14810279226303100        8.9410978955423229E-002   1518.1229018702240        7.3305591465036297E-004   4.4548532988060231E-009   150.14656611010079        6.4393358992439345E-003   2.9755832863902470E-008   2.3342185437723300E-005   3.4628296603347726E-018   9.5873657040104879E-002   1668.3667844070087        0.0000000000000000        380.68547810091496        313.59371854731916       0.14881616445783899        1.1502826958753719E-011   0.0000000000000000        3.4332260021160455E-032   0.0000000000000000       0.51920671059617762        1.6246091545539141        0.0000000000000000        0.0000000000000000        17.871057864460731        680.45319856926722        0.0000000000000000        3.3261870975303997E-108
   3630.7805477010324       0.12546815475821493        9.7351323912933940E-002   2001.2961348988813        1.0292363455020330E-003   4.2641258390071325E-009   197.93323515251998        6.9760862450308735E-003   4.7339192512071505E-008   3.0762878922916945E-005   8.3695671800517343E-018  0.10435817303688773        2199.3357559342508        0.0000000000000000        520.93022849059923        386.31928227129970       0.17271458870917258        2.9339847552229113E-011   0.0000000000000000        1.1193973492487016E-033   0.0000000000000000       0.57062514145276400        1.8276702215696841        0.0000000000000000        0.0000000000000000        23.943336969629708        888.41147104819390        0.0000000000000000        2.0657894551970126E-128
   4786.3009232264094       0.10894889265298843       0.10686069130625958        2638.2433259687896        1.4883157802178496E-003   4.2134097475649682E-009   260.92839569346035        7.6215959384068688E-003   7.4784670627084072E-008   4.0540991621827289E-005   2.0796196921990722E-017  0.11452282823628829        2899.2891805810555        0.0000000000000000        704.95806546066228        481.68639438297595       0.20598872792913889        7.9156662207788636E-011   0.0000000000000000        4.4013682501292276E-035   0.0000000000000000       0.64471943015915323        2.1040913278290527        0.0000000000000000        0.0000000000000000        32.037986228670320        1161.2776715861801        0.0000000000000000        1.8183770886406560E-148
   6309.5734448019684        9.6518468290567400E-002  0.11806727767671001        3477.9043557183677        2.2066136289314469E-003   4.2702091885593551E-009   343.97227869589926        8.3844255382423856E-003   1.1746633427416192E-007   5.3424553090884299E-005   5.2878100948733397E-017  0.12650512776804326        3822.0074993447397        0.0000000000000000        944.09910561267372        609.07685856292028       0.25116412732217858        2.2347203241634620E-010   0.0000000000000000        2.1495431241083520E-036   0.0000000000000000       0.74486308567096504        2.4683447190779186        0.0000000000000000        0.0000000000000000        42.814530281757285        1519.3966396353808        0.0000000000000000        4.3551790706227611E-168
   8317.6377110267604        8.6919236242771133E-002  0.13114283182873990        4584.7944870275778        3.3419351154933231E-003   4.4166663466757889E-009   453.44555107560700        9.2760538774121076E-003   1.8364194129718053E-007   7.0398489916148569E-005   1.3705790857476006E-016  0.14048928419606815        5038.3871408591222        0.0000000000000000        1252.1293863102524        781.94589288738882       0.31183578544569618        6.5440669651641146E-010   0.0000000000000000        1.3255137388142296E-037   0.0000000000000000       0.87633057265939884        2.9408256607877239        0.0000000000000000        0.0000000000000000        57.146055655628636        1989.5268962895013        0.0000000000000000        4.4429988945859114E-187
   10964.781961431918        7.9327170535922031E-002  0.14629458464055087        6043.9613163429394        5.1537428128553553E-003   4.6430381221257235E-009   597.75957120677958        1.0310281833003414E-002   2.8599913621317271E-007   9.2759375348792775E-005   3.6091609748207557E-016  0.15669762584890309        6641.8877999018187        0.0000000000000000        1645.7074831356883        1019.2925800572358       0.39291561876024600        1.9727375642213908E-009   0.0000000000000000        1.0314907116930070E-038   0.0000000000000000        1.0463302058631154        3.5484710100764847        0.0000000000000000        0.0000000000000000        76.187632533999960        2606.8620761101047        0.0000000000000000        2.3940818403395266E-205
   14454.397707459368        7.3189443618059152E-002  0.16376383858618204        7967.5192698221217        8.0704363127138898E-003   4.9446026381884420E-009   788.00267136312516        1.1503110259498756E-002   4.4403226693054733E-007   1.2221366046928747E-004   9.6271001207479156E-016  0.17538916250615011        8755.7133490067190        0.0000000000000000        2144.9164167995182        1347.7396687175735       0.50101337033664672        6.0813189696154144E-009   0.0000000000000000        9.9703204751245104E-040   0.0000000000000000        1.2642812920911801        4.3260232993383605        0.0000000000000000        0.0000000000000000        101.46665588277224        3417.6947382379699        0.0000000000000000        6.8535725686849507E-223
   19054.607179632600        6.8114158868789659E-002  0.18382739905918510        10503.263695998327        1.2802126223222981E-002   5.3200370382804754E-009   1038.7921227570325        1.2872811591479377E-002   6.8769859978888424E-007   1.6100662555333591E-004   2.5944332128815003E-015  0.19686121727621780        11542.278123218459        0.0000000000000000        2773.9016743451521        1804.3262958361145       0.64495896678616960        1.9058222967454492E-008   0.0000000000000000        1.1646627442035131E-040   0.0000000000000000        1.5422564582750733        5.3178077568215638        0.0000000000000000        0.0000000000000000        135.00205298385760        4482.9247707727791        0.0000000000000000        8.8988467643201239E-240
   25118.864315095976        6.3828627765178683E-002  0.20680098952757170        13846.026367652408        2.0530058608959810E-002   5.7705605775653387E-009   1369.3972453016186        1.4440134238529440E-002   1.0630442831941203E-006   2.1209157854849836E-004   7.0479398101514147E-015  0.22145321534464962        15215.685914195010        0.0000000000000000        3561.5984400721049        2440.1837239523570       0.83650442883656428        6.0405078585288367E-008   0.0000000000000000        1.5882415899336162E-041   0.0000000000000000        1.8955928062849572        6.5800887337394816        0.0000000000000000        0.0000000000000000        179.46154997541819        5882.6800824706388        0.0000000000000000        4.0075602900061163E-256
   33113.112148259344        6.0136156946420660E-002  0.23304367002353743        18252.644811703445        3.3225260911356337E-002   6.2994656279230617E-009   1805.2199533809080        1.6228562569860383E-002   1.6408673235486709E-006   2.7935164203167848E-004   1.9261857366059293E-014  0.24955158423542950        20058.180487838770        0.0000000000000000        4542.4962604482544        3325.1934136859504        1.0912516991547323        1.9274575218237135E-007   0.0000000000000000        2.4342564933920367E-042   0.0000000000000000        2.3436807113449381        8.1840738751895543        0.0000000000000000        0.0000000000000000        238.36911863817181        7722.4018867746609        0.0000000000000000        4.4927251852625056E-272
   43651.583224016918        5.6896676898002624E-002  0.26296670329625765        24061.695489321013        5.4186806436622929E-002   6.9121322003964611E-009   2379.7464964826486        1.8264903314510941E-002   2.5300293365170107E-006   3.6789024676539545E-004   5.2870823474005651E-014  0.28159949685753394        26441.831591023147        0.0000000000000000        5757.6865000315111        4554.5742637667918        1.4299500173049566        6.1672850192807378E-007   0.0000000000000000        4.0456690361851755E-043   0.0000000000000000        2.9111028956625207        10.220152224085288        0.0000000000000000        0.0000000000000000        316.37866737038809        10140.862559515954        0.0000000000000000        9.0189460821249084E-288
   57543.993733716139        5.4009233262389898E-002  0.29704054830456295        31719.506799288134        8.8950825463637875E-002   7.6159391031993913E-009   3137.1203535199602        2.0579687625329784E-002   3.8979551979562703E-006   4.8441106208429438E-004   1.4553977511809265E-013  0.31810464699197705        34857.122674694954        0.0000000000000000        7255.8953782523004        6257.0938457438533        1.8801878783048096        1.9719513142642791E-006   0.0000000000000000        7.0603175519352302E-044   0.0000000000000000        3.6290073961190141        12.803050586105538        0.0000000000000000        0.0000000000000000        419.63500733758138        13320.723865858992        0.0000000000000000        0.0000000000000000     
   75857.757502918976        5.1401183605194085E-002  0.33580084355023465        41814.450223285545       0.14682676641941259        8.4201708249367742E-009   4135.5339675414052        2.3207445075599777E-002   6.0022422499934461E-006   6.3771441069409478E-004   4.0127141559366541E-013  0.35964600303652855        45950.636852648422        0.0000000000000000        9094.3325744506510        8604.7296144234570        2.4785903321264033        6.2813170630818565E-006   0.0000000000000000        1.2566497013753316E-044   0.0000000000000000        4.5367699919099271        16.078121082686334        0.0000000000000000        0.0000000000000000        556.24985921101427        17502.442095517941        0.0000000000000000        0.0000000000000000     
   100000.00000000081        4.9019629333168273E-002  0.37986348225596961        55122.143682662921       0.24350614746964394        9.3365149084710280E-009   5451.6999259917902        2.6187632802859729E-002   9.2392071647799858E-006   8.3934460409330241E-004   1.1068881338315954E-012  0.40689045966292264        60574.736672064697        0.0000000000000000        11340.440187561799        11827.810948015007        3.2739773987063221        1.9879448915417521E-005   0.0000000000000000        2.2316550723469632E-045   0.0000000000000000        5.6844942001750312        20.230593116177062        0.0000000000000000        0.0000000000000000        736.92986272531027        23002.593897602303        0.0000000000000000        0.0000000000000000     
