  0.10000000000000001        7.7417062835693358        3.8905703678080413E-003   5.1232387292204459E-002   2.6508221027073187E-008   2.8024520567389637E-012   5.2059280651699739E-003   2.4579805163797729E-004   2.3939027869290527E-011   8.5445434879864520E-006   5.7767327850484863E-024   4.1449129629340048E-003   6.0574736793262508E-002  0.10505352366480228       0.26730556543781359        8.4295214315309758E-002  0.93871737205421646        1.0488270066837483E-019   4.3615242331270918E-020   9.2919132424730023E-028   6.7346791960848070E-004   6.1762074012140875E-003   7.3822185687836559E-003   0.0000000000000000        0.0000000000000000        1.3857336613608842       0.14932082759849019        1.8652002232536853E-003  0.12781752534728372     
  0.13182567385564070        7.6669389648437498        4.4701791264490200E-003   6.8196008871234365E-002   4.6151309157102374E-008   4.2662197910006036E-012   6.9049264530633096E-003   2.8184823583382351E-004   3.6484731353638779E-011   1.1263897131669077E-005   1.7470067313738923E-023   4.7632912594145127E-003   7.9853054989198841E-002  0.14602830390721355       0.41133324461282678       0.14730135952023571        1.3337706777228526        4.1308701538435115E-019   1.7399271956864750E-019   4.7730644803079319E-027   1.3347772799586917E-003   8.1175841371723609E-003   9.7347014346928183E-003   0.0000000000000000        0.0000000000000000        2.0371791761300146       0.20427622353774552        3.2473485133295483E-003  0.18755814718549513     
  0.17378008287493754        7.5761500778198236        5.1280269510085037E-003   9.0664626477076321E-002   8.0122344618616257E-008   6.4696168158932761E-012   9.1510864214566414E-003   3.2292773547220314E-004   5.5598789875722465E-011   1.4848700870912997E-005   5.2680083611801561E-023   5.4658033873516195E-003  0.10526682782970290       0.19643367126663791       0.63361804598052751       0.25683938516806093        1.8897396886600668        1.6177796007646660E-018   6.8976962472848998E-019   2.4238848864873215E-026   2.6281148233464439E-003   1.0625421328948446E-002   1.2793683038607936E-002   0.0000000000000000        0.0000000000000000        2.9897347974904087       0.27971512393895515        5.6376553868938408E-003  0.27269889158808136     
  0.22908676527677729        7.4647620315551748        5.8721857692367223E-003  0.12040705892436442        1.3869129694140054E-007   9.7695212987577045E-012   1.2119543320711499E-002   3.6963967925366764E-004   8.4736542374346380E-011   1.9574388636822098E-005   1.5837786784085681E-022   6.2613998371272121E-003  0.13876870507616018       0.25275117477719611       0.97732545647573343       0.44679441668804165        2.6679763705930952        6.2938758792847628E-018   2.7156920035926522E-018   1.2144130561858127E-025   5.1354819752381358E-003   1.3840872240820729E-002   1.6749009679064227E-002   0.0000000000000000        0.0000000000000000        4.3791580780241013       0.38332476360087425        9.7587475883139426E-003  0.39173359120483386     
  0.30199517204020160        7.3259084396362297        6.7098602233541145E-003  0.15975849195234293        2.3933914238831567E-007   1.4678966253997832E-011   1.6041361024826686E-002   4.2258862278914637E-004   1.2919979747899471E-010   2.5804052378659782E-005   4.7465553090520644E-022   7.1582528985219204E-003  0.18293278050159767       0.30531996508494291        1.5099817399706552       0.77518732906959897        3.7490658666574532        2.4288418096315967E-017   1.0606879638602421E-017   5.9841526833209973E-025   9.9429540228248535E-003   1.7920380659900710E-002   2.1823533901122315E-002   0.0000000000000000        0.0000000000000000        6.3996766570014643       0.52564962301359630        1.6840640545440683E-002  0.55343664388792324     
  0.39810717055349720        7.1466194610595695        7.6446249488908938E-003  0.21180320964900157        4.1164862124987285E-007   2.1908880212859277E-011   2.1221444775075926E-002   4.8226780231583620E-004   1.9718084205436401E-010   3.4016339192369058E-005   1.4176711437287297E-021   8.1609090903990988E-003  0.24115237047252672       0.33379566084653489        2.3377568700836702        1.3403925303621633        5.2318978068251116        9.2711476534834537E-017   4.1005647157888899E-017   2.8826678291291292E-024   1.9013202380098737E-002   2.3004942647802128E-002   2.8250069145346682E-002   0.0000000000000000        0.0000000000000000        9.3258560334050120       0.72105700467619316        2.8964867143410459E-002  0.76210137463610572     
  0.52480746024977254        6.9074403343200679        8.6731305363935713E-003  0.28061513053716541        7.0536372591100371E-007   3.2390744639834130E-011   2.8062152044242013E-002   5.4891332826277237E-004   3.0145701256799899E-010   4.4842226846538395E-005   4.2180260799326096E-021   9.2668860915028819E-003  0.31790073717351558       0.31031196883423529        3.6285505583364528        2.3068405907374299        7.2248914506091451        3.4847690633529007E-016   1.5631532298226301E-016   1.3443189558529967E-023   3.5721862098122510E-002   2.9162891930919040E-002   3.6222791381461353E-002   0.0000000000000000        0.0000000000000000        13.539790912475157       0.98894555468170153        4.9631568172778195E-002   1.0072574012452877     
  0.69183097091893642        6.5728947296142577        9.7742204666345055E-003  0.37158143320955228        1.2027046394655879E-006   4.7165969593004750E-011   3.7094715250189807E-002   6.2201449616267729E-004   4.6237794031486137E-010   5.9113502809373017E-005   1.2487297615164997E-020   1.0455348465606557E-002  0.41907478883181820       0.21567741201319682        5.6503556422439294        3.9410046267734384        9.8039008773013148        1.2781028681488419E-015   5.8279884940684211E-016   5.9482190303330438E-023   6.5235489200793792E-002   3.6218243617500333E-002   4.5736045943246303E-002   0.0000000000000000        0.0000000000000000        19.555613726376880        1.3548909006127661        8.4626009408491104E-002   1.2373962336985502     
  0.91201083935590965        6.0895774192810057        1.0893553625783441E-002  0.49183021050903913        2.0335680352506880E-006   6.6957867274336360E-011   4.9020801254116377E-002   6.9953190565344328E-004   7.1339763584513731E-010   7.7926669639840729E-005   3.6657119668872383E-020   1.1671012201076724E-002  0.55244816443066280        8.6853553977170497E-002   8.8362148025788141        6.6512760398003117        12.912895392816971        4.4954455200666044E-015   2.0894713363104938E-015   2.4005754152138477E-022  0.11341476843045738        4.3458791173361516E-002   5.6279961397520374E-002   0.0000000000000000        0.0000000000000000        28.029669056045652        1.8513056841668805       0.14308812158602757        1.3239558268647096     
   1.2022644346174127        5.2352845096588148        1.1781786340807857E-002  0.65093589173253830        3.3365497246697325E-006   8.9202953927383480E-011   6.4774023919642335E-002   7.7014031909933051E-004   1.1198858674859871E-009   1.0272717797720290E-004   1.0442966483058905E-019   1.2654653837884390E-002  0.72826851541153714        6.2763265396635157E-003   13.927676667579073        10.857159104600415        15.659143283132826        1.3974951472157419E-014   6.6264552782276939E-015   7.3314685357775437E-022  0.77430070616411739        4.7445882366046882E-002   6.4532023027401700E-002   0.0000000000000000        0.0000000000000000        39.504293226726325        2.5068015585258290       0.23476993363662677       0.90969656075371186     
   1.5848931924611134        4.2928729743957525        1.2514713370710006E-002  0.86111550825903871        5.3100859193041565E-006   1.1252108393059815E-010   8.5568549811309333E-002   8.3548637966088615E-004   1.7792326610956945E-009   1.3542049263742120E-004   2.8859057249637113E-019   1.3485620243008313E-002  0.96004487799255755        7.7667060649114095E-005   22.083128165170777        17.322503513050147        18.022359478460977        3.9721802664870857E-014   1.8597853607291163E-014   1.7790280203687323E-021  0.99818895345839942        4.8898450401673982E-002   7.0812582534767327E-002   0.0000000000000000        0.0000000000000000        55.176332847102714        3.3757806530454499       0.37363402968712606       0.38001220903293687     
   2.0892961308540392        3.1484752388000490        1.2750786437231008E-002   1.1389162509997852        7.9447094895843625E-006   1.2631894263019919E-010  0.11302737631367665        8.7532664826248747E-004   2.9098266132086746E-009   1.7851841271810553E-004   7.4997560464200241E-019   1.3804631498211602E-002   1.2655856298179344        6.4378075976814948E-009   35.370256954336483        26.169668500385971        18.360071950390346        9.2347476042638518E-014   3.6737787771349276E-014   2.4817904930520029E-021  0.86342714390215125        4.4060578910364752E-002   7.0106800157226146E-002   0.0000000000000000        0.0000000000000000        75.869237046838734        4.4853689001394770       0.55901427328994002        3.6605324451429222E-002
   2.7542287033381663        1.9815710144042966        1.2307815452842799E-002   1.5058839909164623        1.0986303064612087E-005   1.1917363439371606E-010  0.14928143561766560        8.7157011764702125E-004   4.9670519586042516E-009   2.3533196964333470E-004   1.8023470152940522E-018   1.3414717540133155E-002   1.6683667847107468        3.1615670572989151E-018   57.244292495586684        36.319648259515255        15.853993676439961        1.6396716662467580E-013   2.2895786142157724E-014   1.3483828241000886E-021  0.43796656861372935        3.3241542242417120E-002   6.0352519662242775E-002   0.0000000000000000        0.0000000000000000        103.32026596998055        5.8560301746839958       0.77303018214306873        8.2941427553151917E-005
   3.6307805477010131        1.1064882125854489        1.1438627424476201E-002   1.9899283163397830        1.4300440809126304E-005   9.5695349328023112E-011  0.19711054986308288        8.2966177938502265E-004   8.8114023822821597E-009   3.1022569149963166E-004   4.0790038063816805E-018   1.2578514895360854E-002   2.1993357562883453        2.0963916769168254E-038   92.548874343601454        45.755452496303569        12.058725211723297        2.3604265378024421E-013   2.0669154656572335E-017   2.0402768334808083E-022  0.15543089473591756        2.2051837117542713E-002   4.6572653981078758E-002   0.0000000000000000        0.0000000000000000        142.02526188155235        7.5551941231712529        1.0062231397032197        5.6023378994636583E-011
   4.7863009232263831       0.63384002697467801        1.0785872264475053E-002   2.6275296126681997        1.8839149435057207E-005   7.6290583068567595E-011  0.26014571533648406        7.9030248294905086E-004   1.5634411757225338E-008   4.0895308963198942E-004   9.3426341696488042E-018   1.1985127837056093E-002   2.8992891810509782        1.0401039856368282E-072   146.27923424374174        54.655606459445586        9.4459716809814385        3.5500493629055080E-013   5.2332615681585708E-037   1.1619455159750023E-023   6.4807960984695309E-002   1.5285449578697666E-002   3.6728372178776399E-002   0.0000000000000000        0.0000000000000000        199.37048123751785        9.8012456003762995        1.3255806829243857        8.0339936376640635E-022
   6.3095734448019316       0.40509160876274108        1.0592593385904259E-002   3.4673818434796138        2.6199485050678243E-005   6.7546141437823949E-011  0.34320394600274040        7.7671778458951403E-004   2.7030177707196064E-008   5.3909874617732328E-004   2.2582255304030302E-017   1.1908409916671097E-002   3.8220074996229498        3.4561537366202601E-118   224.65209043271508        64.878813659041796        8.3186514300300605        6.4601092612857195E-013   2.7908631138528580E-119   4.5113053416782846E-025   3.7464013606012009E-002   1.2122790742828453E-002   3.1954455197217971E-002   0.0000000000000000        0.0000000000000000        283.19375461428217        12.893170175045949        1.8434766073418452        2.1742191949099139E-036
   8.3176377110267090       0.28510418836772433        1.0757949012071159E-002   4.5740979194384810        3.8222247193069068E-005   6.6366630853556642E-011  0.45266864239734450        7.8618553114241391E-004   4.5593836696377853E-008   7.1066059374663877E-004   5.7244627041118982E-017   1.2254795136960211E-002   5.0383871408734251        2.6957547128124119E-171   337.48978032918916        77.359704197445737        8.1111105252783418        1.3906415138020866E-012   0.0000000000000000        1.5351010823181080E-026   2.5998420898692937E-002   1.0776543961002982E-002   3.0333418895872679E-002   0.0000000000000000        0.0000000000000000        403.17925003078500        17.158560933239183        2.6894352482182180        1.6914746132349560E-053
   10.964781961431852       0.21468200479447844        1.1173764254178381E-002   6.0328288194768236        5.7666632424818474E-005   7.0385307307876521E-011  0.59695736933549082        8.1251322985949944E-004   7.5578166095988391E-008   9.3681764278700499E-004   1.5003653652125552E-016   1.2923095126824885E-002   6.6418877995612018        3.7003165907381888E-230   499.20037188436112        92.367609657857628        8.4886069483481155        3.3675201533472084E-012   0.0000000000000000        4.7605092326977074E-028   2.0182037682357372E-002   1.0362531779212055E-002   3.0617871178662260E-002   0.0000000000000000        0.0000000000000000        573.03697678611320        23.023048070992946        4.0576021892682803        1.6232002170905390E-072
   14.454397707459281       0.16936597785912452        1.1777058445559579E-002   7.9557440291737977        8.9042605089529743E-005   7.8769544283911817E-011  0.78716255906178845        8.5161671752185782E-004   1.2382548818814418E-007   1.2349419763718790E-003   4.0239774059892026E-016   1.3863617139453315E-002   8.7557133486088485        5.9203614810241444E-294   730.02779104552803        109.92143968610240        9.3254582348362920        8.8437596269941645E-012   0.0000000000000000        1.3203400855714163E-029   1.7193700008145834E-002   1.0513093757272073E-002   3.2247220928405547E-002   0.0000000000000000        0.0000000000000000        811.99303678517867        31.075791170175563        6.2653124373174123        3.6588298873185012E-093
   19.054607179632484       0.13811976602021603        1.2533724325607266E-002   10.490659848314140        1.3977637929174055E-004   9.1592580802920730E-011   1.0379038694755338        9.0112773203226948E-004   2.0129977662135581E-007   1.6279325162916784E-003   1.0970343790579535E-015   1.5062784573931214E-002   11.542278122605895        0.0000000000000000        1058.0712611211127        129.87181506854995        10.603696882746437        2.4603322223567874E-011   0.0000000000000000        3.1830775152969371E-031   1.5383096415468525E-002   1.1077395358290280E-002   3.5009552975152000E-002   0.0000000000000000        0.0000000000000000        1146.6352890402529        42.137602244693497        9.8350973305329994        2.5197294605478737E-115
   25.118864315095820       0.11543302153842522        1.3424752188699186E-002   13.832405256175612        2.2210866120707837E-004   1.0950101606617137E-010   1.3684520395832342        9.5964797401492416E-004   3.2558321702895111E-007   2.1459727919744638E-003   3.0271315908559157E-015   1.6530372954688573E-002   15.215685913243975        0.0000000000000000        1522.1221792854196        151.89444657856239        12.368129380051588        7.1418908681967376E-011   0.0000000000000000        6.4983279198578307E-033   1.4253860190420617E-002   1.2001486684014932E-002   3.8872857480907935E-002   0.0000000000000000        0.0000000000000000        1613.4690699725279        57.352553402107318        15.628250724441793        5.8263017449846253E-139
   33.113112148259148        9.8302259145770204E-002   1.4438543715646183E-002   18.237793254643307        3.5625166435431746E-004   1.3359634531706700E-010   1.8042099096582411        1.0262752829413308E-003   5.2493953078034295E-007   2.8288473564975639E-003   8.4305706392086730E-015   1.8293666355085076E-002   20.058180486628846        0.0000000000000000        2175.5158777277561        175.47853536710358        14.711905917381600        2.1416088409994878E-010   0.0000000000000000        1.1000420330483787E-034   1.3542805991803804E-002   1.3281916231445699E-002   4.3914523236181779E-002   0.0000000000000000        0.0000000000000000        2262.3928854672145        78.317019373962879        25.066966327522589        4.6378116167616533E-164
   43.651583224016655        8.4968635541037660E-002   1.5566618948293568E-002   24.045348890785441        5.7565681841974931E-004   1.6541243444941203E-010   2.3786644411831728        1.1003242098314814E-003   8.4495619115491763E-007   3.7289941388966704E-003   2.3651351220321504E-014   2.0395937297021719E-002   26.441831588763577        0.0000000000000000        3091.3480324860711        199.93708521577165        17.776649719259652        6.5885841696636518E-010   0.0000000000000000        1.5203285653397961E-036   1.3072812277441987E-002   1.4947508974840856E-002   5.0294807223210392E-002   0.0000000000000000        0.0000000000000000        3161.3723226264256        107.26240093370609        40.504989947738224        1.2792448516534236E-190
   57.543993733715780        7.4339976379764250E-002   1.6800937774616418E-002   31.701309155480516        9.3581975058286231E-004   2.0692840273156445E-010   3.1359597903108427        1.1811473645605315E-003   1.3594734872667573E-006   4.9155260475750003E-003   6.6747869594755209E-014   2.2897611186751949E-002   34.857122670431700        0.0000000000000000        4369.5592356261986        224.44515845685717        21.761253934002692        2.0694954422083877E-009   0.0000000000000000        1.6983663504430497E-038   1.2729418386278245E-002   1.7052799215856305E-002   5.8250867124217641E-002   0.0000000000000000        0.0000000000000000        4402.6917149094679        147.31393821519347        65.847165146603771        1.2423053559476609E-218
   75.857757502918517        6.5704310135741267E-002   1.8131971032194608E-002   41.793889647151687        1.5290234392404281E-003   2.6058449964212592E-010   4.1342891746620998        1.2680061932629364E-003   2.1887064142834626E-006   6.4795287608069739E-003   1.8931099913728821E-013   2.5879505986264519E-002   45.950636845917728        0.0000000000000000        6146.5906900646714        248.10252709292300        26.938011395804153        6.6134742279298601E-009   0.0000000000000000        1.5260883101966311E-040   1.2449607649645819E-002   1.9677004449879996E-002   6.8102069003903587E-002   0.0000000000000000        0.0000000000000000        6111.2870210252704        202.85713509618228        107.58680702558826        4.4209337933814060E-248
   100.00000000000020        5.8578273584891566E-002   1.9547151479674493E-002   55.098445251177587        2.5090692386788983E-003   3.2928284839821903E-010   5.4503661528973399        1.3599684004771231E-003   3.5295519249573333E-006   8.5410381764206636E-003   5.3921020677621470E-013   2.9448158056572280E-002   60.574736662432443        0.0000000000000000        8608.6139764203435        270.01345201386852        33.677044836085841        2.1446131115481714E-008   0.0000000000000000        1.1029583495993541E-042   1.2197920442543999E-002   2.2926257213519433E-002   8.0263264772044665E-002   0.0000000000000000        0.0000000000000000        8455.8179382431717        280.05579960844636        176.54585343026889        6.1943653127932677E-279
   131.82567385564101        5.2622174580654248E-002   2.1029556527128752E-002   72.636984875277761        4.1328315266604852E-003   4.1636724591439203E-010   7.1853188736796154        1.4558224505541572E-003   5.7067561023385459E-006   1.1258227229044666E-002   1.5415188607842342E-012   3.3743606206727575E-002   79.853054790988381        0.0000000000000000        12009.730342695439        289.36930787252584        42.481458129012346        7.0428755775738435E-008   0.0000000000000000        6.4390795881464768E-045   1.1954168590987529E-002   2.6938221301051793E-002   9.5265035739068582E-002   0.0000000000000000        0.0000000000000000        11663.334000436780        387.58195360611160        290.79877817240754        0.0000000000000000     
   173.78008287493799        4.7590204629101213E-002   2.2556858777259461E-002   95.756596146757104        6.8301975543863585E-003   5.2559866681138655E-010   9.4724601600253600        1.5540118223027705E-003   9.2601691081843203E-006   1.4839496707087167E-002   4.4214823982991604E-012   3.8950367306649400E-002   105.26682757249081        0.0000000000000000        16697.150232607688        305.52284115555341        54.037333753195668        2.3385474823553279E-007   0.0000000000000000        3.0612921207326436E-047   1.1706955661207113E-002   3.1888985555665453E-002  0.11378150433511673        0.0000000000000000        0.0000000000000000        16038.635404775549        537.63819425765837        480.59377467454351        0.0000000000000000     
   229.08676527677795        4.3300038786837830E-002   2.4100686600685019E-002   126.23277713989943        1.1321972039527568E-002   6.6117201440878339E-010   12.487530424886684        1.6525983758280700E-003   1.5095100006784707E-005   1.9559378704327248E-002   1.2719646901536320E-011   4.5312663680840332E-002   138.76870479384169        0.0000000000000000        23146.250384246785        318.04419614183081        69.284706031637754        7.8411972260126454E-007   0.0000000000000000        1.1990681499010266E-049   1.1450291421788083E-002   3.8002476103169695E-002  0.13666713516892140        0.0000000000000000        0.0000000000000000        21989.739894768729        747.37616820385063        796.64888693326407        0.0000000000000000     
   301.99517204020253        3.9613610954245815E-002   2.5626637472264412E-002   166.40556596112256        1.8818958448196383E-002   8.2784719485354116E-010   16.462200409031034        1.7492705977083108E-003   2.4744135861100374E-005   2.5779437840670386E-002   3.6691000165463058E-011   5.3155345910643109E-002   182.93278019511996        0.0000000000000000        32009.763144451212        326.75380585896380        89.518477515720022        2.6521516679600143E-006   0.0000000000000000        3.9273226272760278E-052   1.1181979488615967E-002   4.5562933262327014E-002  0.16500485174756452        0.0000000000000000        0.0000000000000000        30061.259300430869        1040.8374074853327        1324.1599827890557        0.0000000000000000     
   398.10717055349858        3.6424590076780075E-002   2.7095251280712999E-002   219.35884502533943        3.1358654877600992E-002   1.0312759384697695E-009   21.701871191823034        1.8414163496764807E-003   4.0827705996425411E-005   3.3975709009609591E-002   1.0610423456475383E-010   6.2912376639999074E-002   241.15237019454807        0.0000000000000000        44187.512974641279        331.73335528308326        116.53229214054424        9.0407447755176235E-006   0.0000000000000000        1.0953645312787396E-054   1.0903126106468729E-002   5.4931331230106580E-002  0.20016892010125728        0.0000000000000000        0.0000000000000000        40977.994175923806        1451.5585484459471        2206.4917151135819        0.0000000000000000     
   524.80746024977441        3.3649983955743645E-002   2.8464221622338151E-002   289.15645610962724        5.2375648532582073E-002   1.2785807394595098E-009   28.609139120068910        1.9262771049333802E-003   6.7871878562558548E-005   4.4774656701355837E-002   3.0755474069137602E-010   7.5165155428627367E-002   317.90073702548858        0.0000000000000000        60926.560704582807        333.31902478723890        152.82404112902196        3.1035855373086743E-005   0.0000000000000000        2.6591763767591816E-057   1.0618348650328950E-002   6.6566985776572316E-002  0.24390738532398082        0.0000000000000000        0.0000000000000000        55701.728925960655        2025.9835066023788        3685.3122371454306        0.0000000000000000     
   691.83097091893910        3.1224360285793409E-002   2.9691956029233628E-002   381.15302779736527        8.7669631545572294E-002   1.5791921172003509E-009   37.714728568025244        2.0011889239903782E-003   1.1377235015326259E-004   5.9000192636350021E-002   8.9344635419673219E-010   9.0693337589574027E-002   419.07478877343488        0.0000000000000000        83967.296045044917        332.08328575425770        201.88975548895658        1.0722178003401653E-004   0.0000000000000000        5.7697505444230968E-060   1.0336404463538670E-002   8.1056107582061512E-002  0.29845074773813712        0.0000000000000000        0.0000000000000000        75505.146937848054        2827.8059040613775        6168.7057824198473        0.0000000000000000     
   912.01083935591339        2.9095764565216536E-002   3.0742245292175476E-002   502.40298620534162       0.14705132478102742        1.9459044360794116E-009   49.718269266870657        2.0638918134746895E-003   1.9243252948181690E-004   7.7734948733955839E-002   2.6008680502741927E-009  0.11054108583960601        552.44816425887996        0.0000000000000000        115760.52179139534        328.81180596526355        268.64419898600016        3.7256525562538321E-004   0.0000000000000000        1.1555561530137273E-062   1.0071024922528551E-002   9.9149747236329994E-002  0.36665615191192230        0.0000000000000000        0.0000000000000000        102068.13056480979        3943.3376662952519        10346.984942188185        0.0000000000000000     
   1202.2644346174179        2.7222750761847235E-002   3.1589313841268514E-002   662.19846834718703       0.24714667371275179        2.3961006155320930E-009   65.542051372519168        2.1128571266807446E-003   3.2854026724775024E-004  0.10239975104364372        7.5861694031372284E-009  0.13610192201159299        728.26851523809967        0.0000000000000000        159796.56947935611        324.48115384598987        360.02324136663748        1.3013354250609420E-003   0.0000000000000000        2.2223384347148621E-065   9.8417870469097238E-003  0.12181447904897061       0.45219977453248977        0.0000000000000000        0.0000000000000000        137603.64690459945        5488.0083422169364        17390.002539764082        0.0000000000000000     
   1584.8931924611206        2.5572147752839103E-002   3.2222094225772935E-002   872.77625047809988       0.41618447503027101        2.9531326536781017E-009   86.401888613481802        2.1475556524018112E-003   5.6624298147704038E-004  0.13485600711203694        2.2168169388503253E-008  0.16922565699021169        960.04487769152036        0.0000000000000000        221114.54879986704        320.24326341866919        485.84791466691183        4.5670026792791725E-003   0.0000000000000000        4.3072246902395947E-068   9.6749886964802093E-003  0.15030035021059449       0.55983457735261621        0.0000000000000000        0.0000000000000000        185023.11706235947        7614.2219784535700        29284.023810891245        0.0000000000000000     
   2089.2961308540494        2.4117314340105625E-002   3.2646494998778537E-002   1150.2459041484319       0.70218788657027997        3.6479097694761085E-009   113.90053433258085        2.1685862003977849E-003   9.8492166371577953E-004  0.17753633640537789        6.4890467564066431E-008  0.21235141760455420        1265.5856293353527        0.0000000000000000        307105.53317483678        317.42501284746731        660.06711597665640        1.6096324981080826E-002   0.0000000000000000        8.9179866093055057E-071   9.6047469973520386E-003  0.18623211580753651       0.69573627987603248        0.0000000000000000        0.0000000000000000        248154.71966018254        10521.105083650329        49408.106317631973       -0.0000000000000000     
   2754.2287033381804        2.2836727819606949E-002   3.2884923839840575E-002   1515.8068544434375        1.1870195300232458        4.5208077545548026E-009   150.15082804396920        2.1776185383867532E-003   1.7278530454337279E-003  0.23360889368258950        1.9023945715791654E-007  0.26867143606081684        1668.3667840898313        0.0000000000000000        428800.75620857038        317.55721570324954        902.55097536613005        5.6947137987528436E-002   0.0000000000000000        2.1125978763447952E-073   9.6749383753035392E-003  0.23173168249623641       0.86796764213101318        0.0000000000000000        0.0000000000000000        332032.51134407468        14467.157230839704        83522.356711324610       -0.0000000000000000     
   3630.7805477010324        2.1712816179093583E-002   3.2973259657568900E-002   1997.3415486553661        2.0105110326839615        5.6240416451176132E-009   197.93803436478777        2.1771651228356748E-003   3.0541371156987489E-003  0.30717980741939649        5.5845384349324443E-007  0.34233023219980108        2199.3357555103021        0.0000000000000000        602967.01284303807        322.45665325296284        1241.6869527828831       0.20213570033158026        0.0000000000000000        6.1908129565980069E-076   9.9430942754391329E-003  0.28958210052055272        1.0871003193991522        0.0000000000000000        0.0000000000000000        443279.65121031960        19787.328789883079        141465.75974246603       -0.0000000000000000     
   4786.3009232264094        2.0730986722003998E-002   3.2956364573458796E-002   2631.4962242568108        3.4119908719860210        7.0246163723316756E-009   260.93384743099426        2.1702498617871780E-003   5.4322179798539909E-003  0.40353486515740045        1.6409605725458398E-006  0.43866147959264640        2899.2891800462121        0.0000000000000000        855555.41366761923        334.39783834781667        1718.1438099016277       0.71940295437215862        0.0000000000000000        2.4435573989253127E-078   1.0487972618416740E-002  0.36344649584223715        1.3670451014530687        0.0000000000000000        0.0000000000000000        590615.77409852343        26916.426351703201        240078.20553737570       -0.0000000000000000     
   6309.5734448019684        1.9878821832079660E-002   3.2883593868035479E-002   3466.3902366126504        5.8018573876089228        8.8078673637759504E-009   343.97850358604461        2.1600539509548998E-003   9.7066353502654069E-003  0.52941431681093509        4.8242393837561901E-006  0.56445796462992548        3822.0074986217314        0.0000000000000000        1227433.4731705263        356.43009568649745        2390.3231429363182        2.5651702705808628        0.0000000000000000        1.4188799976221421E-080   1.1423421061475819E-002  0.45815898495220142        1.7261551534122348        0.0000000000000000        0.0000000000000000        785527.43737519544        36420.947808799450        408236.58757039713       -0.0000000000000000     
   8317.6377110267604        1.9145421278848513E-002   3.2805481887125308E-002   4565.1293987605259        9.8850539268894710        1.1081409113200191E-008   453.45267820407310        2.1495750223959921E-003   1.7390779812245082E-002  0.69330122753746481        1.4180320021012421E-005  0.72825628444698609        5038.3871398752881        0.0000000000000000        1783990.0552460812        392.92959864204107        3342.2230180396396        9.1541307069508662        0.0000000000000000        1.3208028777374750E-082   1.2922888670394261E-002  0.58010880758171146        2.1886827103641884        0.0000000000000000        0.0000000000000000        1043152.5934903927        49041.636070908011        695542.89488073892       -0.0000000000000000     
   10964.781961431918        1.8520872737841733E-002   3.2772130711451429E-002   6010.3368160784958        16.874164022542850        1.3979007304455732E-008   597.76774111184397        2.1412383776206042E-003   3.1169369193151806E-002  0.90568221754957301        4.1634286733836139E-005  0.94059558663864506        6641.8877986045145        0.0000000000000000        2631332.6215064842        450.53997051589363        4694.7001953679592        32.647878944257776        0.0000000000000000        2.1296295291231663E-084   1.5262448500507600E-002  0.73774330264144039        2.7866862551177838        0.0000000000000000        0.0000000000000000        1383446.3364014642        65749.440347400800        1187318.2462875098       -0.0000000000000000     
   14454.397707459368        1.7995840816785173E-002   3.2833199725900465E-002   7909.9522407330423        28.857048900206461        1.7663485346270334E-008   788.01203928025791        2.1362350664782732E-003   5.5733952041955324E-002   1.1792099132959291        1.2193659181859469E-004   1.2141793480883079        8755.7133472485057        0.0000000000000000        3943724.4257447976        539.77661186439047        6621.4414900148222        116.14260090720823        0.0000000000000000        6.3301089674252388E-086   1.8897199072993757E-002  0.94221961975261603        3.5625012867178216        0.0000000000000000        0.0000000000000000        1832716.9533063297        87818.303397352676        2030470.9997753631       -0.0000000000000000     
   19054.607179632600        1.7561270972560120E-002   3.3039001379997893E-002   10404.579379946279        49.430352491919777        2.2327331563228548E-008   1038.8028639238194        2.1330676830247064E-003   9.9113388437326838E-002   1.5286648661148947        3.5556140211612757E-004   1.5638369351779173        11542.278120923002        0.0000000000000000        6010175.5054403823        677.79261447820522        9371.3440945218899        411.05977871211269        0.0000000000000000        3.6156889648799172E-087   2.4599604214494846E-002   1.2082382165096190        4.5718996527147171        0.0000000000000000        0.0000000000000000        2425650.1113441321        116919.20852735620        3478072.1199387400       -0.0000000000000000     
   25118.864315095976        1.7208201907059670E-002   3.3442070694290678E-002   13676.663265393528        84.788758201468028        2.8189346426799427E-008   1369.4095630681572        2.1242696206589303E-003  0.17467329436021520        1.9705954831218067        1.0295966727753892E-003   2.0061618234367562        15215.685911204937        0.0000000000000000        9313574.0922798105        893.20314874724954        13299.464038031490        1442.4871771874266        0.0000000000000000        4.0350917828864217E-088   3.3714996108905111E-002   1.5550906692478605        5.8880604001823063        0.0000000000000000        0.0000000000000000        3207976.8771139295        155241.08554209769        5965998.6449208446       -0.0000000000000000     
   33113.112148259344        1.6927664614286415E-002   3.4098634670887945E-002   17961.727168478574        145.59151619898802        3.5485673506585745E-008   1805.2340949638356        2.0897383718413596E-003  0.30389474050193394        2.5225273176267278        2.9502365544648947E-003   2.5587156906694570        20058.180484213430        0.0000000000000000        14664754.785388948        1234.5617952778441        18909.221666834732        4996.5048430353545        0.0000000000000000        8.7081365224424020E-089   4.8641250645326935E-002   2.0079435450358236        7.6064344570703826        0.0000000000000000        0.0000000000000000        4239990.9486415228        205645.32629066904        10244268.306079460       -0.0000000000000000     
   43651.583224016918        1.6710630744307078E-002   3.5069605998004884E-002   23561.741303901348        250.14522391521425        4.4454044718594863E-008   2379.7627785026302        1.9866653487843285E-003  0.51982488911403291        3.2016893198921230        8.3248843449268660E-003   3.2387455912389123        26441.831586505756        0.0000000000000000        23428347.839326125        1785.2563141857504        26909.128519536422        16982.578761744560        0.0000000000000000        3.5015242884141775E-089   7.3739359286022668E-002   2.5993471992403876        9.8504615332748617        0.0000000000000000        0.0000000000000000        5601185.6211140594        271861.61039624002        17600989.784112096       -0.0000000000000000     
   57543.993733716139        1.6547968470463505E-002   3.6420952667007948E-002   30860.356963974267        429.79417294725943        5.5311208017912336E-008   3137.1391910265188        1.7468541302970624E-003  0.87060400006894045        4.0233060688315341        2.2975449640765110E-002   4.0614738756288391        34857.122668702104        0.0000000000000000        37899561.006280042        2689.4472906963297        38287.886141419134        56190.015252381956        0.0000000000000000        2.4636559271996221E-089  0.11706921254403076        3.3708984333190153        12.777872060044684        0.0000000000000000        0.0000000000000000        7396366.7405194081        358733.26260852133        30241644.149398919       -0.0000000000000000     
   75857.757502918976        1.6430387829287608E-002   3.8223263897235044E-002   40339.110164777027        737.96563775109632        6.8226650846211544E-008   4135.5558657107549        1.3154545767580456E-003   1.4215815350457863        4.9987343567400231        6.1401575741393717E-002   5.0382730752140166        45950.636844708439        0.0000000000000000        61924175.428165987        4196.3219370455772        54412.714709848013        178966.59710392362        0.0000000000000000        2.7813722611157268E-089  0.19368330630272212        4.3749680786083376        16.587242034757200        0.0000000000000000        0.0000000000000000        9763712.0460421555        472520.20232151647        51925539.283873595       -0.0000000000000000     
   100000.00000000081        1.6348423190166377E-002   4.0548573175077159E-002   52592.638844907866        1265.1655731392323        8.3305575528598625E-008   5451.7253754207386        7.4632912885643074E-004   2.2534612819619566        6.1344552339841041       0.15665121303912541        6.1757501362880376        60574.736661509371        0.0000000000000000        101903433.89425468        6733.2041748254778        77159.851593598883        540268.01470561838        0.0000000000000000        4.5237244920822029E-089  0.33177386038192747        5.6765881452035023        21.525167917895747        0.0000000000000000        0.0000000000000000        12885401.775884157        621266.44774032349        89020953.426564962       -0.0000000000000000     
