  0.10000000000000001        7.8073184204101560        2.1774162569838493E-003   5.2945594335768766E-002   4.7729666399340416E-012   2.3368999322232430E-012   5.3160290922170776E-003   1.3569702671876424E-004   2.2300938741402197E-015   8.4841696796070428E-010   3.3304032080780970E-035   2.3131141321195811E-003   6.0574736721234389E-002   8.8458930538884373E-002   5.4953984742878998E-006   8.7814408566558325E-006   2.7007354629578047E-005   6.1108297397586031E-031   2.6190395463908495E-031   9.8543305276702672E-043   4.5902317396403374E-008   1.9367328090767191E-003   2.3082819867934106E-003   0.0000000000000000        0.0000000000000000        7.8260050318247629E-005   9.2158273888520201E-002   2.0593226241162796E-007   7.3337155430362419E-006
  0.13182567385564070        7.6699906921386720        2.4881829281100834E-003   7.0178097138056644E-002   8.8315431524557417E-012   3.4992085353035224E-012   7.0315746328801264E-003   1.5520005742856988E-004   3.3968388537579393E-015   1.1184576759671060E-009   1.0705266473202011E-034   2.6433841039963293E-003   7.9853054774138510E-002  0.11046076622012985        8.8944473516619684E-006   1.5227468614414380E-005   3.7990434685309727E-005   2.5325658224463113E-030   1.0975854493980266E-030   5.6026455114285002E-042   9.5010106291880872E-008   2.5079522412870983E-003   3.0071595107416249E-003   0.0000000000000000        0.0000000000000000        1.1470033331634381E-004  0.11547228506401225        3.8104177111874057E-007   1.0426627287106149E-005
  0.17378008287493754        7.5357146911621093        2.8424126595606391E-003   9.2950400667197342E-002   1.6393098690369708E-011   5.2341893816931157E-012   9.2965244412289098E-003   1.7748971711342547E-004   5.1722124610319989E-015   1.4744582443149594E-009   3.4518695645853043E-034   3.0199038511323087E-003  0.10526682751788653       0.13810585651730134        1.4456617584405977E-005   2.6386346739279434E-005   5.3427179789074350E-005   1.0529854332168148E-029   4.6103349483552393E-030   3.2053720581917368E-041   1.9718555674804866E-007   3.2457885796833572E-003   3.9152227098837441E-003   0.0000000000000000        0.0000000000000000        1.6793101392269580E-004  0.14463083480515818        7.0728923034994879E-007   1.4805920045623764E-005
  0.22908676527677729        7.4029645538330069        3.2459544938920476E-003  0.12303356716785921        3.0520195772429629E-011   7.8207512791543483E-012   1.2286229682674383E-002   2.0295331321476201E-004   7.8734563195904722E-015   1.9437803303691038E-009   1.1163227650364014E-033   3.4489097508871398E-003  0.13876870471868080       0.17235287534231028        2.3597226889576081E-005   4.5690776466255426E-005   7.5104584453435970E-005   4.3903673072534664E-029   1.9404809477162165E-029   1.8437924291791569E-040   4.1018323125262001E-007   4.1976383977344912E-003   5.0938963153883904E-003   0.0000000000000000        0.0000000000000000        2.4557832114254857E-004  0.18113166831965938        1.3168105789964397E-006   2.0983732415668437E-005
  0.30199517204020160        7.2732661437988266        3.7059922091803787E-003  0.16276283813329706        5.6989717384400324E-011   1.1676359986326214E-011   1.6231895503952622E-002   2.3205413525005634E-004   1.1982190568547464E-014   2.5624739814089972E-009   3.6205625600796828E-033   3.9380489069044166E-003  0.18293278009565955       0.21538163150180056        3.8680779654192229E-005   7.9077191877130641E-005   1.0555922674694328E-004   1.8360399370522710E-028   8.1858220481660466E-029   1.0667917377495224E-039   8.5554502804810689E-007   5.4265994950973154E-003   6.6246161400029709E-003   0.0000000000000000        0.0000000000000000        3.5869188338372897E-004  0.22688484088070859        2.4588526005979009E-006   2.9705047813924614E-005
  0.39810717055349720        7.1466194610595695        4.2304930032326235E-003  0.21521816427592563        1.0670782434060547E-010   1.7420760634258883E-011   2.1438399294149885E-002   2.6531329022642507E-004   1.8230396436805350E-014   3.3780235072109711E-009   1.1773628374252232E-032   4.4958096714825561E-003  0.24115237007695020       0.26953273564090191        6.3670945126943781E-005   1.3679876253140747E-004   1.4834270639620543E-004   7.6996159258140512E-028   3.4603886591853018E-028   6.2058178664526433E-039   1.7890222489876584E-006   7.0133470442255352E-003   8.6123900403904316E-003   0.0000000000000000        0.0000000000000000        5.2321616998884371E-004  0.28431379061531525        4.6039675826829455E-006   4.2005158498582066E-005
  0.52480746024977254        7.0230245056152345        4.8285575833771511E-003  0.28446111328219015        2.0029353452219043E-010   2.5975135497662126E-011   2.8307738337968413E-002   3.0332704323813323E-004   2.7731010477645929E-014   4.4531311471764635E-009   3.8377519425737499E-032   5.1318890797464314E-003  0.31790073664736090       0.33778315614577109        1.0523685652946925E-004   2.3656569744448522E-004   2.0844436697196699E-004   3.2370691460950782E-027   1.4655946920837820E-027   3.6278438826327301E-038   3.7498205229043002E-006   9.0621365554246769E-003   1.1193615037883716E-002   0.0000000000000000        0.0000000000000000        7.6211096597485716E-004  0.35650330943777020        8.6417743559058647E-006   5.9336921728785869E-005
  0.69183097091893642        6.9024812774658200        5.5105845547552320E-003  0.37584747331025653        3.7675678302463412E-010   3.8707887657879983E-011   3.7369952541990006E-002   3.4677721179524604E-004   4.2175271700708605E-014   5.8704406749541933E-009   1.2535037263505530E-031   5.8573676369911530E-003  0.41907478837231060       0.42392274242245986        1.7463085681143295E-004   4.0896556009519577E-004   2.9287416160574603E-004   1.3639137640566709E-026   6.2173903511150948E-027   2.1298320687089177E-037   7.8760695950097280E-006   1.1707744810768495E-002   1.4545505221268282E-002   0.0000000000000000        0.0000000000000000        1.1083481141541860E-003  0.44738558360497160        1.6255377956771538E-005   8.3738191637500441E-005
  0.91201083935590965        6.7849897766113276        6.2884564282091448E-003  0.49643937328272836        7.0990920872777169E-010   5.7650145301743864E-011   4.9323889120210504E-002   3.9644403917518629E-004   6.4132552128843132E-014   7.7388355904280806E-009   4.1008297500702255E-031   6.6849082062199220E-003  0.55244816429014154       0.53278261548547523        2.9088852020990781E-004   7.0682276623875199E-004   4.1148233240262958E-004   5.7569904378991226E-026   2.6408816138158142E-026   1.2547121930099430E-036   1.6571567131800006E-005   1.5124463524774437E-002   1.8898358540999683E-002   0.0000000000000000        0.0000000000000000        1.6091375381120407E-003  0.56197978822464612        3.0629422011250199E-005   1.1806627617285335E-004
   1.2022644346174127        6.6705500030517575        7.1757545390920769E-003  0.65554859493451467        1.3393361312839787E-009   8.5813566180707986E-011   6.5090943895141834E-002   4.5322034131345320E-004   9.7506875955705624E-014   1.0201892208996926E-008   1.3430930203460199E-030   7.6289850822977385E-003  0.72826851638873424       0.67053240403353165        4.8629678472649379E-004   1.2213604181365012E-003   5.7811250910617680E-004   2.4331855989645225E-025   1.1226665235802990E-025   7.4105340166468585E-036   3.4913534289038843E-005   1.9537772256996769E-002   2.4551539853822867E-002   0.0000000000000000        0.0000000000000000        2.3318606022148199E-003  0.70670111958814363        5.7786391662012215E-005   1.6632640887991035E-004
   1.5848931924611134        6.5599248886108406        8.1883955699944243E-003  0.86545244253044740        2.5286488353984730E-009   1.2767291978938228E-010   8.5885892000708730E-002   5.1814412231977161E-004   1.4822403188890686E-013   1.3448742872975691E-008   4.4013228084644089E-030   8.7065531410570694E-003  0.96004487928076798       0.84681617709361334        8.1573513443599721E-004   2.1102151987469234E-003   8.1232912534348590E-004   1.0293204139782689E-024   4.7746497964523503E-025   4.3846567250758286E-035   7.3633234469581315E-005   2.5243263500933123E-002   3.1897843483220799E-002   0.0000000000000000        0.0000000000000000        3.3724524048229154E-003  0.88977289689159034        1.0909994030993938E-004   2.3425153870788439E-004
   2.0892961308540392        6.4529237003326418        9.3442049440285967E-003   1.1423387144233341        4.7744482404868274E-009   1.8983657813552221E-010  0.11331031451396628        5.9238834005620716E-004   2.2528911832348360E-013   1.7728949005085897E-008   1.4421882118803021E-029   9.9366110130338081E-003   1.2655856317702818        1.0728050950053620        1.3726902348486795E-003   3.6456185947015976E-003   1.1415903367583038E-003   4.3554643768012058E-024   2.0302571489287689E-024   2.5955973293839808E-034   1.5535665246948661E-004   3.2621072146173984E-002   4.1445793602300371E-002   0.0000000000000000        0.0000000000000000        4.8668526978133233E-003   1.1217217392689627        2.0599618687975075E-004   3.2983007006090828E-004
   2.7542287033381663        6.3497371711730963        1.0663807545260997E-002   1.5075499555674654        9.0090037728118316E-009   2.8206804601892797E-010  0.14947569961499874        6.7730584069517071E-004   3.4237384702865868E-013   2.3371391193268279E-008   4.7216600866279257E-029   1.1341136757347362E-002   1.6683667865864280        1.3644014492554826        2.3166699720873489E-003   6.2979382314105126E-003   1.6046307032346720E-003   1.8421508539573606E-023   8.6255642140896544E-024   1.5352230544667583E-033   3.2770902523823081E-004   4.2166838224947586E-002   5.3860113922632104E-002   0.0000000000000000        0.0000000000000000        7.0071228193411411E-003   1.4160634349388419        3.8869840687503116E-004   4.6440806735798538E-004
   3.6307805477010131        6.2503653011322022        1.2170738373036364E-002   1.9892247744259350        1.6974120894674139E-008   4.1873011413885288E-010  0.19716576784684881        7.7444341897700629E-004   5.2023568174012839E-013   3.0809474437867647E-008   1.5432111438680842E-028   1.2945212601487809E-002   2.1993357580130390        1.7425399815861291        3.9202070184503777E-003   1.0879839787784033E-002   2.2560075937466404E-003   7.7813870909363776E-023   3.6584480009567858E-023   9.0579310422624728E-033   6.9057191802669845E-004   5.4523587319711513E-002   7.0006707577780519E-002   0.0000000000000000        0.0000000000000000        1.0063478942248513E-002   1.7901606260041478        7.3235775189433065E-004   6.5399857958165452E-004
   4.7863009232263831        6.1545219907760611        1.3891708888871944E-002   2.6244613927499660        3.1904532811799384E-008   6.2083710522059958E-010  0.26005045392877435        8.8556338764260445E-004   7.9040136770621179E-013   4.0614833507726709E-008   5.0303736883508832E-028   1.4777312891348057E-002   2.8992891827643206        2.2336333926588359        6.6495308339938218E-003   1.8795232956547853E-002   3.1724735027692510E-003   3.2794550596770411E-022   1.5476238103991472E-022   5.3206998759556932E-032   1.4523631368214304E-003   7.0523181252311148E-002   9.1011262165947474E-002   0.0000000000000000        0.0000000000000000        1.4414467116010850E-002   2.2663376659918715        1.3765385595091149E-003   9.2107726275490178E-004
   6.3095734448019316        6.0625887060165393        1.5857927618777790E-002   3.4621687904855700        5.9757100939193986E-008   9.1906350192083519E-010  0.34296795157901033        1.0127115373932663E-003   1.2007056533341923E-012   5.3540649139815010E-008   1.6334991470828002E-027   1.6870692696820195E-002   3.8220075007349537        2.8779990074404926        1.1302839196999578E-002   3.2471123780024994E-002   4.4626304305754464E-003   1.3775339705386879E-021   6.5229090525635795E-022   3.1053480373171678E-031   3.0455742104873690E-003   9.1256887266910697E-002  0.11835171662060236        0.0000000000000000        0.0000000000000000        2.0588829802915418E-002   2.8733734843868457        2.5782528812600906E-003   1.2979359552544928E-003
   8.3176377110267090        5.9580193629264828        1.8084520080190014E-002   4.5668475710024481        1.1168875827566285E-007   1.3537793484609732E-009  0.45229748234147726        1.1573447246982552E-003   1.8248879517295962E-012   7.0580151443886709E-008   5.2915465031179509E-027   1.9241935385039714E-002   5.0383871415263313        3.5333353420880802        1.9244130972529697E-002   5.6034626568011642E-002   6.2599878403176530E-003   5.7552643429864932E-021   2.7348132268037627E-021   1.7921369143115659E-030  0.19567454997011915       0.11772402633023446       0.15354956594778485        0.0000000000000000        0.0000000000000000        2.9301537866180907E-002   3.6473339134619014        4.8188727080586777E-003   1.8056468036456003E-003
   10.964781961431852        5.8599349403381344        2.0629858689524251E-002   6.0234876454168997        2.0762957206839870E-007   1.9893718408763566E-009  0.59644699117360034        1.3228902385361550E-003   2.7729775299627040E-012   9.3042434117017555E-008   1.7042815768776927E-026   2.1952841970494526E-002   6.6418878007777051        4.3879849011997356        3.2814598527401102E-002   9.6722203567935205E-002   8.7879063601270652E-003   2.3930325681530895E-020   1.1406531422117536E-020   1.0247765016499538E-029  0.46134308006134422       0.15201419015800843       0.19935292202849736        0.0000000000000000        0.0000000000000000        4.1577133159554538E-002   4.6368454083588144        8.9582917177469280E-003   2.5174479191355263E-003
   14.454397707459281        5.7540304665565492        2.3517314578826092E-002   7.9441810910774793        3.8456548262378807E-007   2.9063078321379233E-009  0.78650277388477008        1.5114002651749178E-003   4.2150788250039166E-012   1.2265342246850679E-007   5.4666602758161225E-026   2.5028837497423476E-002   8.7557133489372152        5.2506401757672627        5.6012050686573847E-002  0.16681997516225122        1.2312011910410809E-002   9.8890429638615588E-020   4.7279381596055662E-020   5.7863977711007511E-029   1.0797135402040949       0.19587407590993358       0.25840219050727775        0.0000000000000000        0.0000000000000000        5.8778299532392192E-002   5.9023921713539851        1.6592288582019228E-002   3.4747062703007082E-003
   19.054607179632484        5.6288858058452611        2.6767944403881413E-002   10.476703757181133        7.1189597356179261E-007   4.2067041645409129E-009   1.0370800486859335        1.7249463809819309E-003   6.4124352402699421E-012   1.6168800916163720E-007   1.7517535849071211E-025   2.8493052472872506E-002   11.542278120443875        5.7838138630587688        9.5656573925679264E-002  0.28722426169096577        1.7173287172892144E-002   4.0633223025788110E-019   1.9487138478554042E-019   3.2269869671227000E-028   2.5039597796200743       0.25117916751185837       0.33373758468447984        0.0000000000000000        0.0000000000000000        8.2739716441159752E-002   7.5216639033551980        3.0715142069238175E-002   4.6928313541074462E-003
   25.118864315095820        5.4525293464660649        3.0347359422097476E-002   13.815924200085693        1.3319207490077526E-006   5.9843461334562061E-009   1.3674484377963663        1.9632469605191378E-003   9.7769049483552654E-012   2.1314543867306002E-007   5.6708626577338975E-025   3.2310819528055285E-002   15.215685908106174        5.1254260996644252       0.16330312890378829       0.49235424511421139        2.3682281234378249E-002   1.6659949268428521E-018   8.0175353777154011E-019   1.7859324259083066E-027   5.7359120762487930       0.31809583688601084       0.42702415229589735        0.0000000000000000        0.0000000000000000       0.11578949837227685        9.5910853927559110        5.7466450928294562E-002   5.9897601403615186E-003
   33.113112148259148        5.0435025224685663        3.3777680236555925E-002   18.219161301091127        2.6577997447039980E-006   8.0259740993633904E-009   1.8030304583859740        2.2057228881633907E-003   1.5064426117209082E-011   2.8097828132421835E-007   1.9578491751747030E-024   3.5983684103000638E-002   20.058180478201308        1.5737783838180195       0.27780632649825598       0.82681259189254919        3.0972340589412811E-002   6.8760127951588315E-018   3.3206337912797765E-018   9.8223971885364162E-027   12.537259194808168       0.38002166504780110       0.52308269058140278        0.0000000000000000        0.0000000000000000       0.15969179959275553        12.202971414120377       0.11467222709763275        5.8000369635731420E-003
   43.651583224016655        3.9703912291526793        3.5302311770036232E-002   24.026753907328164        5.2981813012994653E-006   8.9035257131968288E-009   2.3773990716756184        2.3656890698388494E-003   2.4112179276143887E-011   3.7039733571743130E-007   6.7627273864107014E-024   3.7668371237210799E-002   26.441831576206262        5.3087263277225485E-003  0.46636617250097900        1.2903512036027420        3.3679988874994508E-002   2.3205006675417517E-017   1.0788421366730362E-017   3.2511951293024133E-026   17.617354347443996       0.37133972473690996       0.55090618155727455        0.0000000000000000        0.0000000000000000       0.21192723259756394        15.371234425558971       0.22859293691997390        1.6510528231675370E-003
   57.543993733715780        3.2672303454875951        3.7605679983929989E-002   31.682358324925708        8.8577435749428449E-006   1.0172683616628992E-008   3.1345752593360019        2.5656726494695157E-003   3.8252619931800223E-011   4.8827242963065170E-007   1.9576909605528983E-023   4.0171840905829134E-002   34.857122652382259        1.6392659952274214E-005  0.78372214534085227        2.0492813606652365        3.8508473200110228E-002   6.9363095987392720E-017   2.8876216209051448E-017   8.2199546975828184E-026   22.065746359832829       0.38480491753974910       0.60558249098385242        0.0000000000000000        0.0000000000000000       0.28446249207914442        19.490719583423182       0.38217220271106883        4.2509589817176863E-004
   75.857757502918517        2.7458141272068026        4.0430066450850101E-002   41.774620955711882        1.4313165562670332E-005   1.1636532788271909E-008   4.1327602530096845        2.7969203753693468E-003   6.0437976808988838E-011   6.4365850536508191E-007   5.4744629555990324E-023   4.3227630484724812E-002   45.950636821878909        3.1615329114349611E-008   1.3155373828959991        3.2789748509310694        4.5070662912495986E-002   2.0560511613154346E-016   7.0137941097883735E-017   1.9871588097854416E-025   27.567055894042912       0.41017471331074490       0.67933632382078180        0.0000000000000000        0.0000000000000000       0.38349465274801681        24.818180444327794       0.61754937525262821        9.0158520190758226E-005
   100.00000000000020        2.3316851966381074        4.3675712460650884E-002   55.079289450974180        2.2677699910803492E-005   1.3137224288605065E-008   5.4486700809093529        3.0560306423280466E-003   9.5319479986852982E-011   8.4849158260516159E-007   1.5002956504998147E-022   4.6732591594561536E-002   60.574736630386333        2.7949287432866128E-011   2.2022919348351926        5.2602757559268412        5.3341018176641455E-002   6.0499315742936196E-016   1.4849577547336155E-016   4.5777360671476203E-025   34.221974265342148       0.44357615111671256       0.76977178419621106        0.0000000000000000        0.0000000000000000       0.51779833296652023        31.700233637096321       0.97844179547592092        1.4463489752277253E-005
   131.82567385564101        1.9947733111977577        4.7347337502641106E-002   72.618862285624203        3.5220176302208616E-005   1.4567075166061567E-008   7.1834302363467044        3.3444469521055160E-003   1.5014870011023833E-010   1.1185053780951209E-006   4.0282771568409832E-022   5.0692902960124714E-002   79.853054746778255        9.8463308671707407E-015   3.6726588683080923        8.4486354780499635        6.3617123603002548E-002   1.7600747366366420E-015   2.5603513453895276E-016   9.9441560576025205E-025   42.068351562298858       0.48474694854387079       0.87849539285171863        0.0000000000000000        0.0000000000000000       0.69956072925524060        40.599050428641526        1.5195938156715161        1.6847628251426167E-006
   173.78008287493799        1.7161661062240601        5.1466395279150666E-002   95.741239831351834        5.3564688987911792E-005   1.5828919600795645E-008   9.4703498318297292        3.6643226568028840E-003   2.3630702666522481E-010   1.4744389947898419E-006   1.0585706177313354E-021   5.5132192374948340E-002   105.26682751049550        1.2003642896182451E-018   6.0936863115116555        13.572002313216725        7.6299994916582140E-002   5.0458333265442082E-015   3.2395994518844738E-016   2.0174352584594103E-024   50.962724124336965       0.53401385776172317        1.0079565003470594        0.0000000000000000        0.0000000000000000       0.94516738970471437        52.119063147095495        2.3110778726935166        1.3653741735100493E-007
   229.08676527677795        1.4820652444362641        5.6052064564063621E-002   126.22331010307249        7.9772264254372542E-005   1.6838837311781122E-008   12.485165505036958        4.0174955119507104E-003   3.7172079371125174E-010   1.9436289791115310E-006   2.7224407770874631E-021   6.0071503704993437E-002   138.76870471271397        4.1396255920949555E-023   10.044776816649089        21.781808968071971        9.1830849627206126E-002   1.4220564455107426E-014   2.5461448148650522E-016   3.7846236388490523E-024   60.423995280167659       0.59162173949994579        1.1606282231817862        0.0000000000000000        0.0000000000000000        1.2764906330828361        67.048557961584748        3.4418180756084631        7.2320028452671951E-009
   301.99517204020253        1.2815944770425558        6.1106623400417837E-002   166.40749101369096        1.1639938906746051E-004   1.7525137938584391E-008   16.459545129609548        4.4045203117665556E-003   5.8478796533086153E-010   2.5621072971486417E-006   6.8560342556321994E-021   6.5513705819481544E-002   182.93278008579082        2.8857334730893087E-028   16.421276154450897        34.868239205307503       0.11059536311654199        3.9297282353409304E-014   9.3269353964096643E-017   6.4683535433993329E-024   69.376187420119848       0.65716406782979797        1.3380774646944693        0.0000000000000000        0.0000000000000000        1.7225782197734429        86.414161345322796        5.0221154561274508        2.2517176957935985E-010
   398.10717055349858        1.1055881914496419        6.6592652880609476E-002   219.38173195770744        1.6643370741295611E-004   1.7815122084784855E-008   21.698889543427171        4.8230263474573400E-003   9.2096178501788683E-010   3.3773652234511105E-006   1.6910282049534585E-020   7.1419056593290259E-002   241.15237004777751        2.2077422245739318E-034   26.568855370587197        55.525756425649696       0.13271003787042226        1.0599872559323133E-013   9.2230694507237867E-018   9.7964379000168438E-024   75.797031722533262       0.72864654956683805        1.5391813613055061        0.0000000000000000        0.0000000000000000        2.3217830914663775        111.55027466893245        7.1808735519631925        3.3919317596950062E-012
   524.80746024977441       0.93797862622141825        7.2184421016902381E-002   289.21702481905055        2.3111888076475414E-004   1.7424912090384931E-008   28.605814787076330        5.2505611950460504E-003   1.4575974194086582E-009   4.4519910428085957E-006   4.0501964740206463E-020   7.7439434202991236E-002   317.90073682610040        2.0324396488833700E-042   42.389284139582138        87.087230781070758       0.15608247398084171        2.7176453201658073E-013   5.0048449737367586E-020   1.1616032751047176E-023   76.307566929170392       0.79318068213411275        1.7432776613981746        0.0000000000000000        0.0000000000000000        3.1224121335365393        144.14509358604028        9.9717508192319606        1.2196595653646655E-014
   691.83097091893910       0.77764075493812546        7.7668028977850953E-002   381.27976862916046        3.1108450429576426E-004   1.6315380641840757E-008   37.711059541794810        5.6701519162834927E-003   2.3227625415241887E-009   5.8684659760905258E-006   9.4041849089040882E-020   8.3344049360110542E-002   419.07478852085791        1.9256207690946468E-053   66.486788364788268        133.54932542996013       0.17858163515721778        6.5577331880430033E-013   3.8945478052283452E-025   9.7863261839002004E-024   66.577567155398796       0.84171948281291309        1.9323956303770295        0.0000000000000000        0.0000000000000000        4.1899124704908246        186.42551399886452        13.421911486838262        4.7113140687215390E-018
   912.01083935591339       0.60998648667335509        8.2060600692013208E-002   502.64497842026572        3.9591936340572099E-004   1.4073302158925129E-008   49.714324760637403        6.0083150954875720E-003   3.7614056372190413E-009   7.7354465654808825E-006   2.0676109958814954E-019   8.8076651234066272E-002   552.44816393541748        2.5261592455744619E-071   101.74868697783297        194.30253199744052       0.19148146876235678        1.3963839759000372E-012   1.2879936754536189E-039   3.8856159072041309E-024   44.139614537448175       0.83954365431649669        2.0341388932662960        0.0000000000000000        0.0000000000000000        5.6039637366576089        241.11852155992528        17.082157993008376        1.0946156346447944E-023
   1202.2644346174179       0.43241410470008851        8.3892064216436288E-002   662.63953885910746        4.5989296138839261E-004   1.0594200562339558E-008   65.538016142111076        6.1479799717430138E-003   6.2747132099573218E-009   1.0195988544562895E-005   4.1630938797483057E-019   9.0050240176723861E-002   728.26851483132941        1.2566270494118698E-105   149.78188238778478        252.38577921147350       0.18244128330469347        2.3937545860972667E-012   1.1132602438672050E-097   3.0682359909387921E-025   21.003668064206519       0.74825499647733895        1.9470882783044956        0.0000000000000000        0.0000000000000000        7.4705705007765619        311.62429443065366        19.842333950862038        1.1912716792453583E-034
   1584.8931924611206       0.30408658778667441        8.5693134503292065E-002   873.55408157543002        5.3321161765580998E-004   7.9037685506370571E-009   86.397772323010230        6.2637019881744511E-003   1.0508882129310315E-008   1.3438693464742087E-005   8.3699126339537296E-019   9.1970275184931269E-002   960.04487715816708        1.7054796626075766E-155   213.57646597012493        304.98581266710818       0.17188175654766474        4.0472766408345300E-012   2.3378659866026239E-293   8.1582450177801815E-027   10.287071779807325       0.66361283028918661        1.8463970996926891        0.0000000000000000        0.0000000000000000        9.9800402278690079        403.54944964958150        23.005707571746683        1.0551453402635535E-050
   2089.2961308540494       0.22839242610335347        8.9579677731757859E-002   1151.5920252691326        6.6048070717165724E-004   6.4363069032065738E-009   113.89618413057806        6.5185983547238445E-003   1.7290524308946287E-008   1.7712211000477655E-005   1.7934709640347166E-018   9.6115988297482191E-002   1265.5856286372116        3.1178556778269256E-211   299.78427399068585        368.68037320962401       0.17432787020686141        7.9057875570274952E-012   0.0000000000000000        2.0675274379370169E-028   6.3394749696713086       0.63566400782460653        1.8590400439077353        0.0000000000000000        0.0000000000000000        13.365397704062367        524.29312157286961        28.496802212925363        1.0558902340330789E-068
   2754.2287033381804       0.18210094165801999        9.5562096548636247E-002   1518.1164768702561        8.6940801061207969E-004   5.6688412677303195E-009   150.14608551537438        6.9198978651079709E-003   2.7977974396499854E-008   2.3344058151472890E-005   4.0735921409796794E-018  0.10250533847189569        1668.3667831960656        3.5264356375094419E-268   416.33297053174101        454.03504284743781       0.18906298621270884        1.7609742959248519E-011   0.0000000000000000        6.7048203177443428E-030   4.7709052068189051       0.65197192627538647        1.9776629852749799        0.0000000000000000        0.0000000000000000        17.907352729420349        682.88416812160494        37.511085262186619        4.0360458768485798E-087
   3630.7805477010324       0.15188168895244597       0.10348964998846676        2001.2896532782713        1.2001139848334349E-003   5.2927877534412186E-009   197.93275273556173        7.4584703527015017E-003   4.4695900595001966E-008   3.0765648921855447E-005   9.6801947610026461E-018  0.11097888599009011        2199.3357543621437        0.0000000000000000        572.95987005944187        571.98150658811278       0.21566040048267676        4.3336931987410468E-011   0.0000000000000000        3.0087954938820943E-031   4.1505069417550500       0.70367596800758414        2.1937531693507193        0.0000000000000000        0.0000000000000000        23.978860869381123        891.08379162687277        51.779575826241000        3.2560474522100109E-105
   4786.3009232264094       0.13115140080451965       0.11336445266517128        2638.2363557424019        1.7205403494938386E-003   5.1640153269572784E-009   260.92788247938699        8.1347404667994772E-003   7.0694595457977690E-008   4.0545243423148282E-005   2.3836155610725884E-017  0.12153973837539390        2899.2891784956196        0.0000000000000000        782.22438971134909        739.33828344858989       0.25575291202705547        1.1517687583551914E-010   0.0000000000000000        1.9679243182958546E-032   4.0132407629857125       0.78962632593904702        2.5137403595494145        0.0000000000000000        0.0000000000000000        32.077205752063549        1164.3812952776170        74.233656648112600        1.8909156497767853E-122
   6309.5734448019684       0.11646496319770812       0.12531989445445771        3477.8964238060344        2.5449315309977977E-003   5.2151273026173168E-009   343.97170478763582        8.9582222716547578E-003   1.1091048844817564E-007   5.3431317482569413E-005   6.0410424413188056E-017  0.13433154804359504        3822.0074965734584        0.0000000000000000        1060.7070652015348        984.03019524915101       0.31297975581493609        3.2553800830939779E-010   0.0000000000000000        1.9789128881623633E-033   4.2390395243500389       0.91410882996140896        2.9573134914398413        0.0000000000000000        0.0000000000000000        42.862884763150419        1523.1754152405990        109.80246613839877        2.2870790113185651E-138
   8317.6377110267604       0.10589716535806656       0.13959818221239803        4584.7849806577833        3.8656847970830752E-003   5.4167459700581950E-009   453.44488068739497        9.9462587754052915E-003   1.7279914570131692E-007   7.0409604094809762E-005   1.5681393115501719E-016  0.14961485059189814        5038.3871371557598        0.0000000000000000        1430.7893655941868        1354.0722249373127       0.39336271344910562        9.6824029387770981E-010   0.0000000000000000        3.2417209407970018E-034   4.8930221296995615        1.0862357728103580        3.5579808304940470        0.0000000000000000        0.0000000000000000        57.211591537459533        1994.3211944617797        166.78708989354126        1.5472939420757986E-152
   10964.781961431918        9.8319255612790576E-002  0.15654747748604467        6043.9493472303147        6.0095187472436898E-003   5.7615644864062601E-009   597.75875726427580        1.1123986045044139E-002   2.6755396515299069E-007   9.2778174531946457E-005   4.1537152714051639E-016  0.16776424170562076        6641.8877949956168        0.0000000000000000        1923.4026418064925        1935.0216198669434       0.50626337492255380        3.0081972680049227E-009   0.0000000000000000        9.2042605543050085E-035   6.4727645331013557        1.3207405851453993        4.3667189909422532        0.0000000000000000        0.0000000000000000        76.283490536189404        2613.1712794850237        259.28398100894486        1.5111987030310859E-164
   14454.397707459368        9.3080059729516509E-002  0.17664707516810962        7967.5034435838179        9.5388729182163314E-003   6.2597369239512669E-009   788.00164752336616        1.2526374840168240E-002   4.1183817726898682E-007   1.2224632888074993E-004   1.1195782528451750E-015  0.18929569633715862        8755.7133423030282        0.0000000000000000        2582.6177294021768        2887.2728820329780       0.66630746702828569        9.7170502115681454E-009   0.0000000000000000        4.8790683031934201E-035   9.5406618573301980        1.6404546800648119        5.4602930920930746        0.0000000000000000        0.0000000000000000        101.61546798245233        3426.2775136514570        411.55990164901777        5.8664875804728644E-174
   19054.607179632600        8.9816738061606879E-002  0.20053541165611957        10503.241714316791        1.5434867008145179E-002   6.9378831511653070E-009   1038.7907945743684        1.4200416213456619E-002   6.3023592073245785E-007   1.6106471519668230E-004   3.0639883114306543E-015  0.21489689258477288        11542.278114453045        0.0000000000000000        3472.4383875617432        4525.2078558198509       0.89660268041551761        3.2543753046015198E-008   0.0000000000000000        5.2395502683913948E-035   15.977151457714889        2.0803407943975230        6.9542296719667744        0.0000000000000000        0.0000000000000000        135.24377479300389        4494.9482890402114        665.94579907934508        2.5604447643662950E-180
   25118.864315095976        8.8370594829320886E-002  0.22905687974011971        13845.994293165548        2.5433951920783748E-002   7.8425974607910966E-009   1369.3954758763671        1.6208717645018793E-002   9.5863822436802859E-007   2.1219680251087492E-004   8.4989233960669650E-015  0.24547779418764937        15215.685902543140        0.0000000000000000        4686.8931852486821        7494.9340297864455        1.2344489753451759        1.1286674020431626E-007   0.0000000000000000        1.2380692521375837E-034   30.750266002150948        2.6945308309144318        9.0247650124866485        0.0000000000000000        0.0000000000000000        179.86755048773387        5899.9436386459693        1097.3617995343768        3.4186913949428943E-183
   33113.112148259344        8.8731944374740107E-002  0.26331813579583785        18252.595666885129        4.2653311781629281E-002   9.0474055283140169E-009   1805.2175471758851        1.8633732406817927E-002   1.4488825260444931E-006   2.7954471821681171E-004   2.3855983867578507E-014  0.28223141292087256        20058.180472552784        0.0000000000000000        6363.9043596290912        13184.122007919101        1.7413378921643268        4.0523814355048479E-007   0.0000000000000000        6.8873899039749186E-034   68.726535646037078        3.5679252257028264        11.944225742227461        0.0000000000000000        0.0000000000000000        239.06717280780023        7747.6614851771747        1840.3005210740062        3.0734077185715615E-182
   43651.583224016918        9.0988702669739713E-002  0.30471930308695350        24061.616596768654        7.2747449504207085E-002   1.0660530941958442E-008   2379.7431802532124        2.1579775507611511E-002   2.1753430145121624E-006   3.6824638176544025E-004   6.7639909007712964E-014  0.32666732497633044        26441.831570999468        0.0000000000000000        8701.0730492877301        24665.039877133026        2.5195697768558878        1.5053119635423610E-006   0.0000000000000000        9.1653919569059375E-033   178.94266012239461        4.8334915014687567        16.132533282896485        0.0000000000000000        0.0000000000000000        317.59516094640691        10178.255168217553        3138.7285919274841        2.2367204663823326E-177
   57543.993733716139        9.5274978823959827E-002  0.35497411414950503        31719.374643942672       0.12604950548674326        1.2835967614970485E-008   3137.1157572844495        2.5173739552978466E-002   3.2445190154045697E-006   4.8506642253897135E-004   1.9327870132670394E-013  0.38063292012502248        34857.122648091798        0.0000000000000000        11972.289811553599        48869.449468572675        3.7401992733404166        5.7731722174192487E-006   0.0000000000000000        2.7402256807597166E-031   538.22818985643107        6.6987672735513959        22.233866361507221        0.0000000000000000        0.0000000000000000        421.76354803083950        13376.299642690150        5438.4750196181276        6.5102298001189439E-169
   75857.757502918976       0.10174443952552972       0.41611492758421281        41814.220492556393       0.22151891656362163        1.5787356409955127E-008   4135.5276083363797        2.9563802277299732E-002   4.8093694839451130E-006   6.3890982431399912E-004   5.5500061463878464E-013  0.44631763968582655        45950.636817455765        0.0000000000000000        16544.070328439120        101516.38864941044        5.6893485496546301        2.2764350736575943E-005   0.0000000000000000        1.5904561868039015E-029   1780.4828155961252        9.4854777224844575        31.227751751856598        0.0000000000000000        0.0000000000000000        559.95842519792870        17584.806834810912        9557.5551006888345        1.4929604369425876E-157
   100000.00000000081       0.11033468678593636       0.49020373706893788        55121.733220637827       0.39354559992025528        1.9765256581747688E-008   5451.6912164262658        3.4893593029287302E-002   7.0949818963164619E-006   8.4149222095857327E-004   1.5949081734662804E-012  0.52593882231918376        60574.736625594036        0.0000000000000000        22873.875734692479        216962.51557944930        8.8241029546298257        9.1393784544519679E-005   0.0000000000000000        1.3684327264896027E-027   6731.9936867409715        13.660318687041340        44.508545636765128        0.0000000000000000        0.0000000000000000        743.30018859150277        23123.363500652780        16979.740666035643        1.4803552616298876E-144
