  0.10000000000000001        8.9669747924804710        4.1420317175780239E-003   5.0980978739099292E-002   8.2030121450204460E-011   3.1796880720414983E-012   5.1969049625152112E-003   2.5482115668111103E-004   2.3228138160777032E-011   8.5445439000443723E-006   1.7874209585540482E-026   4.4053974181591793E-003   6.0574736739933875E-002  0.86140542641923279        7.8894090164084468E-002   8.9317538402274063E-002  0.55041804621084001        3.8995217162204783E-022   1.5318481103594630E-022   1.2818022096150858E-032   2.5352278194215299E-006   7.4931248691933955E-003   8.5157852785636146E-003   0.0000000000000000        0.0000000000000000        1.4290050879760672       0.38211709491718893        5.9813064100680938E-006  0.21128223311224742     
  0.13182567385564070        8.8616902008056648        4.7552824683310072E-003   6.7910997438980367E-002   1.4599041324077881E-010   4.8363714868685841E-012   6.8946889022963266E-003   2.9208578967721227E-004   3.5419501823134215E-011   1.1263897816277416E-005   5.5256094482068261E-026   5.0586321558244969E-003   7.9853054891265748E-002   1.1838371028020884       0.12560161336680695       0.15605793721973185       0.78073414514022399        1.5658391077133216E-021   6.2439528111005045E-022   6.8522188174862521E-032   5.1278440716124046E-006   9.8228934171030596E-003   1.1209303066091117E-002   0.0000000000000000        0.0000000000000000        2.1015946658573412       0.48181139882726298        1.0645033544850173E-005  0.30939119618167416     
  0.17378008287493754        8.7548797454834002        5.4546249208907820E-003   9.0338188204807129E-002   2.5929035167334119E-010   7.3388432306285982E-012   9.1393089828974792E-003   3.3470517378503300E-004   5.3977787566077963E-011   1.4848701989837152E-005   1.7045754160403460E-025   5.8041787966656520E-003  0.10526682780096114        1.6218100845910597       0.20066652263357929       0.27225406706956701        1.1065085027019128        6.2718181760028635E-021   2.5353650936260688E-021   3.6446566845386650E-031   1.0338140536736604E-005   1.2853944301703966E-002   1.4729821018670758E-002   0.0000000000000000        0.0000000000000000        3.0863783119223829       0.60647428721825469        1.8906409195968591E-005  0.45211506868221113     
  0.22908676527677729        8.6450175628662116        6.2514802018441363E-003  0.12002804085252719        4.5968189355445827E-010   1.1110971806755448E-011   1.2105756491511105E-002   3.8342650608946333E-004   8.2222092695354978E-011   1.9574390509177203E-005   5.2484250872120696E-025   6.6544810984427768E-003  0.13876870497133567        2.2098263261340918       0.32180374386182853       0.47429481667741252        1.5666831982870144        2.5057806559281642E-020   1.0257924273525743E-020   1.9287965734505994E-030   2.0776283271621575E-005   1.6789018398072324E-002   1.9323258003526224E-002   0.0000000000000000        0.0000000000000000        4.5257754690273062       0.76226179439253217        3.3518154159732356E-005  0.65893054623729563     
  0.30199517204020160        8.5300055904388401        7.1583704378685060E-003  0.15931045849905051        8.1372324851181560E-010   1.6783771521774798E-011   1.6024863960554980E-002   4.3908567795395597E-004   1.2520482593135704E-010   2.5804055503612085E-005   1.6134421695109373E-024   7.6232601713260737E-003  0.18293278020287446        2.9842884921784671       0.51811981496153925       0.82514257991557327        2.2155185753136717        9.9859112113691495E-020   4.1363411025575875E-020   1.0155616631738677E-029   4.1622501637513431E-005   2.1883824873872082E-002   2.5303661107682469E-002   0.0000000000000000        0.0000000000000000        6.6255327174680598       0.95687814104447189        5.9333425286950170E-005  0.95698067302501844     
  0.39810717055349720        8.4075550327301016        8.1890238736383944E-003  0.21125963077506901        1.4388518287005507E-009   2.5293373298687468E-011   2.1201096896851197E-002   5.0261566527656342E-004   1.9062130641918194E-010   3.4016344509499535E-005   4.9540030316634849E-024   8.7256558834244574E-003  0.24115237008853885        3.9771464766213835       0.83763675241054569        1.4335750391703153        3.1283023555246672        3.9694522083950867E-019   1.6627053723116832E-019   5.3201094813894367E-029   8.3127229640440675E-005   2.8458969348671211E-002   3.3070425289383941E-002   0.0000000000000000        0.0000000000000000        9.6818725554148539        1.1999855983026810        1.0491528616557170E-004   1.3835085117470418     
  0.52480746024977254        8.2746141624450686        9.3580708513494610E-003  0.27993159538241097        2.5430661447533348E-009   3.8020092438412901E-011   2.8036023952198365E-002   5.7504139645634820E-004   2.9020582968195465E-010   4.4842236516211301E-005   1.5202480384194317E-023   9.9779544843220207E-003  0.31790073666854746        5.1979379950464857        1.3598989151865339        2.4871268688078492        4.4085470992879356        1.5740702987608660E-018   6.6652242135751108E-019   2.7734889592737054E-028   1.6552752878615573E-004   3.6909058908968326E-002   4.3125087827278745E-002   0.0000000000000000        0.0000000000000000        14.119344188730327        1.5037051765599583        1.8543015131428122E-004   1.9880080624383714     
  0.69183097091893642        8.1266530718803374        1.0680337642888964E-002  0.37067771183701442        4.4979485345039815E-009   5.6980089217839209E-011   3.7059271481238228E-002   6.5745823474014755E-004   4.4188537418781166E-010   5.9113521234986137E-005   4.6680474285195971E-023   1.1396909398864098E-002  0.41907478819177885        6.5968948548231889        2.2171524333440322        4.3081450497556233        6.1964685048533434        6.2292495091732048E-018   2.6662839682654596E-018   1.4399271019383024E-027   3.2874694027086501E-004   4.7704587562990654E-002   5.6084255656899791E-002   0.0000000000000000        0.0000000000000000        20.542851672534152        1.8832249434511295        3.2797230975595488E-004   2.8325708790263318     
  0.91201083935590965        7.9567576913833609        1.2169448955354155E-002  0.49055836558123317        7.9783832308328861E-009   8.5074851287711562E-011   4.8969353179048741E-002   7.5097994315001027E-004   6.7313057966432135E-010   7.7926707214356100E-005   1.4372796311918752E-022   1.2998355605718520E-002  0.55244816361555249        8.0014811935788686        3.6299974787635994        7.4482499563278237        8.6773899739654947        2.4623836759642617E-017   1.0657078147878576E-017   7.4576757339583917E-027   6.5172089666290707E-004   6.1375559348816555E-002   7.2679208348719951E-002   0.0000000000000000        0.0000000000000000        29.807560182889567        2.3575194652776976        5.8175160437290310E-004   3.9865728987639661     
   1.2022644346174127        7.7529356863498702        1.3834067097137467E-002  0.64889025473120077        1.4251068066173737E-008   1.2635847783851987E-010   6.4687575515162951E-002   8.5658869091211922E-004   1.0262784520436794E-009   1.0272726813915398E-004   4.4557004418474011E-022   1.4793383056188740E-002  0.72826851453654928        9.0097512579280803        5.9674490296390026        12.843984846833148        12.083509965051695        9.7414498922754972E-017   4.2666243060600665E-017   3.8672708051933048E-026   1.2918019693901315E-003   7.8434847061366622E-002   9.3704449086147154E-002   0.0000000000000000        0.0000000000000000        43.107335917501949        2.9500772228004917        1.0391305445800877E-003   5.5033098559853544     
   1.5848931924611134        7.4905348222255714        1.5666926161176910E-002  0.85797386284682520        2.5859699856199407E-008   1.8609124546051051E-010   8.5429355358269579E-002   9.7468077816521045E-004   1.5674119050398595E-009   1.3542069914441825E-004   1.4030364835017471E-021   1.6777027638486538E-002  0.96004487686383666        8.8459211539909255        9.8478877791493122        22.058398313082790        16.664115020310248        3.8731281439088082E-016   1.7198785524333450E-016   2.0237596811682405E-025   2.5692063875252576E-003   9.9106164666763488E-002  0.11978993892008127        0.0000000000000000        0.0000000000000000        62.067182928980046        3.6892015183675992        1.8855852676777543E-003   7.3389461312523627     
   2.0892961308540392        7.1067562732696530        1.7606127705862295E-002   1.1340767007466652        4.8723430708024336E-008   2.6938834000887625E-010  0.11279928570736693        1.1034171880144170E-003   2.4033467833789105E-009   1.7851891219318106E-004   4.5867486209340793E-021   1.8888063806069891E-002   1.2655856287947704        6.3750566261205162        16.306585376592281        37.574402144348021        22.513905932363190        1.5628525188576149E-015   7.0649955506260649E-016   1.0879341970736407E-024   5.1670165467873263E-003  0.12229999958714408       0.15046668693203505        0.0000000000000000        0.0000000000000000        88.745250046524205        4.6058018104926433        3.5527165297606451E-003   9.0640304633242295     
   2.7542287033381663        6.3820664072036752        1.9342089091143124E-002   1.4988714843897826        1.0221198319701294E-007   3.7068529314474888E-010  0.14892281993401491        1.2301857193795591E-003   3.7308726389837686E-009   2.3533319647597780E-004   1.6695587343151367E-020   2.0807608006998660E-002   1.6683667835582865        1.6599337188381620        27.053886865840020        62.481018907027881        28.597492245821826        6.5552543160570233E-015   3.0485946171919487E-015   6.2440479452335574E-024   1.0665337925062824E-002  0.14066050266873248       0.17936593507422943        0.0000000000000000        0.0000000000000000        124.89683287687652        5.7150115698444388        7.4528865674444522E-003   8.6952836825813122     
   3.6307805477010131        4.8004133701324463        1.9795908766326746E-002   1.9815990878098217        2.7349174571646374E-007   4.3508519105885443E-010  0.19663654019790391        1.3036713207382662E-003   6.0378576271331017E-009   3.1022845253334149E-004   7.7563380109742494E-020   2.1409808539598351E-002   2.1993357550782822        6.7660185813581365E-003   44.751412325759198        96.031710459643378        29.812146239035368        2.8117535526530610E-014   1.3429790407263111E-014   3.4603774398237642E-023  0.14325838797435900       0.12945523147757756       0.18100893339284746        0.0000000000000000        0.0000000000000000        168.84832107596208        6.9495418935376732        1.9941917710649938E-002   2.8426648518603406     
   4.7863009232263831        2.8041784117221833        1.8441085988826014E-002   2.6199103078581718        8.8393904621466398E-007   3.9044777983488086E-010  0.25965996706355920        1.2760506112649019E-003   1.0441928822681889E-008   4.0895826559155196E-004   4.3579015788790969E-019   2.0126094865682467E-002   2.8992891793999140        3.3232494127619961E-010   73.290436266413366        130.50049288963990        23.541805770523240        1.0632545100862567E-013   3.7081921206999815E-014   1.0563757484025843E-022  0.14516107870201331        8.7972820426817797E-002  0.14481540152862221        0.0000000000000000        0.0000000000000000        220.65305496932879        8.2550645863404100        6.4453278743988360E-002   3.4085213165050969E-002
   6.3095734448019316        1.5463303297758100        1.6956046563389456E-002   3.4610655165032402        2.6354397665897863E-006   3.1644736353765818E-010  0.34276605358046086        1.2146100608397031E-003   1.8507999852522848E-008   5.3910724655508086E-004   2.2595788297036600E-018   1.8709763870784241E-002   3.8220074975874634        8.9098731182502420E-025   118.66022736471541        167.65274711062548        17.526396893548895        3.4520527335819481E-013   9.4242700117687464E-015   1.2832510447809258E-022  0.10430538616542635        5.6860360560576514E-002  0.11032007347165214        0.0000000000000000        0.0000000000000000        294.58702737322943        9.8503161345861088       0.19216566415570710        1.7048526559348852E-006
   8.3176377110267090       0.91299558919668178        1.6081461580943590E-002   4.5688381755976284        6.3366873496514433E-006   2.6579803231586156E-010  0.45228331714241332        1.1715105744878563E-003   3.2475964369184281E-008   7.1067368289445864E-004   9.4462295490879808E-018   1.7963645838325906E-002   5.0383871382701724        1.6769623507432627E-047   189.74762192450416        213.33053827552988        14.092319453238991        9.8407611423155172E-013   4.5200625656537689E-020   6.2077284540734835E-023   7.5436209902961945E-002   4.0478207176291151E-002   8.9534186776713473E-002   0.0000000000000000        0.0000000000000000        404.94895276138573        11.949308816677371       0.46204574603824522        1.5152347158158542E-013
   10.964781961431852       0.58508540521562113        1.5746445166779768E-002   6.0283454170128756        1.3025820767292433E-005   2.3900364396322413E-010  0.59661581855294943        1.1540636779491121E-003   5.6016540663874861E-008   9.3683716666142830E-004   3.3751027630517881E-017   1.7837346011390306E-002   6.6418877960520888        9.7747590192095581E-079   299.32846995337616        269.99904492344717        12.389909185482161        2.6558170036448916E-012   2.3945729880769970E-043   1.4437892689496247E-023   6.1065429897106289E-002   3.2000938703404709E-002   7.8233146090254391E-002   0.0000000000000000        0.0000000000000000        565.69947039218084        14.710492331235722       0.94979044129661150        1.9082865963339986E-023
   14.454397707459281       0.40277897167205806        1.5820641081927763E-002   7.9518293838998870        2.4571601699492781E-005   2.3019131355971699E-010  0.78685445173429869        1.1597235961751339E-003   9.5053799648708690E-008   1.2349706982724786E-003   1.1063132781537244E-016   1.8215335376375378E-002   8.7557133435156871        3.3807957563807591E-118   465.90946568063009        338.97623198628617        11.763588874990901        7.1901185358491479E-012   2.6095445240701157E-120   1.9387047971279841E-024   5.5476089425656995E-002   2.7622273667122214E-002   7.2891085595304342E-002   0.0000000000000000        0.0000000000000000        795.52232881837949        18.318464227383483        1.7916623327204635        4.4387156503924131E-036
   19.054607179632484       0.29353182833269237        1.6203462696266973E-002   10.487180916687707        4.4369781549114863E-005   2.3506665745564275E-010   1.0376206491997932        1.1843474656591827E-003   1.5917178506791762E-007   1.6279745784966648E-003   3.4705103603228045E-016   1.9015784740422821E-002   11.542278115612524        2.0967564105937514E-165   716.10099627531224        420.62926200573429        11.866747844054151        2.0000902105821306E-011   0.0000000000000000        1.6754021951391363E-025   5.1747749359743550E-002   2.5526104147189813E-002   7.1476557163800108E-002   0.0000000000000000        0.0000000000000000        1120.3838464491068        23.010835313041326        3.2352659498882201        2.8410871506083080E-051
   25.118864315095820       0.22356757149007173        1.6827530931407476E-002   13.829290027122834        7.8329800504170575E-005   2.5153664593285964E-010   1.3681872725280120        1.2244143530212327E-003   2.6388551758673735E-007   2.1460344034268308E-003   1.0641708425631912E-015   2.0197979687855541E-002   15.215685904536285        6.2858447039622720E-220   1087.6984304260795        514.25033744946529        12.543116871442512        5.7456001163925794E-011   0.0000000000000000        9.8330841193775366E-027   4.8743334416038314E-002   2.4848368151637917E-002   7.2929494045265136E-002   0.0000000000000000        0.0000000000000000        1576.2296253565439        29.099691192602542        5.7114938948293217        7.0873908233785945E-069
   33.113112148259148       0.17620889517851171        1.7648536797706397E-002   18.235022566436722        1.3659409636644792E-004   2.7912609552643586E-010   1.8039588984530150        1.2772855620204228E-003   4.3433781766319734E-007   2.8289378445904931E-003   3.2227375509292427E-015   2.1754760204317311E-002   20.058180475442200        1.8776240945236163E-281   1633.6511827121465        617.86270570651629        13.746213599086081        1.7009675870280919E-010   0.0000000000000000        4.0154012536583301E-028   4.6946706041925260E-002   2.5172954278914403E-002   7.6747984845487199E-002   0.0000000000000000        0.0000000000000000        2212.4567557963123        36.995567550039134        9.9598919242128900        8.8622367348550352E-089
   43.651583224016655       0.14267593675758689        1.8636270869956586E-002   24.042957495018683        2.3652174260456221E-004   3.1849401289033639E-010   2.3784237656026677        1.3409985551718893E-003   7.1135213979222452E-007   3.7291275933281193E-003   9.6897592175784274E-015   2.3706397018456594E-002   26.441831573531690        0.0000000000000000        2427.1573440391985        728.16653513269455        15.500688250401478        5.1693974396076272E-010   0.0000000000000000        1.1533502370485525E-029   4.5415716428769182E-002   2.6308243308211583E-002   8.2762895683937715E-002   0.0000000000000000        0.0000000000000000        3096.5603357553987        47.237986532410382        17.246213831585369        6.6523705358491674E-111
   57.543993733715780       0.11805888256174513        1.9768421664820873E-002   31.699397669966448        4.0781130745008465E-004   3.7115827627150591E-010   3.1357269203607534        1.4140160861058125E-003   1.1613958022650534E-006   4.9157239278650273E-003   2.9006662044956863E-014   2.6098161678791715E-002   34.857122650693036        0.0000000000000000        3568.2481440877946        840.77780405866383        17.888120779837251        1.6066414811723715E-009   0.0000000000000000        2.3484893954317322E-031   4.3911780917939222E-002   2.8187773802427655E-002   9.1027980921225160E-002   0.0000000000000000        0.0000000000000000        4320.3561887613068        60.535625290611662        29.735959720968594        3.5237638047157406E-135
   75.857757502918517        9.9459089913405477E-002   2.1026407129150628E-002   41.792650678534173        7.0127756341947529E-004   4.3935505878570366E-010   4.1340621613408457        1.4950179742256907E-003   1.8930771206322933E-006   6.4798241335810762E-003   8.6592200242045127E-014   2.9001249236957394E-002   45.950636820105231        0.0000000000000000        5192.4774472978870        950.82254046745595        21.047126151142027        5.0906542117717062E-009   0.0000000000000000        3.4301826541403057E-033   4.2459294332552001E-002   3.0826023359714936E-002  0.10177325700722840        0.0000000000000000        0.0000000000000000        6008.2804965107480        77.819452479184292        51.134338352334446        1.6102988723418125E-161
   100.00000000000020        8.5080625960719747E-002   2.2392437912806491E-002   55.098210285867623        1.2038929110782263E-003   5.2596918070614016E-010   5.4501433823948311        1.5827367671423440E-003   3.0846480555248852E-006   8.5414827421904510E-003   2.5803957864388669E-013   3.2516657422139286E-002   60.574736628764562        0.0000000000000000        7482.7352670288747        1053.8094108787177        25.183626867322225        1.6404324440580154E-008   0.0000000000000000        3.6679392945816643E-035   4.1070709879938577E-002   3.4300171159847063E-002  0.11539421020795067        0.0000000000000000        0.0000000000000000        8328.4183644467630        100.31303750651280        87.783027243705078        8.4903270994168193E-190
   131.82567385564101        7.3761598830547878E-002   2.3847298128720877E-002   72.638303579974149        2.0645871186773814E-003   6.3450460239312900E-010   7.1850988685821457        1.6758247089417911E-003   5.0302096841142170E-006   1.1258903330324411E-002   7.6807953332809129E-013   3.6782026167987078E-002   79.853054745631297        0.0000000000000000        10685.737640872787        1146.5616084196183        30.590609877439803        5.3665169164510595E-008   0.0000000000000000        2.9643381115766983E-037   3.9689198777347126E-002   3.8745376131372189E-002  0.13246375374571290        0.0000000000000000        0.0000000000000000        11507.112278642348        129.62555230658072        150.54138588085996        7.8181186920099836E-220
   173.78008287493799        6.4720680351892962E-002   2.5368642295928522E-002   95.760367615964341        3.5385429025365234E-003   7.6910245130989149E-010   9.4722414201329119        1.7727479169898606E-003   8.2179879262546998E-006   1.4840538302562984E-002   2.2847720224393026E-012   4.1981928515481368E-002   105.26682751211526        0.0000000000000000        15135.404854511138        1227.9475896367471        37.679095457298999        1.7798887546614639E-007   0.0000000000000000        1.8922008534558472E-039   3.8374961724100605E-002   4.4358409803213456E-002  0.15376202890527740        0.0000000000000000        0.0000000000000000        15848.252638705382        167.87479695853889        258.01631121673671        2.1850561348671758E-251
   229.08676527677795        5.7414364108881275E-002   2.6929842991786732E-002   126.24046520409527        6.0633241908085627E-003   9.3465332657764508E-010   12.487311303633247        1.8717145524683140E-003   1.3464076334055034E-005   1.9561008959007940E-002   6.7944173011664900E-012   4.8362566503262983E-002   138.76870471365439        0.0000000000000000        21286.171469259174        1299.2459569562839        47.024276530641067        5.9787812143011260E-007   0.0000000000000000        1.0085669146342634E-041   3.7238363600697301E-002   5.1407900917039513E-002  0.18032401901807252        0.0000000000000000        0.0000000000000000        21758.667502515593        217.84997827618881        442.11320436505099        3.6864810396276713E-284
   301.99517204020253        5.1453811535524446E-002   2.8499617999551304E-002   166.41955108184860        1.0389858510219030E-002   1.1370870626885841E-009   16.461979017931892        1.9706547838476249E-003   2.2142829098112846E-005   2.5782038142103652E-002   2.0204998772252490E-011   5.6252310925502577E-002   182.93278008958436        0.0000000000000000        29760.583805784630        1364.1806946879219        59.433675642710732        2.0323449844640700E-006   0.0000000000000000        4.7951022713235756E-044   3.6406447506150401E-002   6.0251486679498326E-002  0.21350905166475290        0.0000000000000000        0.0000000000000000        29781.423301130082        283.22712010356463        757.58667923706605        0.0000000000000000     
   398.10717055349858        4.6554807288306604E-002   3.0042750180210846E-002   219.38299853991873        1.7808083267355408E-002   1.3839378622470718E-009   21.701645324640769        2.0672743361622292E-003   3.6586640200273238E-005   3.3979948774426255E-002   6.0098808048584881E-011   6.6089973290799325E-002   241.15237005561056        0.0000000000000000        41417.837284532623        1428.8417186192041        76.048207927098630        6.9865053791955359E-006   0.0000000000000000        2.1928518699038263E-046   3.6014732808106083E-002   7.1361580821132670E-002  0.25510000597978155        0.0000000000000000        0.0000000000000000        40639.356350104201        368.85404139326960        1298.4937814912109        0.0000000000000000     
   524.80746024977441        4.2506591538232913E-002   3.1522186028317092E-002   289.19707678083870        3.0536245611414912E-002   1.6852692515313624E-009   28.608906185016821        2.1592000600236952E-003   6.0783595126974215E-005   4.4781743337656318E-002   1.7883851041437841E-010   7.8463129425997105E-002   317.90073684316673        0.0000000000000000        57454.076034781639        1501.8037334787184        98.493191545668523        2.4275710376594398E-005   0.0000000000000000        1.0501948353652039E-048   3.6219743759631141E-002   8.5362908471103338E-002  0.30744463931064436        0.0000000000000000        0.0000000000000000        55291.833972058113        481.12703703475046        2226.5801681866760        0.0000000000000000     
   691.83097091893910        3.9151704678399249E-002   3.2902609809563520E-002   381.22036875860067        5.2393711076791694E-002   2.0550145961017866E-009   37.714485518802789        2.2442219553900950E-003   1.0159914908722221E-004   5.9012363857391101E-002   5.3250126016294641E-010   9.4159195622344719E-002   419.07478853132204        0.0000000000000000        79552.705459923338        1594.8008996612543        129.10597099168751        8.5224803239843111E-005   0.0000000000000000        5.7981007070961580E-051   3.7229713697408927E-002  0.10308676341497273       0.37365771871456055        0.0000000000000000        0.0000000000000000        75008.692813294663        628.48802869395786        3820.3386069726316        0.0000000000000000     
   912.01083935591339        3.6372488101976165E-002   3.4155243068300763E-002   502.51374335945394        8.9966099721939641E-002   2.5127852241181064E-009   49.718012524686031        2.3206123855951974E-003   1.7091663003225831E-004   7.7756462561373724E-002   1.5867625526700993E-009  0.11423231801526967        552.44816393903773        0.0000000000000000        110116.38691733817        1724.4357533713846        171.28252619997807        3.0223471133566151E-004   0.0000000000000000        4.1171870267946268E-053   3.9358207551342228E-002  0.12564971158642987       0.45791249466749034        0.0000000000000000        0.0000000000000000        101466.66494219331        822.07946938828297        6559.9660154388530        0.0000000000000000     
   1202.2644346174179        3.4081806994276112E-002   3.5263155772805213E-002   662.37983197716437       0.15462773898497217        3.0862593348808261E-009   65.541776728408038        2.3874728099235426E-003   2.8937653057883075E-004  0.10243891356604132        4.7325446716939288E-009  0.14008954214877006        728.26851481212509        0.0000000000000000        152636.99203203502        1915.7742393491983        230.01172066775729        1.0826528896035097E-003   0.0000000000000000        4.2647499275621311E-055   4.3118616508077662E-002  0.15456882711915829       0.56586568283590810        0.0000000000000000        0.0000000000000000        136875.56354977947        1076.6053560244745        11274.832586059092        0.0000000000000000     
   1584.8931924611206        3.2216637959008504E-002   3.6225988204901964E-002   873.07249161815503       0.26606169624816484        3.8144170431296786E-009   86.401591097320178        2.4450341836709383E-003   4.9286278166550711E-004  0.13492938998795720        1.4129340284530912E-008  0.17360041237653009        960.04487713036019        0.0000000000000000        212306.05454690201        2209.6462083600582        312.71119504747696        3.9180939165831402E-003   0.0000000000000000        7.4513839610893801E-057   4.9403912088579131E-002  0.19193272441138715       0.70528577382578173        0.0000000000000000        0.0000000000000000        184144.23519106951        1411.4613533393717        19400.148398034242        0.0000000000000000     
   2089.2961308540494        3.0733798755984022E-002   3.7062958728918682E-002   1150.7290525716894       0.45840509756601100        4.7521480992872021E-009   113.90020803162999        2.4948376175763405E-003   8.4362143800234622E-004  0.17767765222045598        4.2231816738927388E-008  0.21723544856695098        1265.5856285947980        0.0000000000000000        297057.51080551121        2677.8642161809066        430.55957294637750        1.4331140000022108E-002   0.0000000000000000        2.5945203894398718E-058   5.9857380242093916E-002  0.24065988254753290       0.88699796438340905        0.0000000000000000        0.0000000000000000        247099.90804450860        1852.2166376535356        33425.055333410557        0.0000000000000000     
   2754.2287033381804        2.9607511425379922E-002   3.7813583910986590E-002   1516.5939335216578       0.79101520578195350        5.9771779693239218E-009   150.15046583771141        2.5397594344279185E-003   1.4489855472046953E-003  0.23388781571827341        1.2638295809721856E-007  0.27424115906368790        1668.3667831142786        0.0000000000000000        419411.95233151712        3456.7290058069802        600.66791915493252        5.3016471109178627E-002   0.0000000000000000        2.1759887573998961E-059   7.7699180698093520E-002  0.30489758719780247        1.1263359817189997        0.0000000000000000        0.0000000000000000        330779.13767306966        2432.5562144227724        57677.646176313676        0.0000000000000000     
   3630.7805477010324        2.8828838634035035E-002   3.8536552169034038E-002   1998.6221933297900        1.3674064493404041        7.6009693076579585E-009   197.93762752956783        2.5839092327386184E-003   2.4921168954322812E-003  0.30774199510194417        3.7870681236974022E-007  0.34886245650371683        2199.3357542194403        0.0000000000000000        599855.11261044699        4826.1328206421440        849.71588914289327       0.19857450651823388        0.0000000000000000        5.4365979263949941E-060  0.10972529943205887       0.39065538278919981        1.4454328904136013        0.0000000000000000        0.0000000000000000        441814.24277413031        3196.8267325541829        99705.776561273466        0.0000000000000000     
   4786.3009232264094        2.8407397692024453E-002   3.9308239535959237E-002   2633.5764212466288        2.3687156493057540        9.7865778332562833E-009   260.93338507295800        2.6324881879170032E-003   4.2806654372857652E-003  0.40468690610724473        1.1363589232818011E-006  0.44662763383112097        2899.2891783459222        0.0000000000000000        873251.22090602666        7412.1875564529182        1220.2392000818463       0.75419303377506575        0.0000000000000000        5.1194542324685865E-060  0.17160559120242325       0.50684547094441657        1.8769548104979088        0.0000000000000000        0.0000000000000000        588946.46101816813        4203.3729151841153        172717.21468097134        0.0000000000000000     
   6309.5734448019684        2.8376258541920829E-002   4.0222989478230414E-002   3469.7602769055356        4.1131665011044012        1.2779070821108791E-008   343.97797177408967        2.6917085008736543E-003   7.3197718988563341E-003  0.53180256840707840        3.4147459706285978E-006  0.57471726638618248        3822.0074963798133        0.0000000000000000        1301457.1432959395        12756.917220495834        1781.9217292909480        2.9109845214525838        0.0000000000000000        2.3499501107835533E-059  0.30351286354601203       0.66706011404938781        2.4704204700437371        0.0000000000000000        0.0000000000000000        783707.11471834767        5528.9080374658533        299915.55204105814        0.0000000000000000     
   8317.6377110267604        2.8801741601762392E-002   4.1397439285873819E-002   4570.5660963202690        7.1624077946836495        1.6959576537684602E-008   453.45205875501165        2.7688122731852455E-003   1.2412991506597946E-002  0.69828289093711948        1.0277083011116259E-005  0.74244914249617855        5038.3871369162061        0.0000000000000000        1998969.8434547763        25097.636944979433        2652.7879015108265        11.454128916358572        0.0000000000000000        6.9340756738131095E-058  0.62250738211490320       0.89274368414830185        3.3033527302308343        0.0000000000000000        0.0000000000000000        1041322.5542903307        7274.2340903613085        522253.95862505108        0.0000000000000000     
   10964.781961431918        2.9801158009402563E-002   4.2981173970753767E-002   6019.0489169790380        12.513007238687972        2.2945616756796128E-008   597.76701004658196        2.8720254143099733E-003   2.0784344329498786E-002  0.91607785859182289        3.0981008379330013E-005  0.96193105797688661        6641.8877947023802        0.0000000000000000        3186400.3005682928        57612.907550376527        4040.9783263326881        46.153086535994774        0.0000000000000000        1.7509275107068652E-055   1.5275770741695882        1.2191169933989987        4.5018185097370358        0.0000000000000000        0.0000000000000000        1381920.1085212280        9571.7197254785588        912398.14208279806        0.0000000000000000     
   14454.397707459368        3.1572608236303479E-002   4.5175311683079547E-002   7923.7672026815926        21.943394480559380        3.1784013686596962E-008   788.01116549691903        3.0096504258260073E-003   3.4193996267290527E-002   1.2007782003195453        9.3556436006185092E-005   1.2489631624284510        8755.7133421017388        0.0000000000000000        5302039.2510479148        157224.86961793795        6331.2223968801291        191.62637415220576        0.0000000000000000        4.9136671015812750E-052   4.6727715517925805        1.7066769026197184        6.2796023135129877        0.0000000000000000        0.0000000000000000        1832144.8823595450        12595.056453106039        1600024.0368398910        0.0000000000000000     
   19054.607179632600        3.4433107451328396E-002   4.8252206132777260E-002   10426.141163783064        38.641850819356229        4.5317294616580954E-008   1038.8018111886361        3.1852785526501524E-003   5.5010232260570231E-002   1.5728405402984460        2.8297892346661017E-004   1.6242780249838735        11542.278114095097        0.0000000000000000        9217460.2442376353        514640.13203050598        10268.605187935429        826.04129132609546        0.0000000000000000        1.7383581459203424E-047   18.850995836073579        2.4634574265325329        9.0122340429659289        0.0000000000000000        0.0000000000000000        2427345.3619739236        16571.917356017206        2817608.2872559777        0.0000000000000000     
   25118.864315095976        3.8798654734833682E-002   5.2519726845111282E-002   13709.598272349793        68.311711737813525        6.6749355617055629E-008   1369.4083075014642        3.3791377941527296E-003   8.6352872781635628E-002   2.0590889551047522        8.5646127637346566E-004   2.1149878197440164        15215.685902191522        0.0000000000000000        16524568.769598562        1972158.3931119172        17321.310814290613        3713.9690457358638        0.0000000000000000        5.5447698006527492E-042   106.97032073162912        3.6812268262451924        13.352407017686492        0.0000000000000000        0.0000000000000000        3214524.5372966994        21800.100089446092        4981015.1695086816        0.0000000000000000     
   33113.112148259344        4.4867675517488811E-002   5.8063038672411041E-002   18010.971809232011        120.95720814112514        1.0083930150094292E-007   1805.2326848688372        3.4989049179487744E-003  0.13311838270428256        2.6936686242172527        2.5851757196215315E-003   2.7552305678076126        20058.180472326683        0.0000000000000000        29392144.676540818        8020298.3258899366        30165.403770028137        17211.895471912543        0.0000000000000000        4.0646918621402842E-036   837.04388637080388        5.6558840899319147        20.280985843491727        0.0000000000000000        0.0000000000000000        4256105.3115692865        28667.322100455458        8819712.9494393691        0.0000000000000000     
   43651.583224016918        5.2105025239563466E-002   6.4413067370147251E-002   23634.732086930147        213.63515344536822        1.5265674070337997E-007   2379.7614213649126        3.3425778861216741E-003  0.20479827979917917        3.5173062396825876        7.7344261697484245E-003   3.5850618849388565        26441.831570831055        0.0000000000000000        49433735.418654196        29853871.532834306        52882.133917496467        79323.503781423089        0.0000000000000000        8.7151231972011276E-031   7143.4328615756967        8.7277112215648245        30.892653347030670        0.0000000000000000        0.0000000000000000        5634269.9351028129        37675.142982571742        15577415.833698938        0.0000000000000000     
   57543.993733716139        5.9691954717396578E-002   7.0988264380085278E-002   30969.122953890255        375.39388481032375        2.2707068602755301E-007   3137.1382090635598        2.7271906354270751E-003  0.31787161420928645        4.5762499014850340        2.2763808141325580E-002   4.6499653565005463        34857.122648029479        0.0000000000000000        77507331.490236819        94996453.253798917        91341.500690341330        351886.56349817512        0.0000000000000000        2.1116180779234711E-026   52326.061043188121        13.258476122799467        46.331948746280013        0.0000000000000000        0.0000000000000000        7456761.9460028978        49469.346391444516        27372211.692742251        1.2201351081920562E-268
   75857.757502918976        6.7326379716383597E-002   7.7714761149373687E-002   40502.679311855602        656.16130590812259        3.3055272635786279E-007   4135.5554323575197        1.7466676053699041E-003  0.49696945192580200        5.9195944612532321        6.5153297676852753E-002   5.9990558900079760        45950.636817458122        0.0000000000000000        114914777.98230229        264914651.96989641        154898.72838694675        1480133.2681550123        0.0000000000000000        8.1848930666278215E-023   315193.65341042419        19.765249259188334        68.234883572277269        0.0000000000000000        0.0000000000000000        9865674.6432790533        64875.572939880542        47844642.378706641        1.4180875419100196E-236
   100000.00000000081        7.5120438265720624E-002   8.5025237717265237E-002   52840.244416019741        1141.3405326772895        4.7183152757893192E-007   5451.7253380477032        7.8102626655743648E-004  0.77668047461085421        7.5898276259504573       0.17805929006642546        7.6756338899342804        60574.736625686011        0.0000000000000000        163490261.33199215        674969176.54019451        258899.55741457042        5830590.9599945797        0.0000000000000000        9.0816324195856902E-020   1634671.6512538826        29.065389308435179        99.171148245147847        0.0000000000000000        0.0000000000000000        13048981.463093258        84936.163213585329        83221959.488592103        1.5717652971533375E-210
