  0.10000000000000001        8.5459210205078122        2.2677538481400664E-003   5.2855256763712014E-002   3.6601195399931564E-012   2.9739104941692056E-012   5.3135538301865848E-003   1.3817228921232490E-004   2.1931779521879106E-013   8.4839652453871189E-008   2.5537166577615665E-031   2.4060109770048452E-003   6.0574736738571236E-002  0.32864852451733650        5.4941563534537769E-004   9.1121850689246072E-004   4.5198414979050134E-003   5.2462395455687455E-027   2.1756823028246067E-027   7.2634200573891063E-039   5.9285652490115823E-008   2.1900092754379829E-003   2.5306217727758180E-003   2.4095331246454056E-004  -8.1696974232956073E-007   1.3630777715084638E-002  0.11019208635548536        1.5238893741163370E-007
  0.12589254117941673        7.8592755813598636        2.4561379435563070E-003   6.6939620868369160E-002   6.2143927939630199E-012   3.9223366871023488E-012   6.7106787945625636E-003   1.5263774923047544E-004   3.1534364301101074E-013   1.0680677729884231E-007   6.8700473568170016E-031   2.6088824995640814E-003   7.6259075368147300E-002  0.14772845503490600        8.2052317379191606E-004   1.4017006227458979E-003   5.5604043497812523E-003   1.6001436766421574E-026   6.8726267261633793E-027   2.6914881299763527E-038   1.0095726019813302E-007   2.4717497192889909E-003   2.9392966282205599E-003   9.4184765146183098E-005  -8.1525205808487450E-007   1.8346893003996091E-002  0.13951944517824694        2.5873600689345487E-007
  0.15848931924611134        7.7639081592559815        2.7472662182408476E-003   8.4616818031916549E-002   1.0851369441997794E-011   5.5122383266739302E-012   8.4695864704899607E-003   1.7081712668035783E-004   4.4743971319993293E-013   1.3446174781290449E-007   1.9006333742246518E-030   2.9182178066690183E-003   9.6004487869030472E-002  0.18560793083503502        1.2289188233762069E-003   2.2189787983007475E-003   7.4070918366933797E-003   5.4886328740469508E-026   2.3764204745374567E-026   1.2606179405820514E-037   1.9489997870489055E-007   3.0746902479839178E-003   3.6715023254588141E-003   8.0789086411298840E-005  -8.0391897536286738E-007   2.5117046721746108E-002  0.17633823038969010        4.5179635273065651E-007
  0.19952623149688792        7.7066877059936525        3.0784839059571447E-003  0.10690638174712676        1.8969015586849874E-011   7.7740995697321777E-012   1.0686248874125866E-002   1.9137477338693299E-004   6.3410332556288721E-013   1.6927727526983574E-007   5.2637113124618778E-030   3.2700279566193475E-003  0.12086248933853473       0.25125900509103061        1.8460676918374652E-003   3.5181988271989488E-003   9.9178521771460613E-003   1.8959884704614064E-025   8.2579449705369978E-026   5.9892644696595568E-037   3.7906805765416160E-007   3.8472280041241310E-003   4.6055512051312803E-003   7.3379400966765653E-005  -7.9628789809470510E-007   3.4382107631070712E-002  0.22276159985330388        7.8977424027800319E-007
  0.25118864315095796        7.5827100572586055        3.4360960571193895E-003  0.13502664603897246        3.3013041585634408E-011   1.0871052773875396E-011   1.3480187767914209E-002   2.1392904437342566E-004   9.0011202612661570E-013   2.1310743155672377E-007   1.4512775893519244E-029   3.6502382089243723E-003  0.15215685897440556       0.29753083055060853        2.7813921660726913E-003   5.5553176267610022E-003   1.3147987806999521E-002   6.4488544331733725E-025   2.8323292747395509E-025   2.7574592430834366E-036   7.2491187391923490E-007   4.7567088341433326E-003   5.7257012849881344E-003   5.8809501245562776E-005  -7.7791933186236914E-007   4.6901571528782882E-002  0.28132392068461404        1.3744967269485163E-006
  0.31622776601683783        7.4968793773651132        3.8424381493548420E-003  0.17047182621006882        5.7504969494908999E-011   1.5257916658737197E-011   1.7000458674113476E-002   2.3941294938181011E-004   1.2762217931176628E-012   2.6828627358736860E-007   4.0046474944000879E-029   4.0821193850102393E-003  0.19155413609792890       0.37981404801958113        4.2030940520553844E-003   8.7864813797083590E-003   1.7520831583556318E-002   2.2085549659814525E-024   9.7615824029461081E-025   1.2872999123819737E-035   1.3964635224270682E-006   5.9165529641783173E-003   7.1493094617054156E-003   4.9818823446954696E-005  -7.6394622929206372E-007   6.3963534327589888E-002  0.35513812297928526        2.3942172110679144E-006
  0.39810717055349715        7.4778058929443363        4.3121333796371075E-003  0.21513652349532641        1.0034989689607935E-010   2.1572817143291354E-011   2.1435183373711187E-002   2.6852910240768139E-004   1.8058699203689472E-012   3.3775222451836451E-007   1.1069813007293598E-028   4.5810002342693071E-003  0.24115236955178218       0.55777333783339045        6.3709896536421800E-003   1.3944415364518532E-002   2.3575709187856706E-002   7.6611191436097726E-024   3.3971012177672926E-024   6.1691805443798402E-035   2.7279455557448282E-006   7.4422487781290970E-003   9.0006438823089559E-003   4.7934278242929442E-005  -7.6072043842876956E-007   8.7293545180807536E-002  0.44814961309745921        4.1780641288533232E-006
  0.50118723362727213        7.3156812753677372        4.7994311818419120E-003  0.27147005936073654        1.7374238441503828E-010   2.9960690902407206E-011   2.7023682805520775E-002   2.9967236127695677E-004   2.5654170095567909E-012   4.2520459753382316E-007   3.0358301816504154E-028   5.0995287477164026E-003  0.30359284605686093       0.60428792950819732        9.6819750959856159E-003   2.1943553365684276E-002   3.1039786781478024E-002   2.5734713697968993E-023   1.1512288432077808E-023   2.7683777757864992E-034   5.1446781012812032E-006   9.1255479058558325E-003   1.1118373731689186E-002   3.3448451979110662E-005  -7.3181751953819684E-007  0.11836462786241433       0.56545162080177847        7.2337575467332358E-006
  0.63095734448019303        7.2250822243690491        5.3624046364419472E-003  0.34244027699293988        3.0134573613399097E-010   4.1941811499808865E-011   3.4062837699594853E-002   3.3522846771535470E-004   3.6367910834350399E-012   5.3530051994494494E-007   8.3396814755644728E-028   5.6981684046772474E-003  0.38220074839938345       0.76010777236091087        1.4756824821886776E-002   3.4660544051985827E-002   4.1294714053843114E-002   8.7622262938420241E-023   3.9416308854865248E-023   1.2771348658142448E-033   9.8471230863478741E-006   1.1325798001739537E-002   1.3857128757848345E-002   2.6450803680851608E-005  -7.1471815767773215E-007  0.16060069866023374       0.71322867588865746        1.2546518227399563E-005
  0.79432823472428127        7.1726301422119141        6.0037184839616979E-003  0.43185391519716970        5.2236855224925678E-010   5.8958019259803894E-011   4.2929101727853122E-002   3.7549788100040032E-004   5.1494145094456208E-012   6.7390290629453577E-007   2.2894764355604386E-027   6.3798902678683924E-003  0.48116223433472205        1.0406644784973886        2.2555627995088992E-002   5.4855661018116252E-002   5.5250524048918989E-002   3.0007688509020749E-022   1.3550161495465570E-022   5.9636570079926872E-033   1.8972254429297276E-005   1.4148412883367203E-002   1.7353058948751835E-002   2.2725828784165774E-005  -7.0457760120602081E-007  0.21780381964505816       0.89940520910146582        2.1748794744192029E-005
  0.99999999999999967        7.0486524934768671        6.6927728454237558E-003  0.54453732791112119        9.0193766153203797E-010   8.2081303292050577E-011   5.4097790419719786E-002   4.1947047815524486E-004   7.3063005593995106E-012   8.4839276331467857E-007   6.2600933059314077E-027   7.1130917163423147E-003  0.60574736345829527        1.2075888919198474        3.4555409007124949E-002   8.6425229345817131E-002   7.3075205110560440E-002   1.0106398584896160E-021   4.5928107746649747E-022   2.6903120423237738E-032   3.5883504346669322E-005   1.7440143685590038E-002   2.1515910180708992E-002   1.4794909991764870E-005  -6.8006447722402778E-007  0.29404893737931931        1.1340244381186140        3.7552140128368045E-005
   1.2589254117941668        6.9628218135833748        7.4764332488764258E-003  0.68648114806656912        1.5556824727936770E-009   1.1474609279549126E-010   6.8163950302094573E-002   4.6921484409217292E-004   1.0354408822119830E-011   1.0680621464874070E-006   1.7097160361895643E-026   7.9467161551150869E-003  0.76259074957299722        1.5250032106622307        5.3077616302219577E-002  0.13643947290352590        9.7203219813973646E-002   3.4219333018998725E-021   1.5623390587999597E-021   1.2272817741039734E-031   6.8287228226606198E-005   2.1639457422715360E-002   2.6806365445758887E-002   9.9655230364861214E-006  -6.6275948331586623E-007  0.39672083771471145        1.4295619450416850        6.4770780404449442E-005
   1.5848931924611129        6.8620899739861496        8.3432480191216324E-003  0.86529758373686305        2.6770400230329299E-009   1.5998064891995149E-010   8.5879516847817833E-002   5.2451892714473086E-004   1.4680516829450059E-011   1.3446096852984373E-006   4.6581377168594522E-026   8.8691115559516621E-003  0.96004487288502738        1.8512824074498784        8.1710970376827688E-002  0.21514766287849318       0.12894386752854148        1.1524694818043832E-020   5.2881954467128248E-021   5.5374186389554954E-031   1.2920037735736532E-004   2.6765829213964292E-002   3.3318670450810751E-002   4.9214934604818303E-006  -6.4222794963711576E-007  0.53379898098615652        1.8018623455638410        1.1145845922812850E-004
   1.9952623149688791        6.7697027838230142        9.3139311888807575E-003   1.0905347096202653        4.5959575936451014E-009   2.2310902484653798E-010  0.10818975480888283        5.8648153028358194E-004   2.0808368005095318E-011   1.6927610269711961E-006   1.2660020093809951E-025   9.9021054801913116E-003   1.2086248863402278        2.2839204862909677       0.12607066236517153       0.33935871978778887       0.17122555133643935        3.8767806316491609E-020   1.7868940219091312E-020   2.4927865633414965E-030   2.4419844944679456E-004   3.3146444683832786E-002   4.1448378970550460E-002   8.3585059986759294E-007  -6.2328142540305638E-007  0.71687181611620288        2.2708036978977089        1.9135251907259171E-004
   2.5118864315095797        6.6731432689428338        1.0393526347421187E-002   1.3742338727753607        7.8708591305150249E-009   3.1069274307111057E-010  0.13628556492433211        6.5560321177069478E-004   2.9497819645242912E-011   2.1310566354661973E-006   3.4318182356615189E-025   1.1051260615827348E-002   1.5215685830006027        2.7750315462567219       0.19490206469332186       0.53502353582204010       0.22713648421926913        1.2993841007187810E-019   6.0158408191568724E-020   1.1139088830604715E-029   4.5980793364513826E-004   4.1001090712970638E-002   5.1516099030095630E-002  -2.9320993618097956E-006  -6.0345048079171245E-007  0.96036379934777671        2.8614525117165752        3.2770291962051123E-004
   3.1622776601683786        6.5741995685100552        1.1595014205980711E-002   1.7315475989149840        1.3445007217399952E-008   4.3206911120522863E-010  0.17166597774639686        7.3273879349023080E-004   4.1819455282988032E-011   2.6828385655387875E-006   9.2777647397056335E-025   1.2330435838036479E-002   1.9155413565508663        3.3321328976201765       0.30187257945446788       0.84319563533165698       0.30107380516860033        4.3402959082827848E-019   2.0181920685703746E-019   4.9430445134110589E-029   8.6274188027421462E-004   5.0675412068066132E-002   6.3988202965994403E-002  -6.3094523633470620E-006  -5.8318240008218050E-007   1.2833956203062127        3.6053526644180360        5.5978236256052879E-004
   3.9810717055349714        6.4698914505839342        1.2929302348569226E-002   2.1815572181073413        2.2912452805450246E-008   5.9968993355393872E-010  0.21621842986922532        8.1869532189441318E-004   5.9299591160409043E-011   3.3774871373698079E-006   2.5018637013745215E-024   1.3751375157601008E-002   2.4115236914719356        3.9173269628679641       0.46833186447422370        1.3281262692269582       0.39855358826839821        1.4441947218881601E-018   6.7444787401021585E-019   2.1761839436316372E-028   1.6122320014363139E-003   6.2543033904771242E-002   7.9393270864369814E-002  -9.3909658397204725E-006  -5.6195615489341622E-007   1.7105588211168654        4.5422263421486138        9.5395909842969158E-004
   5.0118723362727211        6.3584307760000236        1.4408514379400196E-002   2.7482863116130085        3.8968123254503627E-008   8.3030300398256750E-010  0.27231918349715495        9.1436868850144231E-004   8.4109448029606964E-011   4.2519950763133747E-006   6.7318467682178317E-024   1.5327135062977951E-002   3.0359284561143114        4.4769028395315891       0.72765432700277510        2.0904878959035487       0.52669902743321162        4.7865960961529361E-018   2.2451277718657506E-018   9.5027891503299369E-028   3.0002492388028009E-003   7.7048418229750434E-002   9.8370247887275081E-002  -1.2195935469177569E-005  -5.3951944092675091E-007   2.2736011798968527        5.7220840934812021        1.6224363250415819E-003
   6.3095734448019298        6.2350491736531266        1.6042030554603192E-002   3.4619846570571569        6.6203199445884530E-008   1.1456298637814567E-009  0.34296008191002691        1.0205802562428643E-003   1.1935501569390668E-010   5.3529312289980473E-006   1.8090602379902171E-023   1.7067963742075053E-002   3.8220074821844290        4.8897051994457401        1.1319836192389265        3.2869920987265919       0.69419591272777481        1.5800373408083642E-017   7.4444689359000907E-018   4.1138562581794114E-027   5.5581766868276579E-003   9.4644381124824012E-002  0.12161887101940398       -1.4778354447416721E-005  -5.1507256053633813E-007   3.0128965303817199        7.2078971916745154        2.7563676832335548E-003
   7.9432823472428113        6.0919980404973044        1.7834163047832752E-002   4.3607419603199737        1.1255651680798949E-007   1.5727423858671753E-009  0.43190802303838044        1.1379736336909188E-003   1.6950320052117491E-010   6.7389220067630602E-006   4.8641381704565645E-023   1.8978875603530433E-002   4.8116223451529114        4.9565903682144308        1.7627087502844474        5.1597537124683255       0.91104910460907584        5.1948566535394682E-017   2.4593239231123189E-017   1.7650148623708041E-026   1.0247684672934189E-002  0.11571894546465557       0.14983869453505674       -1.7170854643731934E-005  -4.8735550003948934E-007   3.9791149900308160        9.0789567091963352        4.6862862831950781E-003
   9.9999999999999947        5.8833818046450626        1.9733012394941619E-002   5.4925676296386641        1.9417993091254782E-007   2.1440384784320016E-009  0.54390782029315610        1.2647893087697451E-003   2.4134459018301779E-010   8.4837722877671365E-006   1.3268664414787791E-022   2.1006285475999132E-002   6.0574736399953926        3.9628633796329042        2.7455965507779272        8.0577651071166638        1.1795694979173685        1.7077503129867671E-016   8.1337648576892830E-017   7.5447866083881897E-026  0.40430253645322967       0.13939930152039368       0.18257154072353227       -1.9683280889326871E-005  -4.4835893015342976E-007   5.2265831646064091        11.435197636423094        8.0846740154511283E-003
   12.589254117941667        5.5442314097881322        2.1619747691542648E-002   6.9179554150500513        3.3959339761576598E-007   2.8345330122220459E-009  0.68493549509307283        1.3961567918171934E-003   3.4554395689415703E-010   1.0680394923231310E-005   3.6688942633952799E-022   2.3026584878283074E-002   7.6259074938132789        1.8637635456973995        4.2729055076553717        12.447243531720117        1.4843819886018277        5.5186572839585905E-016   2.6483678669553988E-016   3.0889371611627222E-025  0.77933092363643430       0.16277810644336813       0.21734491594532349       -2.1849082520607538E-005  -3.8911460913470318E-007   6.8062130182550140        14.402537038938380        1.4138958154019681E-002
   15.848931924611133        4.1792851809263230        2.1689688694537312E-002   8.7147175430521937        5.7066742239637222E-007   3.0242872618591164E-009  0.86259392980338689        1.4464275915473531E-003   5.2108950683798258E-010   1.3445734588564193E-005   9.7624152998656846E-022   2.3149562020673229E-002   9.6004487304765114        3.0920555444862428E-003   6.5495025488357506        17.394827757498877        1.4447566071588669        1.2980832139518829E-015   6.1177486978059992E-016   5.9478047049617401E-025  0.81900700577475027       0.14364813662367401       0.20976463421780567       -1.8756759716673280E-005  -2.0764354032370235E-007   8.3958504219511862        18.142781069647800        2.3759716360133340E-002
   19.952623149688797        2.4614794902801518        1.9893199019987030E-002   10.978591938010634        6.8581317539969727E-007   2.4735941839209349E-009   1.0863750066027047        1.3873560443562283E-003   8.3798336703013928E-010   1.6926995073002062E-005   1.8614229621953735E-021   2.1297482059416263E-002   12.086248871304033        2.0803160900998502E-011   9.8203667379354602        21.489016996536410        1.0622457903488882        1.6068256731849053E-015   4.4715675057670233E-016   2.1302623663885480E-025  0.26386460866113931        9.4449932410719334E-002  0.16141311648433146       -9.9563619991248484E-006  -8.6488431521255964E-008   10.003838170633587        22.855271430698465        2.8553805393540136E-002
   25.118864315095809        1.4172062182426455        1.8252730110030001E-002   13.828019562851626        9.3155874056566760E-007   1.8939797919450790E-009   1.3681006619625189        1.3110182958463224E-003   1.3660946955479411E-009   2.1309513182846551E-005   4.0128292845328078E-021   1.9585057919059172E-002   15.215685836337501        1.6144409947220867E-022   14.534071713380028        25.520129366741759       0.76345258764594892        2.1854077463779978E-015   2.2991406327672250E-017   5.1800483539742227E-026   7.8563216962719104E-002   6.1509137644104102E-002  0.12207079465201898       -6.1718174791833313E-006  -4.9302572931459372E-008   12.227997564868415        28.786772112574976        3.8785412623869461E-002
   31.622776601683810       0.85319732345640653        1.7131664261997307E-002   17.414291560643363        1.5838696551564107E-006   1.4662030729501047E-009   1.7227382174687587        1.2489459471795479E-003   2.2140332637810125E-009   2.6826593500590061E-005   1.0825459418875090E-020   1.8407436802677445E-002   19.155413556060608        8.8604633547297772E-039   21.229888978224871        29.695318000492634       0.57788345295489596        3.9319719828701824E-015   3.1996107747648985E-024   1.1183849350675014E-026   3.2410863302328549E-002   4.2814283840802374E-002   9.6215641693594978E-002  -4.6857892165653555E-006  -3.6146275342620000E-008   15.354580321909642        36.252235360570175        6.5944352666762199E-002
   39.810717055349755       0.55174686264991757        1.6555199796918357E-002   21.928304601758548        2.9228739618254907E-006   1.1974207192222204E-009   2.1691580830661725        1.2131665077564262E-003   3.5321270308136886E-009   3.3771935495126892E-005   3.1682001328521654E-020   1.7802138240169910E-002   24.115236896877320        4.6726374193211478E-061   30.619160430125532        34.170799653176402       0.47401838930975915        8.3908268168819678E-015   1.5921515517136147E-052   1.7779987076134011E-027   1.9177273146041809E-002   3.2676996081224728E-002   8.0887928736726386E-002  -4.0286449262490298E-006  -3.0568865118748011E-008   19.620575960047272        45.649033973943993       0.12169374589102940     
   50.118723362727273       0.38142660723626609        1.6407801172149822E-002   27.610530777243206        5.2218577093573892E-006   1.0363059491963757E-009   2.7311335272114996        1.2019917698082385E-003   5.5434352478635564E-009   4.2515251095961876E-005   8.9723344169293349E-020   1.7652308193054023E-002   30.359284541112082        3.4967397617967859E-089   43.607377306357385        38.855814725772440       0.41864160035941828        1.8830057974599123E-014   8.1672151365994157E-145   1.7432736648586822E-028   1.4909022824254601E-002   2.7072524849198389E-002   7.2199433744294064E-002  -3.6950500229761768E-006  -2.7793747821236581E-008   25.289886034870932        57.477741667169923       0.21741184651176940     
   63.095734448019392       0.27875761687755585        1.6593283155523622E-002   34.763657204325298        8.8427951724834798E-006   9.4348691833011668E-010   3.4385949582460240        1.2116600588470922E-003   8.5758644363381005E-009   5.3521933558999682E-005   2.4075756335744690E-019   1.7858465147929714E-002   38.220074791376035        1.0112885694701197E-122   61.361419480284852        43.593246109814508       0.39298195120254953        4.2909482623238405E-014   0.0000000000000000        1.0567969710558793E-029   1.2258500349458501E-002   2.3973175789884692E-002   6.7749076022054169E-002  -3.5062334691148278E-006  -2.6239899861816306E-008   32.711831070366962        72.368453135516020       0.36816943964786497     
   79.432823472428254       0.21299693646002560        1.7046441754704118E-002   43.768688245722373        1.4371241063703824E-005   8.9424989625748125E-010   4.3292210871518639        1.2388762465772860E-003   1.3110607296173355E-008   6.7377808038314945E-005   6.1980171562838991E-019   1.8352695809319718E-002   48.116223393357643        3.5314321137711465E-161   85.374403889631864        48.199948188949044       0.38720976710886401        9.9151010463495231E-014   0.0000000000000000        4.2134906772365056E-031   1.0211283612436671E-002   2.2370001048381341E-002   6.6181277874204442E-002  -3.3899448666590283E-006  -2.5289023820866230E-008   42.345979404473418        91.114301768890826       0.59834607341495671     
   100.00000000000010       0.16853094458160919        1.7724551329932701E-002   55.105240200102166        2.2750860760390465E-005   8.7315863302293104E-010   5.4504449604024332        1.2811322619634461E-003   1.9854311595953833E-008   8.4820285637920222E-005   1.5538263797887859E-018   1.9090503877534064E-002   60.574736345818025        3.5017764548901534E-204   117.50836144067772        52.449454018751027       0.39619359036808893        2.3298687877948093E-013   0.0000000000000000        1.1608814360666007E-032   8.6741791539130409E-003   2.1738523852251557E-002   6.6729432588820331E-002  -3.3133160533314086E-006  -2.4664998162011812E-008   54.787442873863512        114.71370528189497       0.94723121979847091     
   125.89254117941688       0.13708949760673569        1.8603878313958096E-002   69.377083594088560        3.5454289654239670E-005   8.7082042465328810E-010   6.8619795986622654        1.3369173505071354E-003   2.9839682086983864E-008   1.0677756800218417E-004   3.8336241903743832E-018   2.0047573232467416E-002   76.259074896994591        2.0177713921496624E-251   160.06366462409136        56.123032695052672       0.41761553727526202        5.5755841056380807E-013   0.0000000000000000        2.2920224555228107E-034   7.3646122398164926E-003   2.1809117496830687E-002   6.8999548208357367E-002  -3.2600904043246045E-006  -2.4232755751975767E-008   70.799237945137165        144.42353652202112        1.4761379971496680     
   158.48931924611156       0.11404392280243339        1.9674209228223140E-002   87.344299970708732        5.4750131635650882E-005   8.8138014590954943E-010   8.6389980421085664        1.4055283155585512E-003   4.4571000153423749E-008   1.3441799067832216E-004   9.3703844091255053E-018   2.1214155534460013E-002   96.004487250624365        1.3807194591109161E-302   215.86879575754315        59.051106640300922       0.45087054079164801        1.3589133095700065E-012   0.0000000000000000        3.3459402418872380E-036   6.2156548075116879E-003   2.2448324313280282E-002   7.2826414410892437E-002  -3.2215752122850923E-006  -2.3920591130916107E-008   91.353801563438992        181.82606430649233        2.2795196418965893     
   199.52623149688830        9.6651475460734215E-002   2.0934321676005042E-002   109.96376245400441        8.4123081039270273E-005   9.0098648717231139E-010   10.876136796436713        1.4868265840585401E-003   6.6235587592839044E-008   1.6921210046834943E-004   2.2783227425282604E-017   2.2590360360531934E-002   120.86248864486326        0.0000000000000000        288.37923892402779        61.130101267851614       0.49648140555406001        3.3704358055066544E-012   0.0000000000000000        3.7195178217124086E-038   5.2789062441137985E-003   2.3598877105564648E-002   7.8189263093123407E-002  -3.1927839415345708E-006  -2.3687576575105838E-008   117.68658338163067        228.91322250363169        3.5024612697188351     
   251.18864315095848        8.3224133583949866E-002   2.2390950996122705E-002   138.44009266328737        1.2893500507267568E-004   9.2728999240557405E-010   13.692535587689532        1.5812114662014922E-003   9.8002735814248271E-008   2.1301080740107788E-004   5.5244851679242601E-017   2.4185173269725274E-002   152.15685828344937        0.0000000000000000        381.88634463693182        62.372321933408166       0.55599622965984341        8.4996333012118257E-012   0.0000000000000000        3.2746598126598853E-040   4.5309893772582776E-003   2.5257337909379597E-002   8.5189399578597710E-002  -3.1707177553909139E-006  -2.3509185726375948E-008   151.36417430835652        288.19268857526492        5.3682040172451266     
   316.22776601683859        7.2667593256337565E-002   2.4056517685975227E-002   174.28981241374163        1.9745479533339917E-004   9.5888176402679699E-010   17.238182163503879        1.6894672608540209E-003   1.4445675745439016E-007   2.6814364050921808E-004   1.3381235688135289E-016   2.6014128587338467E-002   191.55413547178301        0.0000000000000000        501.76622368061118        62.892101466841154       0.63189748703767290        2.1774422311977918E-011   0.0000000000000000        2.3940685948680508E-042   3.9410071698932044E-003   2.7457848165027037E-002   9.4026129411294859E-002  -3.1534675293291259E-006  -2.3369847387096698E-008   194.37095723963586        362.82143057589661        8.2210228706750303     
   398.10717055349812        6.4244654526148207E-002   2.5948219399081651E-002   219.42210323098473        3.0246567738000330E-004   9.9505265505835008E-010   21.701899788812501        1.8127034669948481E-003   2.1221702852944908E-007   3.3754248925925147E-004   3.2410818838129424E-016   2.8098465355335750E-002   241.15236887401807        0.0000000000000000        654.83508319168186        62.885742754870556       0.72769140888587713        5.6617071873570352E-011   0.0000000000000000        1.5355934015318509E-044   3.4877017749487759E-003   3.0266844834005834E-002  0.10499465403727709       -3.1397654873953516E-006  -2.3259243654324208E-008   249.21872923558058        456.77382809640886        12.593146938450786     
   501.18723362727354        5.7447455602698039E-002   2.8088367781689143E-002   276.24047415385138        4.6378952936411297E-004   1.0357659915338304E-009   27.321402800592779        1.9523867102224416E-003   3.1081727638326006E-007   4.2489714604171928E-004   7.8557262529245291E-016   3.0465651637953305E-002   303.59284528799475        0.0000000000000000        849.94950609930618        62.627889965702366       0.84819161411848820        1.4931290692738308E-010   0.0000000000000000        9.2359859136274793E-047   3.1560340671544745E-003   3.3785921728515279E-002  0.11850467660663844       -3.1287479180376855E-006  -2.3170356863605077E-008   319.08495375387184        575.05332018834633        19.309859361197535     
   630.95734448019493        5.1895463940818440E-002   3.0500607556345233E-002   347.77075665823634        7.1216497141201294E-004   1.0809938849628532E-009   34.395956141024492        2.1100407803839737E-003   4.5401594830461476E-007   5.3485109515273978E-004   1.9061261116412862E-015   3.3145499431881949E-002   382.20074777754041        0.0000000000000000        1098.0926501253939        62.332441960923809       0.99942724787094883        3.9891667542918042E-010   0.0000000000000000        5.4815854987636288E-049   2.9278221075222915E-003   3.8139977129377237E-002  0.13504977299829332       -3.1197750094990020E-006  -2.3097997276711971E-008   407.98868961097025        723.95886148099328        29.650961415174454     
   794.32823472428379        4.7334457606892096E-002   3.3217121431977963E-002   437.82222597052646        1.0955309314144670E-003   1.1317326343486637E-009   43.302311813302836        2.2878190792634864E-003   6.6153196603428287E-007   6.7324767627522199E-004   4.6316798816021288E-015   3.6178188187516676E-002   481.16223378620333        0.0000000000000000        1414.3037094071969        62.356855893451375        1.1898674055341556        1.0792462079787571E-009   0.0000000000000000        3.4872075160536548E-051   2.7988359493677467E-003   4.3512623507521803E-002  0.15532699058985505       -3.1124213466375365E-006  -2.3038716715077083E-008   521.00899815403136        911.42034346981688        45.612388534211682     
   1000.0000000000031        4.3560018592190317E-002   3.6271750448255875E-002   551.19045339919489        1.6886151439965296E-003   1.1888511684752984E-009   54.514772974876855        2.4879540604444100E-003   9.6171629632222009E-007   8.4743970992063038E-004   1.1272165262586172E-014   3.9607144218620910E-002   605.74736330886856        0.0000000000000000        1817.6528887529373        62.978273248551524        1.4302388842185485        2.9540548215389738E-009   0.0000000000000000        2.5330782607465726E-053   2.7640734730935770E-003   5.0125947144893067E-002  0.18017898883164540       -3.1063478788490642E-006  -2.2989770579814489E-008   664.56537981736346        1147.4208944098209        70.305427098510876     
   1258.9254117941714        4.0422480463555982E-002   3.9704376898559303E-002   693.91266266380524        2.6082960463911700E-003   1.2536587628311589E-009   68.630452062302325        2.7131022966685311E-003   1.3951915530440076E-006   1.0666789236158550E-003   2.7478675417806161E-014   4.3484158118843687E-002   762.59074879739558        0.0000000000000000        2333.3584949311971        64.530932982248970        1.7348150313567599        8.1746174141201460E-009   0.0000000000000000        2.2525619556547132E-055   2.8282847885599417E-003   5.8269927349664269E-002  0.21069621592610388       -3.1013075260876123E-006  -2.2949160155175044E-008   846.76743900859253        1444.5284904070174        108.59630638327700     
   1584.8931924611190        3.7807901736145136E-002   4.3560693862657922E-002   873.58920052815995        4.0377553577519423E-003   1.3277692583403205E-009   86.401069396107033        2.9663211791142001E-003   2.0200965696970218E-006   1.3426056041484554E-003   6.7099203171377354E-014   4.7869620645920576E-002   960.04487245002417        0.0000000000000000        2994.6872409441798        67.414553887232614        2.1224986720912300        2.2854891784223056E-008   0.0000000000000000        2.6281700774175102E-057   3.0067506754607822E-003   6.8316968254597765E-002  0.24827334385807648       -3.0971130204579134E-006  -2.2915371572543013E-008   1077.8576349681898        1818.5652167528972        168.11179027696454     
   1995.2623149688870        3.5629334725163067E-002   4.7893204836173958E-002   1099.7882273881467        6.2647711194126886E-003   1.4131520062254825E-009   108.77298513180016        3.2511424840207981E-003   2.9194929484046823E-006   1.6898639715953619E-003   1.6412344182097968E-013   5.2834211291790119E-002   1208.6248864095057        0.0000000000000000        3845.8998492685482        72.161537005575923        2.6184953588005526        6.4520553011898238E-008   0.0000000000000000        4.3130538080585194E-059   3.3303854412356755E-003   8.0747470279805431E-002  0.29470397499648288       -3.0936219739741568E-006  -2.2887254368361784E-008   1370.7691819605948        2289.4498006063313        260.83350655158540     
   2511.8864315095898        3.3820386324019638E-002   5.2762375023317175E-002   1384.5551672981594        9.7425485314640535E-003   1.5122067178648932E-009   136.93759638745348        3.5716567554359546E-003   4.2118186043198898E-006   2.1268763025490650E-003   4.0211037008448330E-013   5.8460908081302193E-002   1521.5685828144547        0.0000000000000000        4946.5278015767717        79.544033278243703        3.2566545848120398        1.8382571829871332E-007   0.0000000000000000        1.0678516956767111E-060   3.8548066078338988E-003   9.6184291573522235E-002  0.35230780801648398       -3.0907259652717226E-006  -2.2863932903522809E-008   1741.8296028498739        2882.2582726846513        405.63063642283538     
   3162.2776601683922        3.2329542757957824E-002   5.8237440031614122E-002   1743.0540279787419        1.5186459849284026E-002   1.6278078846279288E-009   172.39478380290149        3.9325690624361417E-003   6.0656527089365484E-006   2.6768153819453117E-003   9.8678233087977356E-013   6.4846824475995574E-002   1915.5413547104361        0.0000000000000000        6377.1799851153291        90.732886279118077        4.0826314340219421        5.2832843126921385E-007   0.0000000000000000        4.2667556339963595E-062   4.6760389247939632E-003  0.11543592499080023       0.42409022991284634       -3.0883410899470328E-006  -2.2844729795070394E-008   2211.6481966896104        3628.5592250687714        632.28767645145251     
   3981.0717055349896        3.1117791255646354E-002   6.4398285302731104E-002   2194.3747082458203        2.3728628458365830E-002   1.7634926810707667E-009   217.03278566481106        4.3393375912076362E-003   8.7203687665873936E-006   3.3688267539284549E-003   2.4253539803517388E-012   7.2106449647867193E-002   2411.5236887904421        0.0000000000000000        8248.8478589884307        107.61199329554117        5.1585723191220811        1.5311878891795234E-006   0.0000000000000000        2.9406645606848030E-063   5.9625545254430147E-003  0.13956092478360096       0.51397800320371412       -3.0864039180836070E-006  -2.2829133079478939E-008   2806.2348231780029        4568.0947364169242        987.94054060119095     
   5011.8723362727451        3.0155341321107705E-002   7.1336719564043263E-002   2762.5492341329805        3.7165072031722618E-002   1.9235928959770671E-009   273.22875370875835        4.7982610706310486E-003   1.2515120794474049E-005   4.2395647785157618E-003   5.9700263047699601E-012   8.0374545413190085E-002   3035.9284529664369        0.0000000000000000        10716.012044014638        133.30373140845253        6.5695507830695101        4.4733700954261938E-006   0.0000000000000000        3.7197307917221659E-064   8.0152623866562144E-003  0.16994958690449896       0.62711843204493833       -3.0848660875030853E-006  -2.2816752512075517E-008   3558.4112596108521        5750.8964349222006        1547.3663561686913     
   6309.5734448019621        2.9419833029334770E-002   7.9158291266757663E-002   3477.8309534076625        5.8352096483858230E-002   2.1134591019307438E-009   343.97534532599303        5.3166042895679928E-003   1.7929284479127132E-005   5.3351221815649249E-003   1.4715918537199141E-011   8.9810017737890588E-002   3822.0074778221792        0.0000000000000000        13996.463215527676        173.16478541461501        8.4328399165227541        1.3170174009636379E-005   0.0000000000000000        9.1304551517087558E-065   1.1388959540983162E-002  0.20843753757097941       0.77029326358095684       -3.0836913454873799E-006  -2.2807295608945074E-008   4509.5910393218182        7239.9493013000747        2429.4873109343607     
   7943.2823472428536        2.8895353635242944E-002   8.7984696677129284E-002   4378.3046689994571        9.1843877621758385E-002   2.3397880671886552E-009   433.04009370901412        5.9027619807733855E-003   2.5638639768436054E-005   6.7134540344267650E-003   3.6321599297849731E-011  0.10060091269232943        4811.6223379223729        0.0000000000000000        18401.637354223425        236.72374593273381        10.911392156750232        3.9064665648035143E-005   0.0000000000000000        4.5657444306282449E-065   1.7146594456298739E-002  0.25746442762117921       0.95249420268467622       -3.0828539053835570E-006  -2.2800554350467486E-008   5712.0242672962668        9114.5449356863646        3823.9163408772311     
   10000.000000000040        2.8571624712861645E-002   9.7956543036469515E-002   5511.9132262433795       0.14492047918197035        2.6110436273309739E-009   545.16604301509835        6.5664361971102033E-003   3.6593200664059384E-005   8.4474217617671772E-003   8.9755012214012962E-011  0.11297040099534689        6057.4736331960758        0.0000000000000000        24382.592422550362        341.55039616819886        14.233452024786585        1.1671180380261452E-004   0.0000000000000000        4.8421200866168258E-065   2.7410808528492064E-002  0.32029366973824469        1.1857162422050116       -3.0823371091480812E-006  -2.2796394346751255E-008   7231.6293882937680        11474.502643829535        6033.7586219292007     
