  0.10000000000000001        10.547839843750001        5.4985019894918255E-003   4.9624508611234464E-002   2.2369323375785283E-011   4.3078514703272702E-012   5.2719124566670142E-003   1.7981366470314370E-004   4.8862425106732669E-011   1.5380171981399650E-005   6.2774277711208102E-027   5.6936958261763690E-003   6.0574736766835086E-002   7.1242399359624686       0.16063720145892585        9.3537888754495535E-002   13.910887678303236        1.6776910581106690E-022   5.9944693857525105E-023   1.8056070711668538E-033   0.0000000000000000        1.3886396677592911E-002   1.4907988397475640E-002   3.2488249450286299E-005   4.0884885055714066E-011   22.562137841895190       0.14754185445826348        1.5739746138353109E-006  0.41494301509127907     
  0.13182567385564070        10.547839843750001        5.4324932197250290E-003   6.7233786963215220E-002   3.9465784256482881E-011   5.8751567183942260E-012   6.9075777464839699E-003   2.7919694938965869E-004   6.4846104947341845E-011   2.0275014991521108E-005   1.9227834633291634E-026   5.7319651841062089E-003   7.9853054957745445E-002   10.517298685608276       0.23246697290326104       0.16706247755828416        18.386051123674530        6.7741567076785325E-022   2.4876584642688131E-022   9.7575276474271904E-033   0.0000000000000000        1.3811907310882691E-002   1.4828019011577051E-002   7.4426279850332844E-005   9.3661860774048285E-011   29.749328106246498       0.19964468530883436        2.7769343529651866E-006  0.55067373296869204     
  0.17378008287493754        10.334908920526505        6.0828243346122673E-003   8.9709989187423039E-002   7.1311534530998116E-011   8.7353757934882305E-012   9.1371901963652174E-003   3.3682396965937914E-004   9.7361461596865041E-011   2.6727663379843550E-005   6.0342895071804938E-026   6.4463759676514900E-003  0.10526682783068297        13.252631109583046       0.36751003992774500       0.29133770545066850        24.924095683714480        2.7319581790851600E-021   1.0246942523670130E-021   5.2764788294263715E-032   0.0000000000000000        1.7225194448523530E-002   1.8626457704301512E-002   0.0000000000000000        0.0000000000000000        39.372551638975814       0.27533407590478282        5.0176996031508648E-006  0.77702378434220021     
  0.22908676527677729        10.108388183593751        6.8942251096048117E-003  0.11938529676352105        1.2878407630628042E-010   1.3059273575315722E-011   1.2103279019000792E-002   3.8590398864297428E-004   1.4766395693353013E-010   3.5233903148908802E-005   1.8928728404621375E-025   7.3153630013966953E-003  0.13876870513833778        16.434496290371129       0.58724807876322305       0.50634064084857233        33.846767012620930        1.0988323200779733E-020   4.2011178676891393E-021   2.8378595281496815E-031   0.0000000000000000        2.1922631383835153E-002   2.3892276824758470E-002   0.0000000000000000        0.0000000000000000        52.147326242301801       0.38024123346138944        9.0616449754461542E-006   1.1005049889364797     
  0.30199517204020160        9.8831370213627814        7.8032859821898148E-003  0.15866554435068000        2.3197334144124384E-010   1.9476617247362529E-011   1.6018629100535524E-002   4.4532051233521594E-004   2.2383377043598093E-010   4.6447301405267943E-005   5.9217045809247975E-025   8.2950537959302992E-003  0.18293278040968727        20.261607167327551       0.94230492814959066       0.87869272379878327        45.927803646990519        4.4056962628672116E-020   1.7146611807807716E-020   1.5164140348038941E-030   1.4628195374416836E-005   2.7836825494920839E-002   3.0579477496864047E-002   0.0000000000000000        0.0000000000000000        69.098227502037190       0.52487176133855229        1.6322360063438924E-005   1.5543043794929496     
  0.39810717055349720        9.3759687500000002        9.5355182400793017E-003  0.20991313882453069        4.4093916404548784E-010   3.0306171549260150E-011   2.1303327055610336E-002   4.0038546517161272E-004   3.6742331646169027E-010   6.1229395777188033E-005   1.9569348450752395E-024   9.9971331010281026E-003  0.24115237046727028        17.755108242721843        1.5790106816698521        1.4986547610786645        62.219182951628135        1.7969488905922672E-019   7.1737611331782083E-020   8.4018443574070610E-030   3.2309724201615809E-005   3.9983344096159591E-002   4.4740648345926726E-002   0.0000000000000000        0.0000000000000000        91.852625460131051       0.73673795078024495        3.1025840111223185E-005   2.1530605526363327     
  0.52480746024977254        9.3759687500000002        1.0635378356714889E-002  0.27865429219121857        7.6009206977592745E-010   4.5079187608730326E-011   2.8120975203179702E-002   4.9009008164475833E-004   5.4293588894982347E-010   8.0716005074148517E-005   5.8571363569359515E-024   1.1206184443433798E-002  0.31790073735294205        28.570391813749183        2.5237774277755953        2.6225737634657813        85.534547274615164        7.0897908247511537E-019   2.8502437004509693E-019   4.3348205893717320E-029   6.2298023963729092E-005   4.9988493643717810E-002   5.5936232098980181E-002   0.0000000000000000        0.0000000000000000        121.83250310909499        1.0142805846674181        5.3482423312808350E-005   3.1810641997332425     
  0.69183097091893642        9.1896273701786946        1.1348071904315587E-002  0.37000998460423634        1.3431209416549622E-009   6.4136969248733649E-011   3.7045800571767235E-002   6.7092905265952606E-004   7.8413672369674792E-010   1.0640434935209832E-004   1.7954518890872550E-023   1.2125405306327212E-002  0.41907478881922056        35.430526732980802        4.0115328528430902        4.5517065734484969        114.25671352188984        2.7938985689411239E-018   1.1405433509920401E-018   2.2372750814999290E-028   1.1643800725226731E-004   5.7166141244034012E-002   6.4416945974873394E-002   0.0000000000000000        0.0000000000000000        161.28909083812630        1.3812023710957548        9.4506133688599964E-005   4.2986736643090939     
  0.91201083935590965        8.9462445354461657        1.2853288328325206E-002  0.48987453755873855        2.4098746995434508E-009   9.5105650805374740E-011   4.8953083706179817E-002   7.6724930457566808E-004   1.1927965310434498E-009   1.4026809185963026E-004   5.5930437511183476E-023   1.3760805724760504E-002  0.55244816371756866        41.121376512380891        6.5630900752260297        7.8539840265232286        154.43492347692427        1.1094247209394919E-017   4.5966919105725565E-018   1.1717054645164154E-027   2.3152256864121702E-004   7.2551348333793952E-002   8.2519344513570098E-002   0.0000000000000000        0.0000000000000000        214.19342618828730        1.9073551432544846        1.6956621958943055E-004   5.9724899439906816     
   1.2022644346174127        8.6905056990385052        1.4549791893122841E-002  0.64817455022883597        4.3328253150067491E-009   1.4070116055349350E-010   6.4667975295135502E-002   8.7618858957673267E-004   1.8161803264522356E-009   1.8490911402911978E-004   1.7456918600595528E-022   1.5610889596728694E-002  0.72826851467232168        46.186787645166248        10.785495433640044        13.531109733867357        208.30964512603848        4.4020403509981433E-017   1.8510061920013059E-017   6.1254228832288425E-027   4.5995055410476678E-004   9.1895490665546697E-002  0.10557535465209496        0.0000000000000000        0.0000000000000000        284.60314020958845        2.6341140675402679        3.0487095820636094E-004   8.2271879840499231     
   1.5848931924611134        8.4151599800884735        1.6452766781156588E-002  0.85718806084836474        7.8302433944952664E-009   2.0748450262894033E-010   8.5405048433914610E-002   9.9898746929348299E-004   2.7686181515072795E-009   2.4375731125864049E-004   5.4759166658088318E-022   1.7695511561708711E-002  0.96004487919321624        49.347278381540917        17.799307547613150        23.267618584313468        280.11496008476388        1.7484094072979393E-016   7.4632041962422731E-017   3.2074007307039122E-026   9.1437244855807165E-004  0.11600515867342268       0.13476060434792764        0.0000000000000000        0.0000000000000000        378.33194351154992        3.6374542317799139        5.5096008565142939E-004   11.189503588734455     
   2.0892961308540392        8.1078066735863672        1.8569835026791350E-002   1.1331130664508218        1.4300132289718924E-008   3.0447610716645177E-010  0.11276605584362531        1.1366468839646804E-003   4.2271860419822989E-009   3.2133414102217711E-004   1.7355830479667721E-021   2.0027816051778207E-002   1.2655856328054675        48.628720206922146        29.489410326353266        39.906133998501254        374.84710777155055        6.9728004112895250E-016   3.0239752557310335E-016   1.6921976283989465E-025   1.8239343185098642E-003  0.14559666574889099       0.17130778420275092        0.0000000000000000        0.0000000000000000        503.08101130003536        5.0210115138324758        1.0062014313257719E-003   14.913484771139450     
   2.7542287033381663        7.7458080109059804        2.0888973075585425E-002   1.4973247585433462        2.6652228560110088E-008   4.4322636307518258E-010  0.14886359138274935        1.2894140255635374E-003   6.4693735854538534E-009   4.2360000063682587E-004   5.6130708771307187E-021   2.2601987101785789E-002   1.6683667903317017        41.597452197098804        49.029026033150494        68.167476421914586        497.49458845225121        2.8076039765038491E-015   1.2392018595274326E-015   9.0899337002252044E-025   3.6679892205284613E-003  0.18086976456381987       0.21614881088169802        0.0000000000000000        0.0000000000000000        668.95528083110185        6.9243155915270478        1.8753330376170599E-003   19.192894560388204     
   3.6307805477010131        7.2865795955359935        2.3350095432992518E-002   1.9780453551985087        5.1622993643233888E-008   6.3594099650148870E-010  0.19648467260729688        1.4555386150783361E-003   9.9400769872260001E-009   5.5841214395546625E-004   1.8863284674733328E-020   2.5364046192026320E-002   2.1993357650998635        27.131227605396496        81.753094207217998        115.63113814021560        650.35606375220414        1.1522229496280060E-014   5.1921843138725268E-015   5.0585285746435116E-024   7.4942956833674319E-003  0.22040721881153202       0.26890031245233442        0.0000000000000000        0.0000000000000000        888.93710809614731        9.5300999245495639        3.6323531167951270E-003   23.102780962649806     
   4.7863009232263831        6.6625210449397567        2.5797438058154504E-002   2.6125555281106410        1.0679584098084500E-007   8.8854029055814763E-010  0.25930700419028335        1.6290130430477263E-003   1.5379815058526982E-008   7.3612829676427088E-004   6.7702720835209364E-020   2.8162579397966504E-002   2.8992891969938088        10.267334634289885        136.58432289509446        193.67670323541523        826.71350007139119        4.8738461610155791E-014   2.2525757197691701E-014   2.9690764217555938E-023   1.5668670016383050E-002  0.25914446434219796       0.32577634144095607        0.0000000000000000        0.0000000000000000        1179.0600834799100        13.065924071666643        7.5144848926903124E-003   24.291661525170237     
   6.3095734448019316        5.8383301358073956        2.8008736235217675E-002   3.4500176499208552        2.3828248039713506E-007   1.1994796948380063E-009  0.34218077993741175        1.7998830538967557E-003   2.4048546472668082E-008   9.7040231441675986E-004   2.6207936047678256E-019   3.0779021603531190E-002   3.8220075257123423        1.4788417020646123        228.34737786566438        318.26970457320732        1007.5516912049951        2.1083822329535991E-013   1.0005364912738944E-013   1.7900379637767587E-022  0.32531929857972114       0.28885921317530266       0.37926951513304397        0.0000000000000000        0.0000000000000000        1558.7720648159982        17.810038878458535        1.6766290547383822E-002   19.958118259836564     
   8.3176377110267090        4.8788781121000637        2.9835341125854821E-002   4.5550959069876775        5.5144272558281924E-007   1.5373898235673835E-009  0.45149588426306592        1.9589428600361573E-003   3.8076141155514665E-008   1.2792330167741451E-003   1.0523955169575389E-018   3.3073517002665122E-002   5.0383871781220861        4.9773046195202897E-002   381.59438431605503        511.62159463346779        1171.2378812680738        8.9156342667410082E-013   4.2780041397621976E-013   9.9342142682634498E-022  0.65531300952332783       0.30371829053844962       0.42249260856897303        0.0000000000000000        0.0000000000000000        2052.7903447262042        24.125072973857066        3.8801211662533766E-002   11.069456138468516     
   10.964781961431852        3.8417182819098237        3.1052503322492087E-002   6.0130628353727920        1.3153269724979763E-006   1.8502455288276907E-009  0.59567976553742752        2.0901160273987737E-003   6.1300362935296139E-008   1.6863464386715117E-003   4.3567802985846387E-018   3.4828965788562379E-002   6.6418878509140562        1.3338895292197084E-004   636.32578604608830        799.00621367930148        1283.2289639222040        3.6081305149937643E-012   1.6482359362952923E-012   4.6759324711297849E-021   1.1039288678321291       0.29735578143726610       0.44562548572139660        0.0000000000000000        0.0000000000000000        2690.8387766617507        32.437736617609552        9.2550464259717122E-002   2.9619011488341163     
   14.454397707459281        2.7896633006408806        3.1342122758729003E-002   7.9363503153777213        3.4027415142361978E-006   2.0344676183568351E-009  0.78584657646307954        2.1675968551830875E-003   1.0109949838104021E-007   2.2230172699289280E-003   1.9572036249745632E-017   3.5732736883841015E-002   8.7557134169377431        2.3469133305334408E-009   1055.6582670145310        1196.0945642858344        1297.3497585866362        1.4317628228542175E-011   4.9750704030038971E-012   1.7915662336769511E-020   1.5022801804087436       0.26481114937451777       0.43657329040587534        0.0000000000000000        0.0000000000000000        3508.0350748291476        43.203194450087040       0.23942739218697007       0.17177622145280397     
   19.054607179632484        1.8314830868020651        3.0481210375741957E-002   10.472972158800435        9.9196779976018014E-006   1.9827664348510567E-009   1.0366404493229511        2.1645435352455784E-003   1.7224335129550993E-007   2.9304685274645255E-003   9.9154286363839074E-017   3.5576222438452057E-002   11.542278201390367        1.1094215793434992E-018   1733.5195177230503        1684.7878527100379        1187.3475436441643        5.6475695240525360E-011   5.3831021239046901E-012   4.7212528780980073E-020   1.6215983561226783       0.21040689565893336       0.39027574003783350        0.0000000000000000        0.0000000000000000        4550.2583556096833        56.921064717494467       0.69797915132950739        3.5505478858243535E-004
   25.118864315095820        1.0869887237492948        2.8583970038413842E-002   13.817628075590237        3.1143715358911244E-005   1.6900584365145249E-009   1.3673394034902633        2.0722787706230687E-003   3.0445166162784352E-007   3.8630324939974169E-003   5.4144933971020699E-016   3.4519281303034326E-002   15.215686015320253        1.4427429943684203E-037   2793.2954914466709        2183.9767259706537        983.95151173789588        2.1159257399148194E-010   1.1126287591977763E-014   5.3013932577459850E-020   1.3450605329883656       0.14997563971066843       0.31812477361562297        0.0000000000000000        0.0000000000000000        5886.5489943980683        74.295958673523373        2.1913679073772308        5.8478636453686379E-010
   33.113112148259148       0.61038579860702136        2.6262839812551397E-002   18.226499868235138        9.0866256793530959E-005   1.3126539050187908E-009   1.8033125852748308        1.9235929953416869E-003   5.5336266660992445E-007   5.0923165987334556E-003   2.7491197136678341E-015   3.3278749406626541E-002   20.058180618831450        3.8152719543897162E-074   4361.2534136824825        2559.4177743407063        807.02579773015577        6.8751583307791223E-010   7.1096444488188340E-037   1.1924939664208559E-020  0.95038537623521124       0.10155197333820037       0.24601653667693690        0.0000000000000000        0.0000000000000000        7625.8702946837857        96.730560308380475        6.3936301981345585        1.5643457593890166E-021
   43.651583224016655       0.36432306881598198        2.4603035357069397E-002   24.037039925876769        2.1202340187101461E-004   1.0665246001845299E-009   2.3779628240506083        1.8019323121842199E-003   9.9971575614356077E-007   6.7127104295006852E-003   1.1159955100202496E-014   3.3117678098754301E-002   26.441831764400376        1.0801486011405109E-130   6591.3065019736132        2812.5943762004149        668.14782818362153        1.9268288375972284E-009   1.0364471165615326E-161   4.9842734984620017E-022  0.70293622418764290        7.4564576598011717E-002  0.20061054272562961        0.0000000000000000        0.0000000000000000        9930.7616061690496        127.34658551169626        14.918620759232679        1.1101089316930955E-039
   57.543993733715780       0.23642953525861954        2.3627207363040182E-002   31.695523690219954        4.1553624119258770E-004   9.4258198776516792E-010   3.1354202167394565        1.7207087486817041E-003   1.7794542248267667E-006   8.8486141863907356E-003   3.8036665347144617E-014   3.4196530298112621E-002   34.857122895553523        1.0427126410472473E-206   9652.9469251118571        2931.5007863814581        598.66238270657129        5.0316200755888054E-009   0.0000000000000000        5.1271939896346204E-024  0.47474174508422817        6.0604048298492863E-002  0.17621496210782958        0.0000000000000000        0.0000000000000000        12984.732267658688        169.85077103754975        29.238412077929887        3.1184284834300950E-064
   75.857757502918517       0.16613666738837490        2.3188904228297502E-002   41.790409248468954        7.4090637604285337E-004   9.0887537603595877E-010   4.1338816830936347        1.6754803117243991E-003   3.1193890500956343E-006   1.1663971666034839E-002   1.1790062488663810E-013   3.6528356206056739E-002   45.950637128854694        2.0628332377350406E-298   13783.907286994949        2942.2219351270919        578.04402804264885        1.3193085734251041E-008   0.0000000000000000        2.0493176341400400E-026  0.31343359060904319        5.4064454623954233E-002  0.16631784651170073        0.0000000000000000        0.0000000000000000        17023.309549657708        229.26473038783098        52.132458703804268        6.1296919943551893E-094
   100.00000000000020       0.12427444364280379        2.3094557795175535E-002   55.097384991274026        1.2656936576255760E-003   9.3976986347704952E-010   5.4500715680541081        1.6545303759025586E-003   5.4105328073274589E-006   1.5374810869672578E-002   2.7105320288704181E-013   4.0123899040750671E-002   60.574737034814461        0.0000000000000000        19296.067792773829        2867.6730236326903        591.70124440293193        2.7729678245403197E-008   0.0000000000000000        3.3407354975923332E-029  0.20725296123618034        5.1821423330076492E-002  0.16619654044842139        0.0000000000000000        0.0000000000000000        22354.330007620050        312.47921484904089        89.058111080442202        1.1473153719344282E-127
   131.82567385564101        9.7486841330995944E-002   2.3197464401892614E-002   72.638835976595317        2.1235878098969825E-003   1.0239204452119077E-009   7.1851266388160226        1.6480270618230133E-003   9.3293509489309302E-006   2.0265751152742758E-002   7.9028393178405716E-013   4.5111242616458380E-002   79.853055282494850        0.0000000000000000        26597.874464328583        2731.8353340985436        633.08999531397455        7.8398486292572870E-008   0.0000000000000000        4.5029474544392809E-032  0.13973187612553997        5.2423410190934085E-002  0.17350830679023621        0.0000000000000000        0.0000000000000000        29384.510084118127        429.23321728212886        149.42219068844042        1.7139468836832547E-164
   173.78008287493799        7.9330100692426631E-002   2.3393933289181133E-002   95.762341277904468        3.5394385168339127E-003   1.1595670182187302E-009   9.4723653352812143        1.6487967239374045E-003   1.6052614563152739E-005   2.6711708882868359E-002   2.2886646806737053E-012   5.1754438895986896E-002   105.26682822023247        0.0000000000000000        36232.377298399042        2559.7974223418378        700.92046744175286        2.3034487955218329E-007   0.0000000000000000        4.4958131331593878E-035   9.7518241776744466E-002   5.5262751086741148E-002  0.18741489780938250        0.0000000000000000        0.0000000000000000        38651.056080296650        593.33329296869942        249.04581507181649        1.2645205940827839E-203
   229.08676527677795        6.6453125772326066E-002   2.3608983638053412E-002   126.24413148390083        5.8911051328138370E-003   1.3510867101231913E-009   12.487531341507024        1.6516271949095036E-003   2.7642245883700062E-005   3.5206409450914106E-002   6.6183492369638225E-012   6.0467020283877022E-002   138.76870564650645        0.0000000000000000        48929.214100328536        2374.5780913434724        797.38097804323615        7.0022093434141749E-007   0.0000000000000000        3.7560991051929772E-038   7.0336977806799372E-002   6.0167841658071326E-002  0.20799726161715051        0.0000000000000000        0.0000000000000000        50862.754650366594        824.24074878666534        414.51633429919798        2.3327156064905210E-244
   301.99517204020253        5.6986077707685795E-002   2.3788038931069261E-002   166.42541216973501        9.8157511018378066E-003   1.6075114385179471E-009   16.462296850334322        1.6527570688939313E-003   4.7737539895621883E-005   4.6399788525420149E-002   1.9158636892374761E-011   7.1840584525383333E-002   182.93278131827296        0.0000000000000000        65671.565073213496        2194.6058609776660        927.47724146095140        2.1922785358112199E-006   0.0000000000000000        2.9223571323210615E-041   5.2501743407969349E-002   6.7229330305654783E-002  0.23598996418241799        0.0000000000000000        0.0000000000000000        66954.220878182561        1149.1165729879706        690.66653427447807        4.6153614716762261E-286
   398.10717055349858        4.9822400948130736E-002   2.3893944398231816E-002   219.39198292902830        1.6391143674893614E-002   1.9422989759867780E-009   21.702062844334801        1.6496687808258313E-003   8.2802900509390727E-005   6.1146961294343515E-002   5.5580839312469263E-011   8.6690574473401158E-002   241.15237167389193        0.0000000000000000        87783.562729742247        2033.2161985352836        1099.0859768348098        7.0402245380164975E-006   0.0000000000000000        2.3316421912441235E-044   4.0631023963893322E-002   7.6735552619561678E-002  0.27270509413515209        0.0000000000000000        0.0000000000000000        88157.559224332552        1605.3643767050357        1153.3314442553665        0.0000000000000000     
   524.80746024977441        4.4275444198380677E-002   2.3906447756934211E-002   289.21087595264595        2.7445652019843593E-002   2.3739326260953897E-009   28.609424239028396        1.6410329729192718E-003   1.4437721665211536E-004   8.0572171945143420E-002   1.6167555989439209E-010  0.10611965267499690        317.90073897644390        0.0000000000000000        117048.11825969291        1899.6980096625905        1323.5334783727671        2.3110421061568188E-005   0.0000000000000000        2.0880787893850251E-047   3.2663009776113826E-002   8.9162569794138821E-002  0.32007126666130531        0.0000000000000000        0.0000000000000000        116096.95534149271        2243.6753492357207        1931.1607603721332        0.0000000000000000     
   691.83097091893910        3.9902517981376603E-002   2.3821723581347386E-002   381.24206023776952        4.6089895679323437E-002   2.9271839487127649E-009   37.715102940527579        1.6266513336612876E-003   2.5312224082708418E-004  0.10615201234624722        4.7162225079761342E-010  0.13160038726125589        419.07479134457077        0.0000000000000000        155869.86447349531        1801.0258410906115        1616.6976269778654        7.7327217214002725E-005   0.0000000000000000        2.2942772389985867E-050   2.7338445640516556E-002  0.10519763651742212       0.38075906721739378        0.0000000000000000        0.0000000000000000        152913.47519361513        3131.5989217720003        3243.0272715401779        0.0000000000000000     
   912.01083935591339        3.6409140581300320E-002   2.3650500817566072E-002   502.54892147321107        7.7631367031848808E-002   3.6350316026367818E-009   49.718725634738036        1.6073062657063493E-003   4.4608579806277318E-004  0.13982319913057012        1.3796751272639076E-009  0.16508100621384253        552.44816764909604        0.0000000000000000        207504.68433790916        1743.7804878701515        2000.7857513471074        2.6313360263944987E-004   0.0000000000000000        3.3904808300819012E-053   2.3899120686926935E-002  0.12579013398988700       0.45839121768075619        0.0000000000000000        0.0000000000000000        201429.67828893059        4357.7974752178407        5462.3825179143123        0.0000000000000000     
   1202.2644346174179        3.3594232257431259E-002   2.3414519453461138E-002   662.43863554064535       0.13115285148081013        4.5413512627715870E-009   65.542579439151936        1.5845037521924233E-003   7.8967435838294320E-004  0.18412125348325850        4.0472423979957341E-009  0.20912027668891206        728.26851970596454        0.0000000000000000        276388.36256808339        1736.2377761089817        2507.1177711764226        9.0899326508322097E-004   0.0000000000000000        7.4286152612276309E-056   2.1912687137197590E-002  0.15223187795117371       0.55785341777314601        0.0000000000000000        0.0000000000000000        265366.72351452650        6037.4080687708129        9228.3193056419896        0.0000000000000000     
   1584.8931924611206        3.1317415937702320E-002   2.3142040168947671E-002   873.17321588200468       0.22224493365194545        5.7046039494793071E-009   86.402475629930223        1.5601611550227189E-003   1.4026846557079241E-003  0.24235738543630211        1.1903899799004516E-008  0.26705958676027253        960.04488358056278        0.0000000000000000        368615.36775149469        1791.0072853928771        3180.5162647750367        3.1832362554515179E-003   0.0000000000000000        2.6767027532347377E-058   2.1180592456310748E-002  0.18627411617684037       0.68573702301188966        0.0000000000000000        0.0000000000000000        349630.69786551507        8319.2504900106669        15637.839274134727        0.0000000000000000     
   2089.2961308540494        2.9478825719186710E-002   2.2863559168526653E-002   1150.9045692998443       0.37775090926382043        7.2028525075171231E-009   113.90116610322804        1.5363173469464726E-003   2.4968693566982522E-003  0.31884146622576731        3.5099384253902810E-008  0.34324134274124046        1265.5856370981155        0.0000000000000000        492649.28258869000        1929.0408804735478        4086.3864285314821        1.1287658712006711E-002   0.0000000000000000        1.7675346839678083E-060   2.1708093442572074E-002  0.23029371224855166       0.85096166468307466        0.0000000000000000        0.0000000000000000        460690.24608150939        11395.858299814297        26579.719535821085        0.0000000000000000     
   2754.2287033381804        2.8006306193480778E-002   2.2608667962190899E-002   1516.9031194896020       0.64403058089207055        9.1405388392729829E-009   150.15149008093493        1.5149254914834384E-003   4.4476251614611736E-003  0.41915874361639965        1.0372999285994647E-007  0.44328233707007397        1668.3667943257747        0.0000000000000000        660397.53416617482        2186.6007674904299        5322.4795875177879        4.0489916210495080E-002   0.0000000000000000        2.3861366908620732E-062   2.3734791236845642E-002  0.28752756367122217        1.0656488053694546        0.0000000000000000        0.0000000000000000        607074.64205071132        15517.409452047652        45315.978844270328        0.0000000000000000     
   3630.7805477010324        2.6847182070047090E-002   2.2404444465121878E-002   1999.1703661538784        1.1013938702574730        1.1657588187441160E-008   197.93871291478402        1.4977500929452888E-003   7.9154230227918669E-003  0.55050635667696202        3.0718049043036283E-007  0.57440855123502921        2199.3357690037351        0.0000000000000000        888869.49372191809        2628.4313484826926        7039.1203312431753       0.14679823651558815        0.0000000000000000        7.3181857055478865E-064   2.7850245719842976E-002  0.36240385654668239        1.3463513030754899        0.0000000000000000        0.0000000000000000        800030.77679098549        21010.680905071051        77497.471090058272        0.0000000000000000     
   4786.3009232264094        2.5963011352875470E-002   2.2275260346937466E-002   2634.5521412978305        1.8893823700954384        1.4941625919834703E-008   260.93453018482040        1.4863554129201522E-003   1.4050497603234992E-002  0.72209227016189559        9.1122380123777252E-007  0.74585388592175317        2899.2891978386015        0.0000000000000000        1202784.7579523553        3374.1811510952716        9475.2803463908385       0.53748056135707734        0.0000000000000000        5.6171590000417441E-065   3.5268302266752330E-002  0.46101380843514467        1.7157979221404007        0.0000000000000000        0.0000000000000000        1054389.8883786467        28304.305813944960        132942.77329717463        0.0000000000000000     
   6309.5734448019684        2.5326399982332073E-002   2.2243625235520439E-002   3471.5022535163885        3.2511813987444071        1.9244473177616286E-008   343.97917998486969        1.4821521247539871E-003   2.4829454985599131E-002  0.94559420382360426        2.7065643813423965E-006  0.96931998118387863        3822.0075220761078        0.0000000000000000        1638751.9963375833        4654.2206297145212        13025.312778136831        1.9856813351176670        0.0000000000000000        1.1741478949703141E-065   4.8446441696525316E-002  0.59179176707021108        2.2053981888249288        0.0000000000000000        0.0000000000000000        1389711.2203685918        37961.978733348958        228763.15481838441        0.0000000000000000     
   8317.6377110267604        2.4919299437282688E-002   2.2331628698485213E-002   4573.6862521588619        5.6118806043013079        2.4904750639394513E-008   453.45333933887650        1.4864567011984146E-003   4.3591441181459398E-002   1.2356716087414428        8.0455038817716261E-006   1.2594896941411264        5038.3871707917406        0.0000000000000000        2252074.9236737238        6933.7716789878350        18366.786729096359        7.3960571766201362        0.0000000000000000        7.1752416372775143E-066   7.2525050166825381E-002  0.76651039127224796        2.8588909432171303        0.0000000000000000        0.0000000000000000        1831791.4879448221        50725.844232837931        394869.23491868639       -0.0000000000000000     
   10964.781961431918        2.4732364520287098E-002   2.2562571537607136E-002   6024.6617268939008        9.7168350697417374        3.2379549551962238E-008   597.76837924005486        1.5004964544502715E-003   7.5858488770889174E-002   1.6105253326046329        2.3920610463394832E-005   1.6345884005966904        6641.8878393414307        0.0000000000000000        3127987.5229324130        11203.995258593797        26713.257776695926        27.751967798943596        0.0000000000000000        1.3589123872712936E-065  0.11885870588089321        1.0017588334821252        3.7377353029121223        0.0000000000000000        0.0000000000000000        2414657.7986467262        67573.077898454532        683706.49704827089       -0.0000000000000000     
   14454.397707459368        2.4765010178091192E-002   2.2962429782919486E-002   7933.9220597173562        16.877103366189210        4.2289988241334278E-008   788.01264683645172        1.5252340078545908E-003  0.13053063299487233        2.0925166502447712        7.1086588015578385E-005   2.1170043140355452        8755.7134009499769        0.0000000000000000        4400371.8997687465        19703.141673181592        40328.140993235022        104.83236812857214        0.0000000000000000        8.3614712583401665E-065  0.21427497745825938        1.3211661702416575        4.9291706739271577        0.0000000000000000        0.0000000000000000        3183199.8151547681        89789.590528929592        1187525.0675758871       -0.0000000000000000     
   19054.607179632600        2.5025819442746976E-002   2.3560862380144043E-002   10444.637276089437        29.406181157417883        5.5488295740023184E-008   1038.8034316846599        1.5607264603923665E-003  0.22153194355693512        2.7088978256124236        2.1100246399470812E-004   2.7340194144529599        11542.278191677773        0.0000000000000000        6283016.3353605159        37805.446849707543        63593.988082085583        398.45391373557658        0.0000000000000000        1.7319276625769849E-063  0.42724729156563473        1.7587733452628218        6.5583544323659773        0.0000000000000000        0.0000000000000000        4196647.4639291605        119065.83585931058        2069109.6397542765        0.0000000000000000     
   25118.864315095976        2.5532881557878227E-002   2.4391567646023390E-002   13743.452175579283        51.398878020579062        7.3157569615585705E-008   1369.4100769376589        1.6043294045500875E-003  0.36995081567967303        3.4927610590821989        6.2507073197739615E-004   3.5187569561327723        15215.686004455150        0.0000000000000000        9121314.8088574614        79243.259226060298        105278.23170200104        1523.2610818834387        0.0000000000000000        1.2298218968615673E-061  0.94837194172041062        2.3641528600416351        8.8066386835335067        0.0000000000000000        0.0000000000000000        5533167.1690170271        157620.84695762198        3616583.6500706910        0.0000000000000000     
   33113.112148259344        2.6313283254514767E-002   2.5491858834929351E-002   18072.677311538300        90.120813524868638        9.6957097466963725E-008   1805.2345305611043        1.6461285285539811E-003  0.60669843665861434        4.4843252440391845        1.8462810140328894E-003   4.5114632314026677        20058.180607136506        0.0000000000000000        13474964.181927826        181251.33842778901        183389.34904168494        5854.5788344191769        0.0000000000000000        2.9551727226949907E-059   2.3622451378508917        3.2100877575760896        11.938713510220190        0.0000000000000000        0.0000000000000000        7295936.6143727005        208361.78365024333        6341178.5096673509        0.0000000000000000     
   43651.583224016918        2.7399803101299646E-002   2.6901127138854786E-002   23745.084071839698        158.47801048238551        1.2921631045769348E-007   2379.7630960603033        1.6585622292820605E-003  0.97577799171600765        5.7325022704274335        5.4298834747505773E-003   5.7610619597955708        26441.831748554137        0.0000000000000000        20239084.597210731        449957.03710043611        335588.38541815738        22599.582466369062        0.0000000000000000        2.2387834356621619E-056   6.6671514320379144        4.4035969692481958        16.341107602099882        0.0000000000000000        0.0000000000000000        9621167.8804962542        275087.29014538403        11151001.805464506        0.0000000000000000     
   57543.993733716139        2.8819969194201572E-002   2.8657008327638511E-002   31161.244392814544        279.35445426219565        1.7312837967907988E-007   3137.1393448928798        1.5790680665928726E-003   1.5385228927412473        7.2960091213794263        1.5861626056947430E-002   7.3262451977736580        34857.122882308213        0.0000000000000000        30782583.873766135        1196611.3711638742        641047.65579493821        87367.712280691543        0.0000000000000000        4.4898643633911523E-053   21.539792941701648        6.0998630030879211        22.570026608768494        0.0000000000000000        0.0000000000000000        12688675.636884715        362743.72152590397        19656241.357147340        0.0000000000000000     
   75857.757502918976        3.0568445420536813E-002   3.0787262512866419E-002   40828.984922943528        493.03212663630200        2.3273336651143527E-007   4135.5558549551215        1.3078473382817216E-003   2.3796322579545932        9.2416592412652729        4.5799555823004656E-002   9.2737543511164215        45950.637126281101        0.0000000000000000        46983227.781839274        3321992.6278656372        1263578.0033986561        335796.13801098726        0.0000000000000000        1.6836083543004776E-049   79.821706484393133        8.5138242199211636        31.389862821216614        0.0000000000000000        0.0000000000000000        16735708.111842027        477744.25185228104        34691261.693271175        0.0000000000000000     
   100000.00000000081        3.2558480633575290E-002   3.3301084661913172E-002   53384.301430682877        869.33810167840113        3.1220416583113570E-007   5451.7252981972306        7.9934759551051509E-004   3.6154949790333180        11.635286309901320       0.12944011372800801        11.669386742158743        60574.737032669167        0.0000000000000000        70859984.597532004        9223050.6692184731        2526386.5396460337        1262745.3048154525        0.0000000000000000        6.6275588415183560E-046   329.59724162481371        11.915491266200066        43.755136302796146        0.0000000000000000        0.0000000000000000        22074877.130878650        628363.86653926491        61169311.198870733        0.0000000000000000     
