  0.10000000000000001        8.3856207427978511        4.0247794799264805E-003   5.1098229859092355E-002   6.8546177302493462E-010   2.9979189362933810E-012   5.2006592337808227E-003   2.5106688374520406E-004   4.3394218683716697E-012   1.5771046172734396E-006   4.1938311014277072E-027   4.2774234682889578E-003   6.0574736827468410E-002  0.34208474144937950        1.4582224331071016E-002   1.3234502792096724E-002   1.2891672878765956E-002   8.4140798338444016E-023   3.3966245525585037E-023   2.1317189071062310E-032   1.9389412874467390E-005   6.8481781416875305E-003   7.9649951667821860E-003   0.0000000000000000        0.0000000000000000        3.5171661221616503E-002  0.37851132781455410        4.9981114551189824E-005   1.6915905296540142E-002
  0.13182567385564070        8.2292197189331038        4.6076081710627924E-003   6.8058669828650831E-002   1.1884338179518252E-009   4.5299008754531565E-012   6.8994926422137016E-003   2.8728204754758049E-004   6.6259216534705488E-012   2.0790279299204431E-006   1.2630213436992635E-026   4.8969692465402935E-003   7.9853055066342535E-002  0.42098674262390912        2.3211942924073799E-002   2.3051028773343581E-002   1.8172448069658821E-002   3.2627184167280591E-022   1.3396546997670545E-022   1.0621517890249652E-031   3.7827072369831010E-005   8.8955891705383306E-003   1.0413355901535692E-002   0.0000000000000000        0.0000000000000000        5.1627189813844336E-002  0.47663517497888774        8.6655812372190896E-005   2.4120056935610854E-002
  0.17378008287493754        8.0712928314208980        5.2700831453522442E-003   9.0522726579355603E-002   2.0559825349504854E-009   6.8270079844884010E-012   9.1454135662987213E-003   3.2860059041882783E-004   1.0111948435368419E-011   2.7406912798232204E-006   3.7952126270350536E-026   5.6014244270508953E-003  0.10526682799339046       0.51309033497542822        3.7076490251490186E-002   4.0083251196315527E-002   2.5596450942455697E-002   1.2614745436986129E-021   5.2610343666658146E-022   5.2602579910859177E-031   7.3516660605295895E-005   1.1531769464117674E-002   1.3589132007590779E-002   0.0000000000000000        0.0000000000000000        7.5667358301640578E-002  0.59914774243070945        1.4991397425581570E-004   3.4263812583637844E-002
  0.22908676527677729        7.9103142166137683        6.0223939143643265E-003  0.12025712128662602        3.5493475034409117E-009   1.0263052376042109E-011   1.2113470341260398E-002   3.7571265720753714E-004   1.5426144018358762E-011   3.6129327337670728E-006   1.1379300957833820E-025   6.4017195043056304E-003  0.13876870529815330       0.61726155794463111        5.9441551058707146E-002   6.9593201347542641E-002   3.6020970142145177E-002   4.8619782653706357E-021   2.0572976470467641E-021   2.5882151477230061E-030   1.4231513943354060E-004   1.4917505109701967E-002   1.7700177330454616E-002   0.0000000000000000        0.0000000000000000       0.11072354532624093       0.75202246526631344        2.5880413924265127E-004   4.8450554112470623E-002
  0.30199517204020160        7.7432321472167960        6.8752381963939615E-003  0.15959358073506857        6.1146516601338743E-009   1.5387128535896221E-011   1.6034580245927070E-002   4.2936939921285985E-004   2.3528201839280440E-011   4.7627698261490583E-006   3.4045097322756983E-025   7.3093703654329703E-003  0.18293278080590580       0.72788551505828847        9.5669012742477522E-002  0.12064042049176232        5.0627408724548108E-002   1.8670377710319476E-020   8.0086826725421592E-021   1.2638223275314632E-029   2.7426822060874697E-004   1.9248703518744963E-002   2.3005805016372682E-002   0.0000000000000000        0.0000000000000000       0.16173305358183918       0.94271216276152348        4.4585579691350198E-004   6.8079642677036339E-002
  0.39810717055349720        7.5666134300231933        7.8398962633429489E-003  0.21160874112947303        1.0512673866366014E-008   2.3001227049103763E-011   2.1213323126446700E-002   4.9038945339971202E-004   3.5884624012130310E-011   6.2785485694839561E-006   1.0164194778910993E-024   8.3365642653121450E-003  0.24115237099801012       0.83374487442555656       0.15459765839377088       0.20878742421831312        7.1035225682489211E-002   7.1389512626142550E-020   3.1024927348435488E-020   6.1164407396468922E-029   5.2587564261916825E-004   2.4761669693892568E-002   2.9827345015527397E-002   0.0000000000000000        0.0000000000000000       0.23577182556757820        1.1805353374810983        7.6654188086288191E-004   9.4845741134080827E-002
  0.52480746024977254        7.3735916786193831        8.9264263764253244E-003  0.28036321013727822        1.8038089720057555E-008   3.4254441645147967E-011   2.8051474023590286E-002   5.5959135041210170E-004   5.4744632330320924E-011   8.2767315508972351E-006   3.0281969813129563E-024   9.4942944583883242E-003  0.31790073796388535       0.91079359241397251       0.25085380577033084       0.36062870909855343        9.9397238798846821E-002   2.7145911488435022E-019   1.1949537629234831E-019   2.9258988299719768E-028   1.0017535356571191E-003   3.1717769041310871E-002   3.8541655346409805E-002   0.0000000000000000        0.0000000000000000       0.34289861809062328        1.4770620509009245        1.3152649265972128E-003  0.13042147032153359     
  0.69183097091893642        7.1508155860900873        1.0140169160815737E-002  0.37121782930124159        3.0890426401559392E-008   5.0733712731127385E-011   3.7079078594651989E-002   6.3765114172611677E-004   8.3581344374169900E-011   1.0910845807126152E-005   9.0033604291834390E-024   1.0788731148348980E-002  0.41907478997928821       0.91412630025400854       0.40872262088715222       0.62118423911090304       0.13840232837629862        1.0238945030810794E-018   4.5668574890935037E-019   1.3758936384236406E-027   1.8903328203489611E-003   4.0351791114598863E-002   4.9542230674684773E-002   0.0000000000000000        0.0000000000000000       0.49722785689232951        1.8464667783453264        2.2524056063667249E-003  0.17540118908019967     
  0.91201083935590965        6.8658605499267571        1.1468939866064915E-002  0.49125878752758190        5.2789024761876574E-008   7.4388416137800785E-011   4.8995772355008002E-002   7.2456079639479230E-004   1.2785815410024273E-010   1.4383278445065884E-005   2.6709454418529117E-023   1.2207883940904773E-002  0.55244816612309910       0.76647549360650857       0.66862558108317005        1.0647878585119790       0.19069337518298390        3.8055858548201590E-018   1.7224367336344509E-018   6.2701540437863877E-027   3.5065406353769562E-003   5.0657311101768472E-002   6.3047727001131093E-002   0.0000000000000000        0.0000000000000000       0.71793477914496773        2.3052711259377632        3.8491632903545911E-003  0.22537354924881106     
   1.2022644346174127        6.3951316146850594        1.2809999747544864E-002  0.64991417468148238        8.9754063163149439E-008   1.0600504277987494E-010   6.4727709907010850E-002   8.1645431041549494E-004   1.9687853347700349E-010   1.8960825538881526E-005   7.8829746216376568E-023   1.3645414883499241E-002  0.72826851815457994       0.36333706126025433        1.0977519572404904        1.8005663905579337       0.25413757187735114        1.3547735198730402E-017   6.2547321697845359E-018   2.6031865537236063E-026   6.1855756063906005E-003   6.1150935843319640E-002   7.7925109701980480E-002   0.0000000000000000        0.0000000000000000        1.0273293229949083        2.8671538161752803        6.5445051626955037E-003  0.25114505406704690     
   1.5848931924611134        4.1757629394531248        1.2431548489438744E-002  0.86120903271138338        1.3217354799197212E-007   1.0914210557392720E-010   8.5571744647495604E-002   8.3229150822022944E-004   3.2920616055174596E-010   2.4995166450595552E-005   2.0169544151016293E-022   1.3288835164109569E-002  0.96004488170363400        3.6082712074754370E-005   1.7990565536024705        2.6024788094445501       0.22798804813423895        2.6818091498239599E-017   1.2474761057461046E-017   2.8386181480093899E-026   2.3226750116527244E-002   4.7243618066509015E-002   6.9006325097208332E-002   0.0000000000000000        0.0000000000000000        1.3691344787605559        3.4052294988376453        9.6375633227086394E-003   3.0798413874426972E-002
   2.0892961308540392        1.2667038955688477        9.1900606361783790E-003   1.1424926169148086        1.2705530199421834E-007   4.8149268930394446E-011  0.11323862157013025        6.6408134128127024E-004   6.7646676727548671E-010   3.2949804159812429E-005   3.3762056507766168E-022   9.8870917816194625E-003   1.2655856345730023        5.0129802876889834E-033   2.8654076092132730        2.4914370006593920        8.9032270890623377E-002   1.3317455180969355E-017   2.5247288989161690E-020   3.2603710404840226E-028   1.3242708088788760E-003   1.4834300298296759E-002   3.0293856096330413E-002   0.0000000000000000        0.0000000000000000        1.7369268803741083        3.7334760495592025        9.2643614176833762E-003   1.6830947881485310E-010
   2.7542287033381663       0.52723222541809067        7.7964845908028444E-003   1.5104170155818319        1.4257823364823971E-007   2.6461085905213156E-011  0.14958092184379901        5.7208381480001601E-004   1.3064784064209220E-009   4.3435886689806268E-005   6.5913013263886300E-022   8.4120042922926665E-003   1.6683667909877014        1.4915487443564842E-089   4.3468317577208824        2.3756664961772649        4.9886938398172015E-002   1.1452556533872902E-017   1.4614072265185230E-061   1.1724766217174610E-030   2.3767646855791892E-004   7.1201151672980953E-003   1.7793909983055939E-002   0.0000000000000000        0.0000000000000000        2.4414381149189905        4.3343102938194660        1.0396231137778926E-002   1.8614870248347123E-028
   3.6307805477010131       0.29935402631759644        7.4099536515835375E-003   1.9939852256590698        1.8681107523128722E-007   2.0048712651167791E-011  0.19739815538783129        5.4205611867704949E-004   2.3293057592671265E-009   5.7259043352604183E-005   1.5013247514406403E-021   8.0092688136131924E-003   2.1993357644393123        1.9380534357677818E-163   6.3521927738533837        2.3720132198888622        3.9098802777356584E-002   1.6939001196131455E-017   3.5974988430314084E-314   4.0790947710720201E-033   9.3532018195034548E-005   4.9612941588917407E-003   1.3843249396126122E-002   0.0000000000000000        0.0000000000000000        3.5122971229282705        5.2433786684889885        1.3621511976315941E-002   2.8800315815672671E-052
   4.7863009232263831       0.20117423725128170        7.4666613806782245E-003   2.6308859802002997        2.6625514166731427E-007   1.8395813969247615E-011  0.26039367198836777        5.4234564800821356E-004   3.9660119501563308E-009   7.5481224474471025E-005   3.7184619886789566E-021   8.0844882531609080E-003   2.8992891917276373        6.0337003119701713E-247   9.0836034858197330        2.4267345471516046        3.6646265540913832E-002   3.3630437639315251E-017   0.0000000000000000        1.5206354581243466E-035   5.0033315140402842E-005   4.2049188372811448E-003   1.2555803175111780E-002   0.0000000000000000        0.0000000000000000        5.0513957660225159        6.4771105621857652        1.9414253659675956E-002   2.6961472430907267E-079
   6.3095734448019316       0.14874651598930358        7.7700978628129514E-003   3.4702559563017212        3.9801605767534541E-007   1.8896837279029011E-011  0.34342064749763629        5.6001606261999522E-004   6.5748365470864690E-009   9.9502286243250332E-005   9.6575434349495798E-021   8.4296162116761983E-003   3.8220075137569056        0.0000000000000000        12.818211109621569        2.5081119363075559        3.7984600631526630E-002   7.8887934451080470E-017   0.0000000000000000        5.8197273193563245E-038   3.2826455856130547E-005   3.9750487485167591E-003   1.2430189509895795E-002   0.0000000000000000        0.0000000000000000        7.2332066332634328        8.0971436505572925        2.9021729518329785E-002   2.0628099936184092E-108
   8.3176377110267090       0.11670039919018743        8.2458028318074614E-003   4.5766853033233206        6.1284781240128799E-007   2.0845493001677368E-011  0.45286502996354189        5.8979771190723431E-004   1.0719145051834176E-008   1.3116750754659241E-004   2.5831792966188212E-020   8.9667680512612886E-003   5.0383871595262022        0.0000000000000000        17.924416086245756        2.5976880710642041        4.1909368418324697E-002   2.0521619728378420E-016   0.0000000000000000        2.1739346926378276E-040   2.4084259694511675E-005   4.0185254139003838E-003   1.2997198943776128E-002   0.0000000000000000        0.0000000000000000        10.307062745566324        10.201079584880409        4.4686396702913772E-002   3.9231012468538246E-139
   10.964781961431852        9.5299565494060517E-002   8.8649702538860075E-003   6.0352510463423679        9.6267996591232687E-007   2.4130829030412483E-011  0.59714035688576850        6.2952533872212329E-004   1.7279960641553541E-008   1.7290930135472821E-004   7.0480026483202864E-020   9.6674048939628596E-003   6.6418878241806762        0.0000000000000000        24.899195975929139        2.6853354100262488        4.8244396922768773E-002   5.7242217202281650E-016   0.0000000000000000        7.7072097098965770E-043   1.9180126126520909E-005   4.2494206514698063E-003   1.4103799238497463E-002   0.0000000000000000        0.0000000000000000        14.618119885913268        12.923439534092804        7.0194749796279654E-002   3.4994595160448470E-171
   14.454397707459281        8.0085632055997835E-002   9.6177773003936710E-003   7.9580783601970468        1.5339780900713881E-006   2.8899505362556730E-011  0.78733581201436120        6.7836332568193929E-004   2.7635301047689896E-008   2.2793399586516560E-004   1.9504557655262244E-019   1.0524074621940776E-002   8.7557133807936633        0.0000000000000000        34.410068388008156        2.7638307163451095        5.7270694291382269E-002   1.6782749848169263E-015   0.0000000000000000        2.5411277502896488E-045   1.6160161135643848E-005   4.6397639014633587E-003   1.5718174040509555E-002   0.0000000000000000        0.0000000000000000        20.640227625402158        16.442631763113368       0.11185151040667073        2.0988735299927969E-204
   19.054607179632484        6.8763842999935140E-002   1.0504340868527693E-002   10.492963886033031        2.4706765658717226E-006   3.5472467473806241E-011   1.0380688122551509        7.3618424705876697E-004   4.3938443450309216E-008   3.0046801847104671E-004   5.4552762098277601E-019   1.1540993134057508E-002   11.542278164756899        0.0000000000000000        47.356488891055157        2.8284659821347029        6.9601968207623890E-002   5.1075337929086569E-015   0.0000000000000000        7.7076227765836099E-048   1.4176044764043254E-005   5.1886123292865594E-003   1.7872858054246446E-002   0.0000000000000000        0.0000000000000000        29.020837712313160        20.992867245815034       0.18015179447984014        1.1006524982130349E-238
   25.118864315095820        6.0040790468454355E-002   1.1530623845146032E-002   13.834735633051450        4.0127651270666651E-006   4.4327276799009401E-011   1.3686084104686700        8.0327617661244452E-004   6.9552799920500191E-008   3.9608235962745051E-004   1.5384302161701738E-018   1.2729982381385925E-002   15.215685969072133        0.0000000000000000        64.950599586667053        2.8763968582306045        8.6188756577416439E-002   1.6000700575725675E-014   0.0000000000000000        2.1415586031820085E-050   1.2828202803809936E-005   5.9111556243493278E-003   2.0644825192829792E-002   0.0000000000000000        0.0000000000000000        40.641535766638647        26.880522561611855       0.29259468780856879        6.2749521535137894E-274
   33.113112148259148        5.3135661423206332E-002   1.2706592542031417E-002   18.240224660837775        6.5613061287268139E-006   5.6105699869326556E-011   1.8043559756754497        8.8020803547071496E-004   1.0973094073648506E-007   5.2212019730062099E-004   4.3672052388412785E-018   1.4108920774802754E-002   20.058180559702986        0.0000000000000000        88.827538902258908        2.9064717445571877       0.10839408022748144        5.1301383143168204E-014   0.0000000000000000        5.4581031953358841E-053   1.1907257748339556E-005   6.8352756082688954E-003   2.4150980951045668E-002   0.0000000000000000        0.0000000000000000        56.699020871707724        34.506010186884048       0.47842404366054908        0.0000000000000000     
   43.651583224016655        4.7550017006695269E-002   1.4045234182230873E-002   24.048000111160917        1.0788021272202022E-005   7.1625722991584170E-011   2.3787970080233323        9.6775578256832518E-004   1.7267711305315329E-007   6.8826044464335989E-004   1.2464530930807229E-017   1.5701250409442556E-002   26.441831685191595        0.0000000000000000        121.19261706162914        2.9188766600411511       0.13812439334750390        1.6763220505531191E-013   0.0000000000000000        1.2826674927884950E-055   1.1294704730233533E-005   8.0011065198881456E-003   2.8550421810346178E-002   0.0000000000000000        0.0000000000000000        78.813253251186921        44.392619719806071       0.78661910584324846        0.0000000000000000     
   57.543993733715780        4.2951005859300492E-002   1.5562015065879212E-002   31.704384206699000        1.7820281933444261E-005   9.1886277479857033E-011   3.1360740752387151        1.0668608231282060E-003   2.7121248604141305E-007   9.0726038938920210E-004   3.5735989194649206E-017   1.7536136278396619E-002   34.857122798390591        0.0000000000000000        165.01752768089702        2.9147977674328733       0.17802384409518246        5.5648488337444473E-013   0.0000000000000000        2.8008823885802929E-058   1.0920334641612884E-005   9.4623212724641217E-003   3.4051273295576771E-002   0.0000000000000000        0.0000000000000000        109.17161259537161        57.224462715309137        1.2993832591413914        0.0000000000000000     
   75.857757502918517        3.9109292090404778E-002   1.7274720911488031E-002   41.797746006516590        2.9554302594979332E-005   1.1805759041824229E-010   4.1343785608645094        1.1786179252796841E-003   4.2538597635776653E-007   1.1959342634613910E-003   1.0284875920824601E-016   1.9649273100229105E-002   45.950637014823059        0.0000000000000000        224.31749779560241        2.8967097235129176       0.23175830222026053        1.8723121457642752E-012   0.0000000000000000        5.7524820034542365E-061   1.0744799977389769E-005   1.1289071480334164E-002   4.0922747755433538E-002   0.0000000000000000        0.0000000000000000        150.72060299615293        73.896435706889108        2.1549808342506287        0.0000000000000000     
   100.00000000000020        3.5861313808476555E-002   1.9203147595737314E-002   55.103709247558662        4.9185457106805292E-005   1.5143809552339188E-010   5.4504218672297560        1.3042513689436935E-003   6.6658440371750209E-007   1.5764425852976597E-003   2.9697860387136117E-016   2.2083841549978667E-002   60.574736884667317        0.0000000000000000        304.51507595005887        2.8678724566302853       0.30440274083907659        6.3725807279498585E-012   0.0000000000000000        1.1278545191632086E-063   1.0747959963787942E-005   1.3571766718586391E-002   4.9510186750717854E-002   0.0000000000000000        0.0000000000000000        207.42095314711838        95.579775161052083        3.5864056358084366        0.0000000000000000     
   131.82567385564101        3.3087979330215588E-002   2.1368998485163267E-002   72.644747175157562        8.2108863371989496E-005   1.9338202859854659E-010   7.1853295841610549        1.4451083040086391E-003   1.0440093566516160E-006   2.0779907810106611E-003   8.6001066701263781E-016   2.4892097570182566E-002   79.853055083834533        0.0000000000000000        412.95328282130151        2.8324878558885973       0.40298812054227684        2.1908955696236894E-011   0.0000000000000000        2.1519206760715515E-066   1.0925596381221972E-005   1.6426727770478627E-002   6.0256801222752926E-002   0.0000000000000000        0.0000000000000000        284.58626543945536        123.80833930078488        5.9870479541885659        0.0000000000000000     
   173.78008287493799        3.0700732405879533E-002   2.3795673345949047E-002   95.768743216503609        1.3745086359115430E-004   2.4519971788265864E-010   9.4724115219999856        1.6026448597531149E-003   1.6349187903943419E-006   2.7390667032858589E-003   2.4968553402466667E-015   2.8137384908988022E-002   105.26682795843648        0.0000000000000000        559.60108503959725        2.7956222099585730       0.53725201698614511        7.5995126734497338E-011   0.0000000000000000        4.0925717756607756E-069   1.1287900308966432E-005   2.0003598599171859E-002   7.3732032414346643E-002   0.0000000000000000        0.0000000000000000        389.33254746638596        160.59203691287487        10.022363943057616        0.0000000000000000     
   229.08676527677795        2.8632698922592681E-002   2.6508026920244662E-002   126.25255290140463        2.3067909503235399E-004   3.0806006909867549E-010   12.487404604910845        1.7784117781867103E-003   2.5608665909832046E-006   3.6103875150646659E-003   7.2658071802347849E-015   3.1896826213496036E-002   138.76870530320397        0.0000000000000000        758.04617522549120        2.7633046363411178       0.72067090078306406        2.6570640665299934E-010   0.0000000000000000        7.9940987157503076E-072   1.1861008445146694E-005   2.4495372142941771E-002   9.0669711831691438E-002   0.0000000000000000        0.0000000000000000        531.17432278833098        208.56607929479679        16.820191478361966        0.0000000000000000     
   301.99517204020253        2.6832813810091463E-002   2.9532053110851931E-002   166.43852302124054        3.8806078426605723E-004   3.8294006868539755E-010   16.461975633918641        1.9740366566696073E-003   4.0135349193908218E-006   4.7587800151986954E-003   2.1188144833794888E-014   3.6264869782720234E-002   182.93278086649522        0.0000000000000000        1026.9116304974023        2.7427877442162871       0.97187359333622603        9.3573864745625883E-010   0.0000000000000000        1.6649301299311297E-074   1.2691545568064532E-005   3.0151931662710879E-002  0.11201946888811178        0.0000000000000000        0.0000000000000000        722.81458476359978        271.18743501517542        28.295831036110627        0.0000000000000000     
   398.10717055349858        2.5261743634851883E-002   3.2894439313167372E-002   219.41445545180608        6.5429598210560262E-004   4.7066906859934456E-010   21.701521397320743        2.1911990253356845E-003   6.2959687346409801E-006   6.2722887230939068E-003   6.1910234700016771E-014   4.1357927061596959E-002   241.15237107942951        0.0000000000000000        1391.8969570460465        2.7429711491261917        1.3165690586314260        3.3174473757883572E-009   0.0000000000000000        3.8723794663002390E-077   1.3854928804162070E-005   3.7298333301526383E-002  0.13901605262299160        0.0000000000000000        0.0000000000000000        981.19102749374940        352.99349132820049        47.708630472109157        0.0000000000000000     
   524.80746024977441        2.3889171239861753E-002   3.6622046625434029E-002   289.25083951782955        1.1056237647994514E-003   5.7210273936969336E-010   28.608633778249580        2.4316031766195441E-003   9.8886056754091313E-006   8.2668979729675109E-003   1.8124131127531245E-013   4.7320547775021080E-002   317.90073819341075        0.0000000000000000        1888.8018291292565        2.7753304717290028        1.7902049125483439        1.1835387119412677E-008   0.0000000000000000        1.0651345009558742E-079   1.5470858952116281E-005   4.6359967570529993E-002  0.17327457541643546        0.0000000000000000        0.0000000000000000        1328.8606437974872        459.94281051411298        80.617636480435735       -0.0000000000000000     
   691.83097091893910        2.2691828345356043E-002   4.0741260778894547E-002   381.31357453621501        1.8723921032709797E-003   6.8842174109591286E-010   37.714032791252372        2.6969447762551983E-003   1.5555363239965537E-005   1.0895374317400347E-002   5.3157379744295693E-013   5.4333579872550095E-002   419.07479031722903        0.0000000000000000        2568.0774467259694        2.8554903928211521        2.4417003896928047        4.2480428660659022E-008   0.0000000000000000        3.7172731328008239E-082   1.7730362739038613E-005   5.7897261484558184E-002  0.21692174712330137        0.0000000000000000        0.0000000000000000        1795.8311594099798        599.86414726988801        136.52729864911930       -0.0000000000000000     
   912.01083935591339        2.1652152420472699E-002   4.5277290795864372E-002   502.67619974999758        3.1780588249283818E-003   8.2152569823363204E-010   49.717344253488982        2.9888773204786337E-003   2.4514559662507252E-005   1.4358892014933067E-002   1.5620293802728273E-012   6.2625060131276070E-002   552.44816628925275        0.0000000000000000        3501.8783888654657        3.0061422262467330        3.3389431044805704        1.5338716019324500E-007   0.0000000000000000        1.7933141151344932E-084   2.0945304554885285E-005   7.2654279922994780E-002  0.27277944205111027        0.0000000000000000        0.0000000000000000        2421.9818820845667        783.04837346572015        231.73126267595242       -0.0000000000000000     
   1202.2644346174179        2.0757333542336706E-002   5.0253459782458633E-002   662.66328657602526        5.4068417131595227E-003   9.7448611717552945E-010   65.540855211084690        3.3089813468191306E-003   3.8714922270594993E-005   1.8922307715523789E-002   4.5989937205671307E-012   7.2484748844801550E-002   728.26851791166553        0.0000000000000000        4795.2730930996349        3.2624177477881937        4.5775122090146532        5.5720648726019652E-007   0.0000000000000000        1.3258714017126425E-086   2.5641441735111591E-005   9.1627426206037102E-002  0.34462387092989544        0.0000000000000000        0.0000000000000000        3260.2618314808851        1023.0290043023648        394.24514343522281       -0.0000000000000000     
   1584.8931924611206        1.9998699947584096E-002   5.5690650603359607E-002   873.56671129981055        9.2215724573662308E-003   1.1520542365567005E-009   86.400377374421041        3.6587476110125890E-003   6.1281847590893574E-005   2.4934214007159995E-002   1.3568588525226875E-011   8.4283612221532189E-002   960.04488121736063        0.0000000000000000        6604.6412034048944        3.6822840834348822        6.2960227849313881        2.0369253478036484E-006   0.0000000000000000        1.6981478952143097E-088   3.2741899186545613E-005  0.11616392261222830       0.43755655450111514        0.0000000000000000        0.0000000000000000        4380.9121197236782        1337.6117200518074        672.39996083188225       -0.0000000000000000     
   2089.2961308540494        1.9371366243329247E-002   6.1607128429788625E-002   1151.5897839608194        1.5770017058194832E-002   1.3612682308883646E-009   113.89866326781856        4.0395887109288525E-003   9.7238819945031542E-005   3.2853242001898257E-002   4.0121517509918955E-011   9.8499959142615723E-002   1265.5856339798952        0.0000000000000000        9168.8409043495940        4.3675508360538293        8.7061444447210459        7.4963159695361188E-006   0.0000000000000000        4.3478984708900745E-090   4.3947295500914846E-005  0.14810483048947506       0.55854214955790704        0.0000000000000000        0.0000000000000000        5877.0375117720005        1750.2325818064576        1149.8861936261198       -0.0000000000000000     
   2754.2287033381804        1.8874151280614565E-002   6.8019125760264060E-002   1518.0916693206889        2.7048093497820350E-002   1.6122645120098260E-009   150.14855267586958        4.4529045831828793E-003   1.5467102133526913E-004   4.3282522294731035E-002   1.1892882213468961E-010  0.11575455263817798        1668.3667902138973        0.0000000000000000        12863.844935638535        5.5088743773355757        12.156710527773576        2.7790927050139694E-005   0.0000000000000000        2.6232927414739550E-091   6.2570676061620456E-005  0.18999604660323530       0.71720018756222981        0.0000000000000000        0.0000000000000000        7871.9544061156294        2291.7501476975990        1972.2381505535461       -0.0000000000000000     
   3630.7805477010324        1.8509822896987313E-002   7.4942793172546790E-002   2001.2275224792604        4.6543447751872420E-002   1.9194669393547423E-009   197.93531117937167        4.9002419580812372E-003   2.4659226979556974E-004   5.7014780326452311E-002   3.5349740538484530E-010  0.13685781545708034        2199.3357635892667        0.0000000000000000        18302.016021984666        7.4888298977318604        17.279022116021284        1.0387491109397249E-004   0.0000000000000000        4.4904628989422122E-092   9.5497138621633267E-005  0.24540542987297939       0.92699179493693140        0.0000000000000000        0.0000000000000000        10528.877280701186        3002.8102933454334        3393.7609437033216       -0.0000000000000000     
   4786.3009232264094        1.8285765297037869E-002   8.2398382688744248E-002   2638.1100058710012        8.0384456488700878E-002   2.3034238026604369E-009   260.93063393326747        5.3836057927764518E-003   3.9391174976806072E-004   7.5091277946298815E-002   1.0539662804320021E-009  0.16287326642781952        2899.2891907057274        0.0000000000000000        26519.255531295687        11.136474208535832        25.328115910314789        3.9189181210281523E-004   0.0000000000000000        2.6796284689182272E-092   1.5814166161552622E-004  0.31940978115518270        1.2070357089667838        0.0000000000000000        0.0000000000000000        14063.684075222118        3936.9667196710661        5861.3111423658393       -0.0000000000000000     
   6309.5734448019684        1.8215248967152549E-002   9.0417867940299615E-002   3477.6576110874744       0.13941013291876286        2.7937292034892668E-009   343.97475744882900        5.9060042542587359E-003   6.3007443748163891E-004   9.8878783776455259E-002   3.1535257251483063E-009  0.19520265597101361        3822.0075126743354        0.0000000000000000        39341.525627551011        18.412348842724924        39.001548014138145        1.4946070323784489E-003   0.0000000000000000        6.9810569798130775E-092   2.8811289006744329E-004  0.41936153695202139        1.5849549168517605        0.0000000000000000        0.0000000000000000        18761.738461985231        5164.7982074009724        10165.225979357159       -0.0000000000000000     
   8317.6377110267604        1.8319562964518810E-002   9.9057521820719613E-002   4584.3473945302867       0.24293940673172665        3.4337699311697030E-009   453.44835520023963        6.4723308874137459E-003   1.0081431998902192E-003  0.13017007437004185        9.4738740728696643E-009  0.23569992707817522        5038.3871583966984        0.0000000000000000        60131.327991178521        34.438824534711465        64.432846292272941        5.7738548728847846E-003   0.0000000000000000        1.0109401600058788E-090   5.8672674611235341E-004  0.55612967138311176        2.1014588269013590        0.0000000000000000        0.0000000000000000        25000.066370164430        6779.3398504573051        17714.164078431881       -0.0000000000000000     
   10964.781961431918        1.8631440039920562E-002  0.10841728546957151        6043.1580752644686       0.42572422588606912        4.2886187699651072E-009   597.76279131842387        7.0907084848099650E-003   1.6112145043439255E-003  0.17131533865207751        2.8596269381923460E-008  0.28682333260645898        6641.8878230286191        0.0000000000000000        95370.020034617162        74.207643992266355        116.10872753927549        2.2653926499968668E-002   0.0000000000000000        1.0477918887965404E-088   1.3599738245942280E-003  0.74616950861049935        2.8179341229786079        0.0000000000000000        0.0000000000000000        33276.618413549913        8903.2454856598306        31042.097661154632       -0.0000000000000000     
   14454.397707459368        1.9200611139184726E-002  0.11866941810463455        7966.0785802888176       0.75097732612317669        5.4585584004905430E-009   788.00640062839045        7.7744593189826667E-003   2.5669088621353402E-003  0.22539463601235787        8.6796739790149562E-008  0.35183851343597505        8755.7133794468773        0.0000000000000000        158150.71424935327        187.58816588105938        229.18102998073385        9.0595458512105778E-002   0.0000000000000000        1.0021081712601666E-085   3.6621118884575120E-003   1.0150943887967581        3.8294314322711869        0.0000000000000000        0.0000000000000000        44248.946333380678        11698.230452243497        54758.245082973219       -0.0000000000000000     
   19054.607179632600        2.0103330173095853E-002  0.13010113193921885        10500.672554178820        1.3352558197492019        7.1032258494951601E-009   1038.7964513893883        8.5449972447920169E-003   4.0658395212619727E-003  0.29644585236496646        2.6519701577725055E-007  0.43509198154897732        11542.278163336890        0.0000000000000000        276208.66472658346        565.90001073434723        490.91014991499316       0.37104643168079160        0.0000000000000000        1.1245277102098244E-081   1.1721234899785641E-002   1.4040999287365135        5.2877734116967270        0.0000000000000000        0.0000000000000000        58785.450029206026        15377.519736894648        97361.482008713079       -0.0000000000000000     
   25118.864315095976        2.1460070151693801E-002  0.14318245589096926        13841.336735548181        2.3971812894454581        9.4871965362460277E-009   1369.4022502300431        9.4363034147588350E-003   6.3816570086436125E-003  0.38976943865350999        8.1677985721285583E-007  0.54238819795923809        15215.685967116420        0.0000000000000000        511121.54409505083        2067.5424365257290        1123.2246388896585        1.5665522224078241        0.0000000000000000        1.8256324969340404E-076   4.5753711335462577E-002   1.9821597933358039        7.4448358439959437        0.0000000000000000        0.0000000000000000        78033.532552748860        20222.264234090802        174792.81462918862       -0.0000000000000000     
   33113.112148259344        2.3470447704421530E-002  0.15868470572178842        18244.073657808931        4.3560158827288369        1.3072053635807512E-008   1805.2256813392539        1.0502293035398303E-002   9.8852414323694002E-003  0.51234214605517481        2.5405817414561709E-006  0.68152914481236149        20058.180557912401        0.0000000000000000        1005664.6188829787        9251.1010440007649        2707.8056387292163        6.8812158513178208        0.0000000000000000        5.0419858250810168E-070  0.22447785824381813        2.8707813856383284        10.738935589873092        0.0000000000000000        0.0000000000000000        103510.80741589420        26603.207961281860        317623.15185087995       -0.0000000000000000     
   43651.583224016918        2.6478408732971727E-002  0.17788052358236556        24045.811158029141        8.0389406656084237        1.8711435407665792E-008   2379.7529363463091        1.1827420048569411E-002   1.5039401745102423E-002  0.67338571844281458        8.0015655583756443E-006  0.86309366207374949        26441.831683650296        0.0000000000000000        2099654.3974330788        50856.642389140354        6824.7424435200428        31.859395388750240        0.0000000000000000        2.5012444657971231E-062   1.4355010864929503        4.2971441717714125        15.976205426804906        0.0000000000000000        0.0000000000000000        137228.64912672917        35009.269322638640        586167.20886545617        0.0000000000000000     
   57543.993733716139        3.1023794790016830E-002  0.20264129118521884        31689.543403285326        15.117908074231103        2.8012296506891787E-008   3137.1274153785189        1.3520634724810299E-002   2.2394304245330687E-002  0.88511172052187714        2.5577033745528184E-005   1.1012736464319062        34857.122796738215        0.0000000000000000        4560565.9754180405        332413.53369727806        17835.052257817228        157.53344395148005        0.0000000000000000        1.4280920095220815E-053   12.323589674936372        6.6981993553410275        24.672974243007136        0.0000000000000000        0.0000000000000000        181862.64340504582        46084.695401490084        1102337.0302591855        0.0000000000000000     
   75857.757502918976        3.7424137495821921E-002  0.23392146119267662        41757.157680360193        28.844116476811742        4.3396501945817799E-008   4135.5416083245582        1.5570380998830785E-002   3.2900268496345184E-002   1.1633767648418931        8.2616188723645269E-005   1.4128686070334004        45950.637013480569        0.0000000000000000        9609764.9883195199        2187639.4428751161        46513.035158781873        818.91250203960305        0.0000000000000000        9.2650785601924829E-045   132.50754578718050        10.779013141785351        39.201740665159463        0.0000000000000000        0.0000000000000000        240979.11701238740        60674.234777186524        2103196.9199294024        0.0000000000000000     
   100000.00000000081        4.4681956328335215E-002  0.26838091833123212        55013.262133774428        54.740125399199144        6.6559957859139296E-008   5451.7085580803150        1.7560477031750826E-002   4.8949185532683390E-002   1.5278946311849879        2.6535300829558451E-004   1.8138360265479709        60574.736884048507        0.0000000000000000        17878899.789507445        10973509.948273066        112580.16908876970        4161.2437054490010        0.0000000000000000        1.3767985549141228E-037   1353.0399040335217        17.178679169712886        61.620784009342451        0.0000000000000000        0.0000000000000000        319275.76869554125        79879.141850469474        3991429.6986249927        0.0000000000000000     
