   10000.000000000000        5.5125197937741191E-002  0.22616332318293481        5512.0735036176848        6.9815854625414429E-004   1.0767966137677218E-008   545.15692152534757        1.5690475503253358E-002   1.1776722095630661E-005   3.2605672545905871E-003   6.1153374827146851E-015  0.24511436594077876        6057.4736752588105        0.0000000000000000        38260.484049994142        5.1874611274637855E-002   1.3554320696451919E-004   1.9034325166559600E-008   0.0000000000000000        8.5111538036621133E-047   3.4257337498464741E-002   2.1486518357418980        7.5659676146136352        0.0000000000000000        0.0000000000000000        3.0674666075732326E-002   38221.128388032957        49.124589500356855        0.0000000000000000     
   12589.254117941662        5.2786572113946016E-002  0.25013115932092161        6939.3238772100858        9.3887511730485792E-004   1.1501602171019537E-008   686.31433689082348        1.7318151931005735E-002   1.6904009392907709E-005   4.1027329868271950E-003   1.2849456823224958E-014  0.27155204423875451        7625.9075411623953        0.0000000000000000        48172.066076735202        6.7273791497419272E-002   1.7031463905027648E-004   4.6477322119036958E-008   0.0000000000000000        1.4955281199994047E-047   3.9639147956586414E-002   2.5821049978697919        9.1288233647546200        0.0000000000000000        0.0000000000000000        3.8812016888323170E-002   48117.783055278727        66.062150176574960        0.0000000000000000     
   15848.931924611108        5.0937854354551747E-002  0.27727685768837029        8736.1286057777579        1.2738112141094540E-003   1.2394353287893868E-008   864.02119622982036        1.9165220339484829E-002   2.4208974900430409E-005   5.1621067796292636E-003   2.7192785944000007E-014  0.30160418480748435        9600.4487917080351        0.0000000000000000        60652.267093652532        8.9861504215974844E-002   2.1594688042168226E-004   1.1508791294351142E-007   0.0000000000000000        4.0177708388321836E-048   4.8391682748415793E-002   3.1288408182146918        11.097495153222539        0.0000000000000000        0.0000000000000000        4.9089033015600018E-002   60576.953288416575        89.629287401574416        0.0000000000000000     
   19952.623149688749        4.9473857192215295E-002  0.30795562436633045        10998.175142497181        1.7413235424344135E-003   1.3457477147186372E-008   1087.7411119029668        2.1256009933149727E-002   3.4605016888675312E-005   6.4945798213568440E-003   5.7876615578466034E-014  0.33570621412083701        12086.248948681534        0.0000000000000000        76367.149919185977       0.12330655300691551        2.7590967038606937E-004   2.8807223455962595E-007   0.0000000000000000        1.5870719348806795E-048   6.1927499256821540E-002   3.8178851486118703        13.576513475225912        0.0000000000000000        0.0000000000000000        6.2065187355773911E-002   76262.142553016485        122.52489734367411        0.0000000000000000     
   25118.864315095718        4.8314442212176796E-002  0.34256516701883838        13845.926891195328        2.3957386947383772E-003   1.4705700495690774E-008   1369.3880716059293        2.3617782825788917E-002   4.9387081587002501E-005   8.1703697022502287E-003   1.2373167865123291E-013  0.37435331954687751        15215.685937228493        0.0000000000000000        96155.662050255851       0.17331607532466251        3.5481191945823260E-004   7.2678927524571793E-007   0.0000000000000000        8.8401197073848001E-049   8.2575048607271093E-002   4.6860026099960059        16.698112661285734        0.0000000000000000        0.0000000000000000        7.8445738119188160E-002   96008.652532387088        168.57156667434393        0.0000000000000000     
   31622.776601683665        4.7397577039137093E-002  0.38154909404101961        17431.038332108994        3.3140502355400070E-003   1.6157111530675068E-008   1723.9608939941972        2.6280961084654428E-002   7.0391241908467498E-005   1.0277669443508110E-002   2.6539858335449308E-013  0.41810772456918216        19155.413684258787        0.0000000000000000        121074.58089463713       0.24880921377684681        4.5877299035714371E-004   1.8434735735448226E-006   0.0000000000000000        6.6556944019510292E-049  0.11409786897906156        5.7796730422273246        20.629341266084118        0.0000000000000000        0.0000000000000000        9.9119617562066151E-002   120868.06602836811        233.18680015871448        0.0000000000000000     
   39810.717055349531        4.6674713331403841E-002  0.42540113802565871        21944.431184201305        4.6054516212590078E-003   1.7833274061849479E-008   2170.3419847623786        2.9279415446012331E-002   1.0022117939467330E-004   1.2927215382777139E-002   5.7059269967935083E-013  0.46760776885444816        24115.237060420393        0.0000000000000000        152455.15969471552       0.36378351141006487        5.9591747072762946E-004   4.6902139531197236E-006   0.0000000000000000        6.5021843941718109E-049  0.16256621870592713        7.1576058225540429        25.581090376485026        0.0000000000000000        0.0000000000000000       0.12520715582134584        152164.24775656054        324.05378630965760        0.0000000000000000     
   50118.723362726938        4.6107599943325098E-002  0.47467006902161563        27626.461689319371        6.4249220162048010E-003   1.9759515968113747E-008   2732.3028867010312        3.2650804538749356E-002   1.4256967333725395E-004   1.6258001308074511E-002   1.2285371512005294E-012  0.52357887486843946        30359.284746737998        0.0000000000000000        191974.59113035546       0.54028964326008555        7.7703485126495730E-004   1.1945169314051982E-005   0.0000000000000000        7.9354213177085779E-049  0.23781136940935629        8.8939331920795048        31.819546618552366        0.0000000000000000        0.0000000000000000       0.15812019111822612        191563.84501594666        452.07733732012940        0.0000000000000000     
   63095.734448018913        4.5665986474132302E-002  0.52996511350203601        34779.720459616241        8.9926035649860164E-003   2.1965355966532001E-008   3439.7702048276360        3.6436950851307333E-002   2.0267506618923257E-004   2.0444420372274136E-002   2.6470370193781093E-012  0.58684648472561751        38220.075051715357        0.0000000000000000        241746.06214028411       0.81318157959809467        1.0164592534799171E-003   3.0398656383289572E-005   0.0000000000000000        1.1691815764291249E-048  0.35585755531819691        11.082258625255859        39.680700756654808        0.0000000000000000        0.0000000000000000       0.19963777903481594        241165.04283596933        632.74733373896777        0.0000000000000000     
   79432.823472427568        4.5325935262653723E-002  0.59196185983453486        43785.146525610369        1.2621474281165175E-002   2.4485074127767754E-008   4330.4193087485210        4.0684251978229558E-002   2.8796949963862622E-004   2.5705183626706818E-002   5.7037854550803855E-012  0.65835129543947124        48116.223723419265        0.0000000000000000        304432.43012062466        1.2377194536144640        1.3332441412901368E-003   7.7177676749071844E-005   0.0000000000000000        2.0183119017668050E-048  0.54301345961622294        13.840793718788440        49.588744195791080        0.0000000000000000        0.0000000000000000       0.25200154726324236        303609.30005630723        888.08587430203693        0.0000000000000000     
   99999.999999999185        4.5068536738895104E-002  0.66140854002843730        55122.313713542550        1.7756922507612526E-002   2.7358424567461417E-008   5451.6806858482296        4.5444118775470457E-002   4.0899966129917542E-004   3.2314441350187212E-002   1.2284635580102564E-011  0.73916710015409504        60574.736765894602        0.0000000000000000        383389.62730559864        1.9017642450494074        1.7527323302288084E-003   1.9521110078131779E-004   0.0000000000000000        3.9788304594214677E-048  0.84280399514944071        17.318875623887610        62.079394492699812        0.0000000000000000        0.0000000000000000       0.31803579083449923        382222.01670633681        1249.4318570707242        0.0000000000000000     
   125892.54117941560        4.4878913537299926E-002  0.73913262967307591        69394.969665181416        2.5033417361131675E-002   3.0631507139606413E-008   6863.2657897701311        5.0773436239084473E-002   5.8073489546463459E-004   4.0615636537735485E-002   2.6433854908181099E-011  0.83052170244989587        76259.075427852178        0.0000000000000000        482847.64496526570        2.9453821463230194        2.3086568877697866E-003   4.9133138790537656E-004   0.0000000000000000        8.7670042483556047E-048   1.3278051258583006        21.705241331769088        77.829488797996831        0.0000000000000000        0.0000000000000000       0.40129872424326191        481189.62368160777        1761.4284867738952        0.0000000000000000     
   158489.31924610978        4.4745446979241016E-002  0.82604776081475362        87363.187546448142        3.5355802849952066E-002   3.4357832569720357E-008   8640.3468956943016        5.6735047167767789E-002   8.2442586894836752E-004   5.1038732974715978E-002   5.6806258005772177E-011  0.93382154095723735        96004.487936556121        0.0000000000000000        608139.13158697542        4.5924413357744625        3.0459570132617977E-003   1.2293064757545739E-003   0.0000000000000000        2.1213530977225822E-047   2.1200213544200310        27.238546610864748        97.694577069064962        0.0000000000000000        0.0000000000000000       0.50627297174869168        605782.52542503469        2487.7433797497283        0.0000000000000000     
   199526.23149688583        4.4659164079721446E-002  0.92316085699265926        109983.84261806318        5.0016106606459179E-002   3.8599611595679149E-008   10877.560300633120        6.3398251917297199E-002   1.1702458331293926E-003   6.4121602811397449E-002   1.2188195087125194E-010   1.0506807117213539        120862.48951001844        0.0000000000000000        765988.08543100348        7.2016707973727376        4.0245578308701303E-003   3.0548723525953112E-003   0.0000000000000000        5.5575131057890069E-047   3.4262826234563639        34.220749613587742        122.75671463599956        0.0000000000000000        0.0000000000000000       0.63860547215775076        762635.76801860624        3519.2875867969206        0.0000000000000000     
   251188.64315095515        4.4613260976916522E-002   1.0315795101943683        138461.56917968081        7.0861742308225117E-002   4.3429329622190321E-008   13694.046055138660        7.0839326272781528E-002   1.6610440196200749E-003   8.0536523317292844E-002   2.6102925886050327E-010   1.1829553597844427        152156.85937714056        0.0000000000000000        964874.85642032197        11.349419946309354        5.3244545109539833E-003   7.5348669171418818E-003   0.0000000000000000        1.5589294572140997E-046   5.6003248561765346        43.034171347703371        154.38532748856349        0.0000000000000000        0.0000000000000000       0.80540961620873586        960102.37926930480        4986.0508345112366        0.0000000000000000     
   316227.76601683407        4.4602726859875465E-002   1.1525195166076070        174312.91150247739       0.10053821194592710        4.8931665217744742E-008   17239.792608529649        7.9142051082105647E-002   2.3576791749947727E-003  0.10112292690540467        5.5791878052812930E-010   1.3327844945951173        191554.13684899863        0.0000000000000000        1215497.6801662645        17.964236705718029        7.0525643855726934E-003   1.8436530486891103E-002   0.0000000000000000        4.6429202769243410E-046   9.2527755453173057        54.163273717310652        194.31482724618235        0.0000000000000000        0.0000000000000000        1.0156457590691632        1208698.1973365718        7074.1788057202693        0.0000000000000000     
   398107.17055349203        4.4624055661583950E-002   1.2873125968531482        219447.08497766126       0.14284018253764966        5.5205845355673196E-008   21703.624244702958        8.8398255470057335E-002   3.3465968238294759E-003  0.12692776732836661        1.1899654912632290E-009   1.5026386196515722        241152.37061358162        0.0000000000000000        1531356.8347743810        28.546521132874627        9.3519846253992765E-003   4.4734576125065699E-002   0.0000000000000000        1.4592735113196603E-045   15.448155676782140        68.222520592997995        244.74378660075826        0.0000000000000000        0.0000000000000000        1.2806004418912282        1521661.8765146697        10050.675980357846        0.0000000000000000     
   501187.23362726532        4.4675028691904109E-002   1.4374143177884267        276267.64817886433       0.20322067648495645        6.2368547669965916E-008   27323.256670189010        9.8708373895143434E-002   4.7505901687142004E-003  0.15925511633371633        2.5325099020245663E-009   1.6953778080172865        303592.84741309803        0.0000000000000000        1929494.5814847290        45.528518309926582        1.2414533356312948E-002  0.10761536800182542        0.0000000000000000        4.8208303537616879E-045   26.061906352868274        85.992102329243352        308.46193278356878        0.0000000000000000        0.0000000000000000        1.6144899347332913        1915659.8919199950        14299.233840037015        0.0000000000000000     
   630957.34448018391        4.4754558206050198E-002   1.6044123260107734        347800.50051715586       0.28953175042346529        7.0557496406188642E-008   34397.956226781323       0.11018202282239427        6.7440730603462546E-003  0.19972687635183381        5.3779095822710052E-009   1.9143212251850015        382200.75040178688        0.0000000000000000        2431433.4331153664        72.867070015310020        1.6497790339879834E-002  0.25665158490798767        0.0000000000000000        1.6703295227190985E-044   44.435671300845904        108.46386833988917        389.01317471887597        0.0000000000000000        0.0000000000000000        2.0352203684110912        2411674.0889995885        20372.347317359898        0.0000000000000000     
   794328.23472426913        4.4862580085286943E-002   1.7900350639145535        437855.02092329360       0.41310531686817875        7.9935932600687510E-008   43304.476980006941       0.12293860579291287        9.5747380362821918E-003  0.25035678240834791        1.1395465324848805E-008   2.1633304521158143        481162.23708760401        0.0000000000000000        3064366.9601710844        117.02470758935355        2.1948327861293863E-002  0.60685877486116802        0.0000000000000000        6.0666642153952749E-044   76.596490461334213        136.90055682395280        490.90545491013302        0.0000000000000000        0.0000000000000000        2.5653451002105214        3036119.0384643758        29067.364741785772        0.0000000000000000     
   999999.99999998359        4.4999994265622269E-002   1.9961613998945384        551226.92934885644       0.59033587572536295        9.0698208510289847E-008   54517.124177185047       0.13710797011147191        1.3594230526266089E-002  0.31364015619757246        2.4095401873407430E-008   2.4469095262035827        605747.36746716290        0.0000000000000000        3862673.4214988132        188.60311196297025        2.9233500844868514E-002   1.4229887008704050        0.0000000000000000        2.3120529842091903E-043   133.55892673210010        172.91244833615241        619.88178684183788        0.0000000000000000        0.0000000000000000        3.2332705361118155        3822248.7027686974        41537.853712365104        0.0000000000000000     
