  0.10000000000000001        8.4222414703369104        4.0329334802827422E-003   5.1090077195290344E-002   1.9245739471820667E-012   3.0085302779136505E-012   5.2003442968905546E-003   2.5138181530883548E-004   4.9967181574855447E-014   1.8179661760253905E-008   1.5123372553206067E-033   4.2843334752533380E-003   6.0574736791621626E-002  0.36384647151655058        1.6804157659191751E-004   3.6927314960618874E-012   1.2951424059959880E-008   3.0507735424818819E-029   1.2294275631477544E-029   2.1817716650758871E-041   5.4753997236637485E-008   6.8873615419101225E-003   7.9985810175652698E-003   0.0000000000000000        0.0000000000000000        3.5198518440212553E-008  0.37869648940004480        2.3490947839198486E-005   1.7164121591974101E-004
  0.13182567385564070        8.2765214920043935        4.6197220341546935E-003   6.8046558261563334E-002   3.8649776705867324E-012   4.5513252836273305E-012   6.8990223543803795E-003   2.8775232625635451E-004   7.6271408378126905E-014   2.3965489790471945E-008   5.2755437166864694E-033   4.9074983259008390E-003   7.9853054984084723E-002  0.45718358126055814        2.6747794915102011E-004   6.4354441125826727E-012   1.8284029962243761E-008   1.3726116646806015E-028   5.6235649211294769E-029   1.4635843738120313E-040   1.2396323753180484E-007   8.9624885307536921E-003   1.0471075897740883E-002   0.0000000000000000        0.0000000000000000        5.1681419269934414E-008  0.47696100355575061        4.6779855725916580E-005   2.4595492520172106E-004
  0.17378008287493754        8.1338532409667952        5.2884925581311902E-003   9.0504321113092687E-002   7.7301870147176047E-012   6.8711548172484725E-012   9.1446953616111763E-003   3.2931878296153452E-004   1.1634666119475594E-013   3.1592725125875262E-008   1.8326980631204751E-032   5.6178429338178508E-003  0.10526682783125696       0.57447081433164549        4.2722563704804500E-004   1.1199827369036603E-011   2.5809782763155775E-008   6.1507057710046436E-028   2.5579005353933684E-028   9.7372067315431118E-040   2.7929681623130851E-007   1.1648553266489919E-002   1.3690560751536397E-002   0.0000000000000000        0.0000000000000000        7.5779088073595405E-008  0.59972810245081087        9.2834881979447022E-005   3.5194598853989571E-004
  0.22908676527677729        7.9919479217529288        6.0500480657771213E-003  0.12022947394399257        1.5400514759689692E-011   1.0352419636971423E-011   1.2112384451896312E-002   3.7679852474360639E-004   1.7738831850078387E-013   4.1647403698050415E-008   6.3414073671212071E-032   6.4268882379244262E-003  0.13876870501721061       0.71920651764984411        6.8491188945769745E-004   1.9466121308080732E-011   3.6423093565963389E-008   2.7444600587664254E-027   1.1570669196677056E-027   6.4223429660156654E-039   6.2616075516584522E-007   1.5118358892272069E-002   1.7875803272031133E-002   0.0000000000000000        0.0000000000000000        1.1094880680441882E-007  0.75302798431799522        1.8353583089766152E-004   5.0243896962097717E-004
  0.30199517204020160        7.8527128639221191        6.9179123178354134E-003  0.15955091841857275        3.0575645764012783E-011   1.5572647796921293E-011   1.6032893996772667E-002   4.3105560039122140E-004   2.7032551749670662E-013   5.4902065989148349E-008   2.1864507020438339E-031   7.3490228202926240E-003  0.18293278039472333       0.90045678989836553        1.1023118036684438E-003   3.3798312714500393E-011   5.1406563371712880E-008   1.2202823665441706E-026   5.2093524349504356E-027   4.2056368760755223E-038   1.3980406573515396E-006   1.9603328645290536E-002   2.3318051081973590E-002   0.0000000000000000        0.0000000000000000        1.6219852553977787E-007  0.94448788468224232        3.6143595435474455E-004   7.1622540458571055E-004
  0.39810717055349720        7.7153851356506342        7.9066753144496887E-003  0.21154198243149872        6.0502129718042408E-011   2.3390502199138703E-011   2.1210666208127827E-002   4.9304630099302805E-004   4.1179057182173155E-013   7.2374985439465108E-008   7.5128827684447973E-031   8.3997939904281553E-003  0.24115237037607354        1.1261014129226012        1.7812857857768809E-003   5.8627729599021500E-011   7.2564902756429013E-008   5.4067796424616742E-026   2.3347289141226649E-026   2.7343865786463806E-037   3.1088830150526273E-006   2.5395360474111537E-002   3.0389374123643145E-002   0.0000000000000000        0.0000000000000000        2.3674196137612470E-007   1.1836853881963032        7.0862744337640826E-004   1.0191599291815548E-003
  0.52480746024977254        7.5801554698944091        9.0332981591228455E-003  0.28025637350171873        1.1934189052962479E-010   3.5087446345563752E-011   2.8047189950225815E-002   5.6387533798103729E-004   6.2707075378503106E-013   9.5408773063295160E-008   2.5730854670306833E-030   9.5972689058769454E-003  0.31790073718773221        1.4073513816001042        2.8904693806084442E-003   1.0161581800207322E-010   1.0246623430845672E-007   2.3876695315496680E-025   1.0419470968650003E-025   1.7658183383407360E-036   6.8874008828346374E-006   3.2873405262669887E-002   3.9574585732098079E-002   0.0000000000000000        0.0000000000000000        3.4495637262226397E-007   1.4827325855991043        1.3823080904040209E-003   1.4477950195577001E-003
  0.69183097091893642        7.4474053325653067        1.0317267853870838E-002  0.37104079070070378        2.3468750664835237E-010   5.2574473373676059E-011   3.7071918917037108E-002   6.4481071150409523E-004   9.5460582043868550E-013   1.2577324568870908E-007   8.7846316930366593E-030   1.0962204338620623E-002  0.41907478865249082        1.7591469456189404        4.7101258187114553E-003   1.7600517728925927E-010   1.4477119943547486E-007   1.0510841496529042E-024   4.6314628114330403E-025   1.1330207235960560E-035   1.5204676040753657E-005   4.2528059821920046E-002   5.1504224706358667E-002   0.0000000000000000        0.0000000000000000        5.0172524507107050E-007   1.8569697786348347        2.6805801404371095E-003   2.0536882647531995E-003
  0.91201083935590965        7.3169439907073972        1.1780527975360252E-002  0.49094730264192860        4.6011257371921067E-010   7.8694291075535358E-011   4.8983042500987860E-002   7.3729051841221543E-004   1.4528442384766431E-012   1.6580135099427450E-007   2.9895727214841871E-029   1.2517984295123461E-002  0.55244816455691403        2.1984059726940766        7.7077534806067492E-003   3.0467130502266580E-010   2.0469437755878982E-007   4.6122410774976936E-024   2.0505874154980523E-024   7.2228586054256229E-035   3.3448868995466408E-005   5.4988746785769246E-002   6.6993224594594503E-002   0.0000000000000000        0.0000000000000000        7.2831477570126885E-007   2.3258324247752205        5.1617928017394848E-003   2.9086612724536672E-003
   1.2022644346174127        7.1891529102325418        1.3448495631596140E-002  0.64927585438216806        8.9931209643378607E-010   1.1768141406576572E-010   6.4701190584696658E-002   8.4297345505393432E-004   2.2106099555767883E-012   2.1856859499939621E-007   1.0141389532953994E-028   1.4291687655245073E-002  0.72826851585213892        2.7489153917642044        1.2665876695146610E-002   5.2713835908344990E-010   2.8971893999570776E-007   2.0175100053872655E-023   9.0441786672784713E-024   4.5751580201140047E-034   7.3336069776708043E-005   7.1073061518530586E-002   8.7103878868996107E-002   0.0000000000000000        0.0000000000000000        1.0550302936980046E-006   2.9140328967474356        9.8570386739679217E-003   4.1141517297506773E-003
   1.5848931924611134        7.0641274576187119        1.5350052617950116E-002  0.85829078646942858        1.7522138402131684E-009   1.7582978731953371E-010   8.5440284972486513E-002   9.6375097738299169E-004   3.3629090356650647E-012   2.8812932601451721E-007   3.4287594408384936E-028   1.6314091724659124E-002  0.96004487854167575        3.4398456511760322        2.0898529200936228E-002   9.1167157882434352E-010   4.1059776859038587E-007   8.7964726658519518E-023   3.9735322124726027E-023   2.8791219635274265E-033   1.6024125280210023E-004   9.1835306154060534E-002  0.11321397770113488        0.0000000000000000        0.0000000000000000        1.5248847305507227E-006   3.6530017754832733        1.8637194008279376E-002   5.8121217767384816E-003
   2.0892961308540392        6.9420583658218380        1.7518312431075378E-002   1.1341646091375335        3.4027196102956299E-009   2.6248926901912307E-010  0.11280091102983644        1.1017916254639666E-003   5.1148869418070120E-012   3.7982779430178526E-007   1.1551760638851066E-027   1.8620483884333645E-002   1.2655856310293485        4.3093712723044515        3.4618704658989995E-002   1.5761789165531071E-009   5.8286825634963223E-007   3.8223517762655531E-022   1.7388490643725941E-022   1.7995582804125749E-032   3.4891666093122550E-004  0.11864046837457473       0.14711545679276597        0.0000000000000000        0.0000000000000000        2.1987108826100099E-006   4.5827941160901604        3.4828979944862136E-002   8.2020634438166561E-003
   2.7542287033381663        6.8229456348419184        1.9990958135623925E-002   1.4982228104844149        6.5845473317343131E-009   3.9151913516852655E-010  0.14889343500460503        1.2595703084393108E-003   7.7782941751161118E-012   5.0070959297043431E-007   3.8771878378677560E-027   2.1251029153656207E-002   1.6683667871021777        5.4046662030373174        5.7563251542969408E-002   2.7242710477884827E-009   8.2906743495066283E-007   1.6549068546890692E-021   7.5776920269233998E-022   1.1166623172510221E-031   7.5697051478328353E-004  0.15325048991706577       0.19113404252424546        0.0000000000000000        0.0000000000000000        3.1621864842659892E-006   5.7545007111211381        6.4212005301948205E-002   1.1562970625208053E-002
   3.6307805477010131        6.7070753641128533        2.2811446608626121E-002   1.9785840768797058        1.2692751396101888E-008   5.8344749672897663E-010  0.19650027614305773        1.4399349239691394E-003   1.1826705868820971E-011   6.6006238218322906E-007   1.2959784479540443E-026   2.4252041594977444E-002   2.1993357599408614        6.7905572645081129        9.6056863757750535E-002   4.7076291717780856E-009   1.1821393445185242E-006   7.1370880446291220E-021   3.2877536356793279E-021   6.8756876458791764E-031   1.6359198564870206E-003  0.19795445641184076       0.24830191220142372        0.0000000000000000        0.0000000000000000        4.5355504135347699E-006   7.2334309009594531       0.11658160662728123        1.6288386255871312E-002
   4.7863009232263831        6.5943760287761695        2.6029058567196891E-002   2.6123240616462473        2.4363803554014035E-008   8.6855907791497027E-010  0.25928988842625611        1.6461286949889782E-003   1.7979661795551882E-011   8.7012950209507163E-007   4.3122482004313451E-026   2.7676057391687967E-002   2.8992891860622962        8.5458367952997332       0.16082522649969611        8.1335233209051425E-009   1.6904324150176883E-006   3.0646946301443305E-020   1.4196460837093270E-020   4.1975640795181886E-030   3.5205786715242931E-003  0.25570583113553125       0.32255335209455682        0.0000000000000000        0.0000000000000000        6.4867648338943890E-006   9.1030932556400206       0.20810700470432320        2.2927909207348916E-002
   6.3095734448019316        6.4849668369293223        2.9700457830500831E-002   3.4483262927486411        4.6546330852814534E-008   1.2914266054678658E-009  0.34209878598109572        1.8818769540637902E-003   2.7330080479838072E-011   1.1470506540550340E-006   1.4276027108709850E-025   3.1583481835218676E-002   3.8220075066069628        10.776422165231333       0.27008701320511597        1.4050776795745284E-008   2.4255279969435331E-006   1.3096692934292583E-019   6.0979157347523469E-020   2.5384595116207419E-029   7.5414995455605266E-003  0.33033880232349522       0.41901509459070413        0.0000000000000000        0.0000000000000000        9.2495934320463592E-006   11.470488937644935       0.36482308083121789        3.2255252596215908E-002
   8.3176377110267090        6.3787285804748537        3.3890048587752096E-002   4.5510420985309041        8.8456316357150717E-008   1.9172870122894389E-009  0.45130339896261018        2.1514279270554563E-003   4.1538212740626412E-011   1.5121017978239748E-006   4.6993642125267824E-025   3.6042988616605376E-002   5.0383871509209541        13.613162807932381       0.45482512120194474        2.4270520956556566E-008   3.4940452539526601E-006   5.5663737441939716E-019   2.6040282506210499E-019   1.5188570730414069E-028   1.6071359912571040E-002  0.42680747903621546       0.54434580755906437        0.0000000000000000        0.0000000000000000        1.3147925570867640E-005   14.472804997915899       0.62770431570165519        4.5351585681725294E-002
   10.964781961431852        6.2755420513153073        3.8671406433588643E-002   6.0054461903901704        1.6710391473861352E-007   2.8410662622962934E-009  0.59531023987388410        2.4596414117565839E-003   6.3125879702177659E-011   1.9933301467677980E-006   1.5370429439471262E-024   4.1133041175491998E-002   6.6418878123172291        17.222601781169978       0.76776875020599011        4.1920374429772647E-008   5.0561532882780817E-006   2.3512744848136835E-018   1.1047647706889230E-018   8.9791313621066962E-028   3.4049935327352003E-002  0.55152572144067535       0.70720574669388792        0.0000000000000000        0.0000000000000000        1.8628778752357744E-005   18.286193214615231        1.0600843959342949        6.3730166838525878E-002
   14.454397707459281        6.1751092292070382        4.4128063162460700E-002   7.9235705011510511        3.1357133158741320E-007   4.1996790372319468E-009  0.78520211946618845        2.8120546233674024E-003   9.5923969253698039E-011   2.6277082929128477E-006   4.9911203641760885E-024   4.6942745494121016E-002   8.7557133655457307        21.804524012277298        1.2986737219915829        7.2400498639098210E-008   7.3542771253097176E-006   9.8624576282233278E-018   4.6526283640531259E-018   5.2361649067449522E-027   7.1665876728788380E-002  0.71277223028144121       0.91883444847769036        0.0000000000000000        0.0000000000000000        2.6306524578135367E-005   23.137038049269727        1.7585783718883938        8.9495574875209927E-002
   19.054607179632484        6.0770724898576738        5.0354988576953363E-002   10.453116993965041        5.8401404483608140E-007   6.1884791802871539E-009   1.0355900132343547        3.2149817031008510E-003   1.4575212913765407E-010   3.4639750128549296E-006   1.6076420993172727E-023   5.3573434255067075E-002   11.542278145507542        27.595806096009021        2.2002591782723711        1.2503387457604223E-007   1.0758508320322460E-005   4.1039832780439783E-017   1.9432659994652720E-017   3.0064972991511167E-026  0.14971429252462351       0.92123174281637088        1.1938174650467854        0.0000000000000000        0.0000000000000000        3.7022342524815435E-005   29.316643209783219        2.8694362746418283       0.12556668134721050     
   25.118864315095820        5.9275020899772644        5.7250807025170783E-002   13.789021257129596        1.0976086582645302E-006   9.0595434165429916E-009   1.3657450899936519        3.6665944091168693E-003   2.2189455324586375E-010   4.5663788649681837E-006   5.2224205487456474E-023   6.0921967813152622E-002   15.215685943774851        29.259867956695977        3.7300535838680848        2.1506766573660474E-007   1.5664705183244749E-005   1.7031829002709768E-016   8.1036431041448912E-017   1.7136784236608440E-025   5.8687726382139838        1.1770888853833934        1.5378780430269416        0.0000000000000000        0.0000000000000000        5.1801862962413646E-005   37.165765223147453        4.5762057970568382       0.16838017949010547     
   33.113112148259148        5.7825092810392391        6.5093997955940036E-002   18.187846269172081        2.0398631043965907E-006   1.3122834747774840E-008   1.8010545290524318        4.1816515302735974E-003   3.3779729477965486E-010   6.0196144586698570E-006   1.6763448423801350E-022   6.9281669100672308E-002   20.058180527436939        30.795361459736188        6.3272437863779389        3.6991501987510600E-007   2.2965191088429159E-005   6.9854534584409974E-016   3.3377714799531511E-016   9.5427116450440211E-025   13.560456796549357        1.5042588117922060        1.9812708600398323        0.0000000000000000        0.0000000000000000        7.2234036921036351E-005   47.188485393802260        7.2050082596342584       0.22513217837559951     
   43.651583224016655        5.5709745121002197        7.3638816488984640E-002   23.988420380913944        3.8411858794445321E-006   1.8669252014489985E-008   2.3750123179729861        4.7524417098382529E-003   5.1568016488341037E-010   7.9353270289109495E-006   5.4486462378195519E-022   7.8399193525851799E-002   26.441831639457508        24.743592988335156        10.724014275559638        6.3270039438057237E-007   3.3385404002613007E-005   2.8559577353128764E-015   1.3714310252872817E-015   5.2599707689180905E-024   30.867917818690728        1.8920080423577292        2.5223188223410777        0.0000000000000000        0.0000000000000000        1.0005891801607749E-004   59.933863904858242        11.096349811117340       0.28073085052365127     
   57.543993733715780        4.9952709262371062        8.0951540279160225E-002   31.639014560975035        7.8516762203012950E-006   2.4642191823362722E-008   3.1318474466418564        5.2934837791870437E-003   8.0024209521224032E-010   1.0460678008348980E-005   1.9231349131995884E-021   8.6255484736355623E-002   34.857122735027673        3.8546382697820736        18.074576664443843        1.0481469437265606E-006   4.4644588931451419E-005   1.1589586801019864E-014   5.5961455411759053E-015   2.7710547959823568E-023   64.297444296317892        2.1732601664393467        3.0005720307060124        0.0000000000000000        0.0000000000000000        1.3571162615481379E-004   75.758190327529491        15.870583308886498       0.22849225053081462     
   75.857757502918517        3.8604098384380348        8.4014257439197715E-002   41.731036699544838        1.4400959379078802E-005   2.7873944311051162E-008   4.1299106118415887        5.6465596745896669E-003   1.2867409163160351E-009   1.3789627575972660E-005   6.1041940381292437E-021   8.9674606741363364E-002   45.950636930418973        7.0056814484329225E-003   30.083685012734136        1.6220375663835604E-006   4.9739140612168569E-005   3.5113416295661771E-014   1.6156577922754111E-014   7.2865451550362216E-023   79.049274444604563        2.0761385668071215        3.1067408523464191        0.0000000000000000        0.0000000000000000        1.7780033763051663E-004   94.826900198443127        19.550531893324489        5.4767381944613232E-002
   100.00000000000020        3.1306834302544591        8.9021653666710651E-002   55.033943785162322        2.2612064863973699E-005   3.2404346994333771E-008   5.4456298074093716        6.0963019614143060E-003   2.0491588925335237E-009   1.8177916747148008E-005   1.6568279932094468E-020   9.5136133544872103E-002   60.574736772329551        1.0461516695555377E-005   50.060683324278124        2.5577377093332028E-006   5.9209193937377898E-005   9.6610653055279163E-014   3.8729285588674228E-014   1.5296203833595942E-022   88.992540539175991        2.1143165747537882        3.3698348762614585        0.0000000000000000        0.0000000000000000        2.3611473622895521E-004   119.60986253636882        24.938690763755222        1.1366165501984092E-002
   131.82567385564101        2.5487393004894261        9.4602575132253869E-002   72.571609270815060        3.4205690715789552E-005   3.7085257437793495E-008   7.1801940270192084        6.5806536175391037E-003   3.2644241770150900E-009   2.3962598263269290E-005   4.3307730197119156E-020  0.10120719134805625        79.853054937965496        3.5405652383734356E-009   82.945738127332518        4.0275877684243507E-006   7.1248342473135035E-005   2.5717814911933095E-013   7.7190964364429757E-014   2.8310929198905900E-022   94.392204702117127        2.1696934421163361        3.6713190303963112        0.0000000000000000        0.0000000000000000        3.1434434547468839E-004   151.40117577466702        31.779239034881130        1.4267610074696555E-003
   173.78008287493799        2.0411869839429846       0.10005766563654668        95.692656595035189        4.9676957386099269E-005   4.0840255784856665E-008   9.4669549058990476        7.0592450455808720E-003   5.2283457548681291E-009   3.1587931756315997E-005   1.0868919915177376E-019  0.10714849861388387        105.26682776553113        6.5565084746361655E-014   136.42414253165805        6.2649774647943650E-006   8.4519409268391213E-005   6.4378798530639434E-013   1.0296308182746038E-013   4.1792397711756756E-022   89.202404705903987        2.1887610201721435        3.9416650690094541        0.0000000000000000        0.0000000000000000        4.1817992879113072E-004   192.02966452867705        39.727814677358083        6.9841943307773810E-005
   229.08676527677795        1.5441130591630936       0.10381675635159590        126.17557284422928        6.6226479824431882E-005   4.1292024985193866E-008   12.481754249693481        7.4287460081068632E-003   8.5105039468520475E-009   4.1639385839204613E-005   2.5071525726978538E-019  0.11128714174554197        138.76870504924213        1.0096658580821586E-021   221.39212117369178        9.3954678664041349E-006   9.3988411068911693E-005   1.3786673607832354E-012   3.7534811996782555E-014   3.5527142530731542E-022   62.823261381638247        2.0693658188810793        4.0164764563503530        0.0000000000000000        0.0000000000000000        5.5376250517822051E-004   243.52442080197108        46.777233508023983        3.5562927938433934E-007
   301.99517204020253       0.61535085105895992        8.6432821673933596E-002   166.38231617732785        4.0943891761324260E-005   1.9358995761732895E-008   16.457620751509101        6.3288912490410167E-003   1.6551886943857993E-008   5.4886068331163376E-005   2.7281111699911945E-019   9.2816598991305774E-002   182.93278052954344        1.5009080905197702E-071   323.63695384941525        9.0456475059731935E-006   4.8314610080336102E-005   6.2297222642673802E-013   3.3560928042818713E-039   5.7209363194130876E-025   2.3341163969226773       0.93565732971639726        2.2627264140868406        0.0000000000000000        0.0000000000000000        7.0500142022229665E-004   300.64554078892621        28.525675843076705        6.5531076241131670E-023
   398.10717055349858       0.20283122980594631        6.8653538050275895E-002   219.37996832850220        1.8104862233892935E-005   6.4919316440133077E-009   21.698728318783701        4.9842407102279945E-003   3.4495067921900473E-008   7.2341254051166176E-005   2.1293768503004146E-019   7.3710120014555056E-002   241.15237063577089        5.0599789520507917E-241   385.70206330663149        4.7474924243964270E-006   2.1451356936671255E-005   1.5851593695569685E-013   0.0000000000000000        6.9823406631356277E-032   4.8317066893465724E-002  0.35383352147451991        1.0551474323834280        0.0000000000000000        0.0000000000000000        9.3673195817527285E-004   373.09267370677588        14.066667125784123        9.7247362205373268E-078
   524.80746024977441       0.12852956771105528        6.8055172852239137E-002   289.22158274663724        1.7178342034087295E-005   4.6720316323731076E-009   28.606184439209187        4.8808938406526151E-003   5.9832576861367062E-008   9.5349986173873111E-005   3.5148192740370431E-019   7.3031416679065625E-002   317.90073760922337        0.0000000000000000        489.97214162431368        3.5895164376173976E-006   2.0489366268631638E-005   1.9337629688612810E-013   0.0000000000000000        1.6074933110127433E-036   1.0680716606088381E-002  0.28223570753231580       0.90099613042259885        0.0000000000000000        0.0000000000000000        1.2720808537973070E-003   477.76069982110062        13.404241734251901        3.1297335182764678E-125
   691.83097091893910        9.5188180427998315E-002   7.1016825834186850E-002   381.28700415214945        1.9449755601920279E-005   4.0123290461934576E-009   37.711688616530743        5.0410518281161438E-003   9.9240934335190783E-008   1.2567539762815336E-004   6.9015172864729141E-019   7.6183553059931158E-002   419.07478954585372        0.0000000000000000        630.25370773389852        2.9719537167609205E-006   2.3260507583839371E-005   3.4080271057035855E-013   0.0000000000000000        1.4582445659985900E-040   3.8908415839536185E-003  0.26812425975505350       0.89002952335979013        0.0000000000000000        0.0000000000000000        1.7251216771006776E-003   616.49422263584006        14.922216859450883        1.0855230842606014E-170
   912.01083935591339        7.6160705447196941E-002   7.5990816652222848E-002   502.65179362693254        2.3895089218041501E-005   3.7389797006540713E-009   49.714985789841755        5.3472518202398985E-003   1.6098618152729191E-007   1.6564227742219700E-004   1.4678880163852103E-018   8.1503710749884953E-002   552.44816527542514        0.0000000000000000        815.42262749237534        2.5967110887413195E-006   2.8726933992942407E-005   7.1582405050917408E-013   0.0000000000000000        2.9939948245753204E-044   1.8775326149637317E-003  0.27755064000731516       0.94556741478911166        0.0000000000000000        0.0000000000000000        2.3335355015043583E-003   798.70341900416736        17.943588217242436        1.7081455291419567E-214
   1202.2644346174179        6.3901828987523918E-002   8.2564019551131768E-002   662.64172699337860        3.0745797888873317E-005   3.6491608656135892E-009   65.538397525651504        5.7665494038762373E-003   2.5761978756876719E-007   2.1831365040446987E-004   3.2654200422540304E-018   8.8548882605412466E-002   728.26851657958093        0.0000000000000000        1058.7469977109070        2.3688436757362392E-006   3.7377847053181385E-005   1.6665177705135601E-012   0.0000000000000000        1.1737433179406356E-047   1.0882508897659111E-003  0.30276688158000048        1.0508589643067627        0.0000000000000000        0.0000000000000000        3.1485650605495952E-003   1037.4663986352070        22.634721719641934        1.5359533025277147E-256
   1584.8931924611206        5.5409555882215501E-002   9.0650094657524410E-002   873.55011188987282        4.0754514516418176E-005   3.6689717625990267E-009   86.397745316971850        6.2906477867916396E-003   4.0842977571461368E-007   2.8772461681087402E-004   7.4740815878975598E-018   9.7228467061126922E-002   960.04487945831818        0.0000000000000000        1378.1619064925744        2.2505002737893372E-006   5.0475952837700248E-005   4.1527438993200880E-012   0.0000000000000000        8.3820222312023252E-051   7.2450694968852745E-004  0.34240248315195870        1.2051071319055093        0.0000000000000000        0.0000000000000000        4.2384500336529948E-003   1350.1690662532246        29.537203454527120        0.0000000000000000     
   2089.2961308540494        4.9243517041206358E-002  0.10030471538756464        1151.5825139450706        5.5178011723297442E-005   3.7678460360343002E-009   113.89578071118132        6.9219400458384777E-003   6.4306242573583520E-007   3.7919026967089803E-004   1.7451300037513367E-017  0.10760584570307401        1265.5856316677089        0.0000000000000000        1797.4951736958221        2.2285752923232755E-006   7.0186727599791407E-005   1.0865671901028090E-011   0.0000000000000000        1.0960859532642783E-053   5.4086800665059415E-004  0.39776593491424128        1.4150474879244084        0.0000000000000000        0.0000000000000000        5.6937404479927897E-003   1759.7321247351190        39.576328007316391        0.0000000000000000     
   2754.2287033381804        4.4625693365931501E-002  0.11166755412601698        1518.1019623986499        7.5949269218122880E-005   3.9337333645392056E-009   150.14533626106186        7.6690568311179163E-003   1.0070011872781508E-006   4.9971086458455228E-004   4.1369129369639786E-017  0.11983632182171945        1668.3667871692073        0.0000000000000000        2348.3631717460858        2.3059576672025348E-006   1.0004548490452092E-004   2.9512495315695112E-011   0.0000000000000000        2.7050127651231150E-056   4.4648738142897252E-004  0.47196714956559449        1.6931458514302347        0.0000000000000000        0.0000000000000000        7.6344504941013988E-003   2296.3083498418323        54.217065226795192        0.0000000000000000     
   3630.7805477010324        4.1096621458884326E-002  0.12494038903853498        2001.2703961209199        1.0599048060185532E-004   4.1638688200818025E-009   197.93166594157742        8.5451442474974298E-003   1.5698872785111143E-006   6.5850482741527645E-004   9.9279998941412078E-017  0.13414403811344769        2199.3357595767447        0.0000000000000000        3072.6683343027680        2.5003827156555526E-006   1.4581147442354123E-004   8.2596106464805225E-011   0.0000000000000000        1.3079742294058025E-058   4.0402306191281054E-004  0.56982775109447759        2.0577766022861601        0.0000000000000000        0.0000000000000000        1.0219549224953066E-002   2999.5391725476852        75.756710290312611        0.0000000000000000     
   4786.3009232264094        3.8366709461435666E-002  0.14038006718050405        2638.2124888092953        1.4971248481727441E-004   4.4609836305798903E-009   260.92644982034807        9.5672757417152397E-003   2.4381334872888285E-006   8.6770980750404392E-004   2.4075132477396293E-016  0.15081505272972331        2899.2891853975352        0.0000000000000000        4026.1199192379454        2.8485832753882089E-006   2.1695415547863794E-004   2.3694324097242853E-010   0.0000000000000000        1.2824239760592782E-060   3.9837136064664337E-004  0.69815689073286302        2.5344464117944954        0.0000000000000000        0.0000000000000000        1.3659510924858767E-002   3921.5340110002608        107.82590294263906        0.0000000000000000     
   6309.5734448019684        3.6242570174857977E-002  0.15829698957950947        3477.8681183501230        2.1378453604182571E-004   4.8315211380114301E-009   343.96990654024296        1.0756281543197736E-002   3.7740551261093008E-006   1.1433043320993740E-003   5.8909282410828658E-016  0.17019657545480660        3822.0075057305608        0.0000000000000000        5283.0058478127694        3.4156743730848649E-006   3.2921756354561661E-004   6.9388825330700846E-010   0.0000000000000000        2.6073311964490487E-062   4.2592802239481143E-004  0.86626224969563637        3.1577762706708445        0.0000000000000000        0.0000000000000000        1.8232900592475985E-002   5130.7932874883545        156.23704065299555        0.0000000000000000     
   8317.6377110267604        3.4589023479260503E-002  0.17905675872473303        4584.7526491632934        3.0831557107776166E-004   5.2848120136765433E-009   453.44268992129929        1.2136816221523936E-002   5.8248814531640816E-006   1.5063189326563432E-003   1.4526927831152169E-015  0.19269989387891331        5038.3871492906819        0.0000000000000000        6942.7350462139675        4.3127711740728773E-006   5.0906399519007935E-004   2.0671723824532124E-009   0.0000000000000000        1.1045044386422198E-063   4.9143018274947696E-004   1.0866980012343399        3.9743081276906689        0.0000000000000000        0.0000000000000000        2.4308281267073083E-002   6717.3721450760549        230.43991536927143        0.0000000000000000     
   10964.781961431918        3.3308188350871196E-002  0.20308524827206409        6043.9139474403619        4.4867744469232081E-004   5.8329093435228706E-009   597.75614333756710        1.3737687165531766E-002   8.9666854681112852E-006   1.9844270954849498E-003   3.6060878313647923E-015  0.21880736253308078        6641.8878110682554        0.0000000000000000        9139.3024831343519        5.7295451947371459E-006   8.0144757725362429E-004   6.2449431026335130E-009   0.0000000000000000        9.6222890161108237E-065   6.0878197019542332E-004   1.3763238875194079        5.0464257607294529        0.0000000000000000        0.0000000000000000        3.2373140241494763E-002   8799.6791755033555        346.07021217784620        0.0000000000000000     
   14454.397707459368        3.2327329223975527E-002  0.23087567880988194        7967.4669975973666        6.5831889246741645E-004   6.4907285067724423E-009   787.99858143500956        1.5592331281060889E-002   1.3770877090964352E-005   2.6140338975349478E-003   9.0007575736622177E-015  0.24908204398847777        8755.7133636802519        0.0000000000000000        12054.714077276742        7.9933716541482878E-006   1.2834911834121840E-003   1.9074604495556887E-008   0.0000000000000000        1.6751814092312955E-065   8.0537595529222607E-004   1.7577513962305846        6.4576822005965209        0.0000000000000000        0.0000000000000000        4.3072079474964352E-002   11533.426260236893        529.48772602846680        0.0000000000000000     
   19054.607179632600        3.1592010838445268E-002  0.26299945439706812        10503.208202141728        9.7314763406640425E-004   7.2766244453434172E-009   1038.7872550633163        1.7739578406699225E-002   2.1104587107820314E-005   3.4430167682112495E-003   2.2564580412368445E-014  0.28418204957197857        11542.278142533116        0.0000000000000000        15938.861603864791        1.1680097412024893E-005   2.0888067549958891E-003   5.8743582456522435E-008   0.0000000000000000        5.6091013269197032E-066   1.1317473422944482E-003   2.2613627673011067        8.3202042298243750        0.0000000000000000        0.0000000000000000        5.7257229848705328E-002   15123.414824993853        826.02347305713681        0.0000000000000000     
   25118.864315095976        3.1063024905975900E-002  0.30012325426304171        13845.971235293922        1.4484509656402093E-003   8.2136419629977412E-009   1369.3914593656255        2.0224897936209706E-002   3.2281441876199867E-005   4.5343198728106417E-003   5.6761340778740635E-014  0.32488247207206206        15215.685939713680        0.0000000000000000        21140.681630636369        1.7829498715991567E-005   3.4513979858822510E-003   1.8196648522410108E-007   0.0000000000000000        3.4784201278508937E-066   1.6815771060938376E-003   2.9282192864953038        10.785305589770982        0.0000000000000000        0.0000000000000000        7.6054803177968255E-002   19839.063645599712        1315.2804553446929        0.0000000000000000     
   33113.112148259344        3.0714131675427778E-002  0.34303195153961341        18252.596969895778        2.1699388472050628E-003   9.3313719680318868E-009   1805.2130785443976        2.3102092915851011E-002   4.9286855719560439E-005   5.9706661053880701E-003   1.4315219642996343E-013  0.37210471056085248        20058.180522362327        0.0000000000000000        28156.993374241254        2.8376943244223252E-005   5.7860662114874147E-003   5.6583939730695894E-007   0.0000000000000000        3.8841801489252944E-066   2.6333425920634637E-003   3.8142574284486108        14.058734877421287        0.0000000000000000        0.0000000000000000       0.10095296463710050        26034.864803065801        2140.0160688513474        0.0000000000000000     
   43651.583224016918        3.0532548872288318E-002  0.39266544286939808        24061.667667858350        3.2718364785254269E-003   1.0669393687214224E-008   2379.7383237369800        2.6436081246758669E-002   7.5110560314488306E-005   7.8607329997358588E-003   3.6176119760852371E-013  0.42696225711589264        26441.831636792402        0.0000000000000000        37715.812241164509        4.7072376836377105E-005   9.8394774533091534E-003   1.7640462028429679E-006   0.0000000000000000        7.7651692755713291E-066   4.3428801571263227E-003   4.9967208629652609        18.423895183764341        0.0000000000000000        0.0000000000000000       0.13391788807405000        34177.351560850031        3561.8452787270521        0.0000000000000000     
   57543.993733716139        3.0520488365553315E-002  0.45017232556883308        31719.521697479631        4.9672344082354256E-003   1.2282768342209987E-008   3137.1106235427906        3.0306994613731427E-002   1.1423018148121564E-004   1.0347249059335116E-002   9.1588084769797556E-013  0.49082656924189960        34857.122734811426        0.0000000000000000        50920.500397623677        8.1547689374376266E-005   1.6981779927592436E-002   5.5117777066140190E-006   0.0000000000000000        2.8582249505354480E-065   7.5623758570381779E-003   6.5842104126524390        24.277879343571307        0.0000000000000000        0.0000000000000000       0.17754712044544929        44880.655073417285        6070.8093338704557        0.0000000000000000     
   75857.757502918976        3.0699300511740142E-002  0.51699997115979257        41814.547557950325        7.6012249681676617E-003   1.4252204365618464E-008   4135.5223543975198        3.4817143252777731E-002   1.7329390247530736E-004   1.3617621610453733E-002   2.3237580495178008E-012  0.56543473602302408        45950.636931912195        0.0000000000000000        69519.007352893284        1.4836258237182278E-004   2.9792930407403974E-002   1.7277762477666513E-005   0.0000000000000000        2.0957115550916038E-064   1.4010740086368625E-002   8.7335428778008577        32.191394725565807        0.0000000000000000        0.0000000000000000       0.23527245118417459        58953.434052739925        10606.697677013606        0.0000000000000000     
   100000.00000000081        3.1118112085387107E-002  0.59504410969714250        55122.392126274237        1.1748512355082336E-002   1.6702571027479661E-008   5451.6860059737146        4.0102677412811427E-002   2.6203997146876284E-004   1.7917927331876086E-002   5.9148374690529515E-012  0.65306471444183001        60574.736776059770        0.0000000000000000        96426.243681484862        2.8647688225647699E-004   5.3299078591409900E-002   5.4503024290609119E-005   0.0000000000000000        3.5547020020777684E-063   2.8031567693418767E-002   11.679460455780067        43.013342524197789        0.0000000000000000        0.0000000000000000       0.31162873929882384        77460.866099000617        19020.460349491623        0.0000000000000000     
