  0.10000000000000001        8.9673562583923356        4.1421121630885634E-003   5.0980867891160880E-002   1.5341974207496051E-008   2.7719451498140784E-012   5.1969026609803544E-003   2.5482345485423321E-004   2.3227961797468139E-011   8.5445439020547932E-006   3.3429873117262397E-024   4.4054801618448516E-003   6.0574736854032446E-002  0.86189331655470525        7.8894013299361923E-002   8.9318974095269066E-002  0.55044383849067979        7.2936045182203154E-020   2.8650921496684136E-020   4.4841663536306612E-028   3.2622290331628802E-004   7.4935624387532269E-003   8.5161569249045822E-003   0.0000000000000000        0.0000000000000000        1.4290195622502371       0.38211927013107994        1.1186750311725493E-003  0.21131119169779303     
  0.13182567385564070        8.8624531326293958        4.7554697103707622E-003   6.7910757457348397E-002   2.6613367475090149E-008   4.2078638163262394E-012   6.8946834726871520E-003   2.9209121247908079E-004   3.5418960270358742E-011   1.1263897819781933E-005   1.0072926160031883E-023   5.0588248206696251E-003   7.9853055079620344E-002   1.1852086446382679       0.12560142835172025       0.15606313592612867       0.78080846647488311        2.8547573072570256E-019   1.1383242999196429E-019   2.2775787714196674E-027   6.4265860274601982E-004   9.8240557077327074E-003   1.1210295246118961E-002   0.0000000000000000        0.0000000000000000        2.1016387772135472       0.48181725499149813        1.9405396780850150E-003  0.30947791871970731     
  0.17378008287493754        8.7556426773071294        5.4548408945964393E-003   9.0337880886939809E-002   4.6027435401940164E-008   6.3720453436230201E-012   9.1393026304537103E-003   3.3471151421616164E-004   5.3976938799228849E-011   1.4848702000232346E-005   3.0258445157970149E-023   5.8044011108128336E-003  0.10526682798107692        1.6237305867929301       0.20066626571003682       0.27226331744929311        1.1066153088192479        1.1134506287758025E-018   4.5009322024590003E-019   1.1487091996818895E-026   1.2602106986756554E-003   1.2855477200275221E-002   1.4731133912893832E-002   0.0000000000000000        0.0000000000000000        3.0864446123241569       0.60648186363143097        3.3561353993086600E-003  0.45224459799025346     
  0.22908676527677729        8.6457804946899408        6.2517287339816513E-003  0.12002763490602818        7.9355174535539275E-008   9.6269056175854887E-012   1.2105749073414065E-002   3.8343390939468480E-004   8.2220756371084866E-011   1.9574390525053809E-005   9.0603884508345066E-023   6.6547370339013895E-003  0.13876870533316762        2.2125031879185397       0.32180338411070980       0.47431121501272766        1.5668365421878181        4.3262192889904413E-018   1.7709631222803960E-018   5.7493174203583499E-026   2.4592123063665724E-003   1.6791034702729812E-002   1.9324990221662893E-002   0.0000000000000000        0.0000000000000000        4.5258747076049968       0.76227148650331933        5.7862600436307220E-003  0.65912366801218780     
  0.30199517204020160        8.5309592552185052        7.1587284558559212E-003  0.15930983004874083        1.3636334999110852E-007   1.4510244467452269E-011   1.6024853097825694E-002   4.3909652084559716E-004   1.2520220575507374E-010   2.5804055521967902E-005   2.7037982623064602E-022   7.6236290322234867E-003  0.18293278084996800        2.9889199402044091       0.51811927165760718       0.82517904219665250        2.2157937464813684        1.6736666135402131E-017   6.9323178757151633E-018   2.8527775960376547E-025   4.7735017142246459E-003   2.1887139245826210E-002   2.5306519051622671E-002   0.0000000000000000        0.0000000000000000        6.6257185159240306       0.95689369797926893        9.9430668269252405E-003  0.95734000353217863     
  0.39810717055349720        8.4086040639877293        8.1894761452490968E-003  0.21125871527068815        2.3351196403549503E-007   2.1816001163502081E-011   2.1201082939179432E-002   5.0262960152220768E-004   1.9061674579982873E-010   3.4016344541198097E-005   8.0398742914512063E-022   8.7261220913125038E-003  0.24115237098056694        3.9841178395577028       0.83763601024264622        1.4336460120796517        3.1287363161996176        6.4430408528163581E-017   2.6987005479425049E-017   1.4016542372175628E-024   9.2106824879358683E-003   2.8463746524937689E-002   3.3074558225379358E-002   0.0000000000000000        0.0000000000000000        9.6821767907638101        1.2000072237052579        1.7026752888095544E-002   1.3840952413914813     
  0.52480746024977254        8.2757585601806625        9.3586366106974996E-003  0.27993023916311049        3.9844783586710705E-007   3.2709719451057170E-011   2.8036006192773903E-002   5.7505912508514932E-004   2.9019791737332387E-010   4.4842236556334954E-005   2.3819255023386751E-021   9.9785379723389845E-003  0.31790073798733881        5.2081735623895931        1.3598979612445226        2.4872636439981788        4.4092251948352335        2.4666775793199717E-016   1.0444324196362724E-016   6.8108845402106613E-024   1.7654748484745009E-002   3.6915870536366156E-002   4.3131001092622412E-002   0.0000000000000000        0.0000000000000000        14.119836391125785        1.5037347281053730        2.9053213046824605E-002   1.9889551606916891     
  0.69183097091893642        8.1277974696159347        1.0680984410346662E-002  0.37067572079405420        6.7752811904960576E-007   4.8882112462307097E-011   3.7059250974558769E-002   6.5747869947913940E-004   4.4187266652413754E-010   5.9113521303230389E-005   7.0315002092326365E-021   1.1397576631129032E-002  0.41907478993467684        6.6103243758652424        2.2171511184784118        4.3083855077394748        6.1974383723515540        9.3847824880839418E-016   4.0167265273445858E-016   3.2682793440008820E-023   3.3585531346864601E-002   4.7713456121426537E-002   5.6091980259239456E-002   0.0000000000000000        0.0000000000000000        20.543577143372005        1.8832613413737269        4.9402624424161261E-002   2.8339659942522890     
  0.91201083935590965        7.9579497723579395        1.2170219416349364E-002  0.49055531611638742        1.1486561712764011E-006   7.2745680314442792E-011   4.8969328669996759E-002   7.5100440262007334E-004   6.7310922386888110E-010   7.7926707327925478E-005   2.0692658877301012E-020   1.2999150526297364E-002  0.55244816591769619        8.0191338306527378        3.6299956925796915        7.4486906424291996        8.6788336716558270        3.5457751221509569E-015   1.5345114997487879E-015   1.5463848738923673E-022   6.3342288657024723E-002   6.1387560139132179E-002   7.2689705452335315E-002   0.0000000000000000        0.0000000000000000        29.808671453609367        2.3575659221898984        8.3755386420955827E-002   3.9887010298993997     
   1.2022644346174127        7.7540562424659738        1.3834892889184099E-002  0.64888557228741306        1.9440484548913520E-006   1.0761941677855479E-010   6.4687549960007126E-002   8.5661418565470223E-004   1.0262455508162549E-009   1.0272726829352847E-004   6.0782074895041398E-020   1.4794234343132330E-002  0.72826851741916876        9.0293687551415580        5.9674451052333417        12.844708399092715        12.085444997145313        1.3291085501859807E-014   5.8210212340556134E-015   7.1991823840304274E-022  0.11823903024583189        7.8449418822015421E-002   9.3717255343254161E-002   0.0000000000000000        0.0000000000000000        43.108860167214871        2.9501292904633547       0.14175219150179177        5.5062108676922934     
   1.5848931924611134        7.4915123286247258        1.5667745845937390E-002  0.85796651123329903        3.2937979791152974E-006   1.5768011818984862E-010   8.5429332419451068E-002   9.7470364680434364E-004   1.5673638146546200E-009   1.3542069952892101E-004   1.7870731213462126E-019   1.6777870192270655E-002  0.96004488074145011        8.8638530867319041        9.8478762101391677        22.059490377522934        16.666514564226361        4.9340619158108409E-014   2.1908929134481935E-014   3.2843635333154550E-021  0.21772013107247479        9.9122459043483796E-002  0.11980434782042096        0.0000000000000000        0.0000000000000000        62.069105652595510        3.6892534273323947       0.24017049612575647        7.3425533539087908     
   2.0892961308540392        7.1076860964298234        1.7607025360699035E-002   1.1340646648051276        5.6204009123283959E-006   2.2653013750184739E-010  0.11279926463525240        1.1034381705918319E-003   2.4032687334646138E-009   1.7851891265834971E-004   5.2909573938871514E-019   1.8888982443949216E-002   1.2655856337734956        6.3886708376351153        16.306557598902330        37.576219841326107        22.517142636713828        1.8030860109206051E-013   8.1506483726584420E-014   1.4481369377150931E-020  0.39138500838577400       0.12231976727364015       0.15048440022366424        0.0000000000000000        0.0000000000000000        88.747902535730205        4.6058580343329130       0.40981702098867995        9.0687427331090351     
   2.7542287033381663        6.3860717992782607        1.9346978044934661E-002   1.4988473204635704        9.7431321276212251E-006   3.0733289280683466E-010  0.14892263843963768        1.2303670903912726E-003   3.7303304341308134E-009   2.3533319748428978E-004   1.5914665816470237E-018   2.0812678332810225E-002   1.6683667903027892        1.6790503512980968        27.054175188551156        62.497295164768268        28.617437024461850        6.2535051343831438E-013   2.9078609766720460E-013   5.6832240347178135E-020  0.65130965004049135       0.14077216087453187       0.17947111031202176        0.0000000000000000        0.0000000000000000        124.91507113640536        5.7154418232181730       0.71042999350497715        8.7199130782333771     
   3.6307805477010131        4.4157526812553423        1.9152124793696889E-002   1.9822124384102886        1.5494540207417300E-005   3.1825341863783593E-010  0.19666743912101114        1.2727722672823938E-003   6.1583794331729698E-009   3.1022833291407506E-004   4.3959576038708788E-018   2.0735125393893356E-002   2.1993357636726936        8.1100060603752700E-004   44.631675069491074        92.521858447293852        27.176047715086487        1.4355531613586894E-012   6.7926582619197050E-013   8.6282704172953799E-020   6.1954987871860441       0.11660462675570545       0.16738178906540455        0.0000000000000000        0.0000000000000000        166.07704720079741        6.8791635877827044        1.1297995300414361        1.6217784093045193     
   4.7863009232263831        2.7470300498008733        1.8297776712566931E-002   2.6200125372229910        2.1429779447715529E-005   2.9663229635290665E-010  0.25966797514903583        1.2680423581678394E-003   1.0496567803367061E-008   4.0895821219700352E-004   1.0566103306059466E-017   1.9974777282931774E-002   2.8992891910016563        1.3918562988054999E-010   73.225643583368139        129.21689650383433        23.015872421754665        2.5124104500014977E-012   8.5006312902036486E-013   5.7518305685302736E-020   2.9303795576396809        8.5797327700826390E-002  0.14208035584093634        0.0000000000000000        0.0000000000000000        220.01849154469159        8.2365347715042514        1.5625732951617730        2.6444474951898046E-002
   6.3095734448019316        1.5643069108724592        1.7027446355125597E-002   3.4609430793676426        2.8161915865836658E-005   2.5337941630217924E-010  0.34276158232891252        1.2190810855426688E-003   1.8450359952446993E-008   5.3910730580947848E-004   2.4144217124355821E-017   1.8785634746477743E-002   3.8220075129689546        2.1368825116888457E-024   118.74903937263852        168.70993612361707        17.747913909420333        3.7422891621165623E-012   1.1383202852159960E-013   1.5511560141027492E-020  0.87287469661498573        5.7642562895303444E-002  0.11149964674204665        0.0000000000000000        0.0000000000000000        294.86754078333473        9.8611555555502832        2.0534535961936862        2.2358053852762503E-006
   8.3176377110267090       0.92520547857880575        1.6157242295329236E-002   4.5686997076546119        3.7690673300896123E-005   2.2463165115322912E-010  0.45227816094208589        1.1766664763680629E-003   3.2354688289571336E-008   7.1067380672223100E-004   5.6182758236901070E-017   1.8044582578419531E-002   5.0383871587149978        9.2274096561189395E-047   190.00856978701896        215.16936754435946        14.295968970685932        5.9509539207423819E-012   5.4525728690036521E-019   2.3997066445567855E-021  0.28105806814188972        4.1105911008617851E-002   9.0637792152815769E-002   0.0000000000000000        0.0000000000000000        405.16868806904381        11.962747115141138        2.7482522496481128        2.6066342056605653E-013
   10.964781961431852       0.59130210749804979        1.5804442948229042E-002   6.0282086740987895        5.2411970748824522E-005   2.1413830207681353E-010  0.59661166681166189        1.1582150071055008E-003   5.5844536327908602E-008   9.3683734183627873E-004   1.3579714079272571E-016   1.7899495297170821E-002   6.6418878228072842        8.1636218969106334E-078   299.83001580835503        272.25080177043878        12.531628548723885        1.0827828616309024E-011   1.1425405500265398E-041   2.5688159205805956E-022  0.12614829649308007        3.2389120054644005E-002   7.9003096174213222E-002   0.0000000000000000        0.0000000000000000        565.77759840578915        14.722272255221082        3.8216700287899452        3.7778641143221921E-023
   14.454397707459281       0.40610040728747843        1.5865451706450567E-002   7.9516826896019497        7.5531349183262470E-005   2.1761508731572952E-010  0.78685114054638794        1.1630342497294683E-003   9.4820779581502615E-008   1.2349709353796498E-003   3.4005922432687341E-016   1.8263456891559685E-002   8.7557133788028843        3.7275029692341807E-117   466.78596023557276        341.66459099750102        11.867812978769393        2.2329183664384381E-011   7.4975368564119319E-117   2.0160544795597512E-023   8.3574091812023271E-002   2.7879235215876763E-002   7.3451087976279555E-002   0.0000000000000000        0.0000000000000000        795.48822920884072        18.328731922674326        5.5074420840055121        9.6495665170059622E-036
   19.054607179632484       0.29546635223925111        1.6239995394204947E-002   10.487009144899265        1.1201301035660137E-004   2.3192217496543740E-010   1.0376178948930470        1.1871010342863560E-003   1.5885208118625852E-007   1.6279749036857381E-003   8.7611298934005080E-016   1.9055071332177039E-002   11.542278162241518        2.9315136971544901E-164   717.57771426586714        423.88062814011209        11.950713823312370        5.0907832110781893E-011   3.4782221467223757E-321   1.1771691349348521E-024   6.6724392181620337E-002   2.5714095837338365E-002   7.1917992784749613E-002   0.0000000000000000        0.0000000000000000        1120.2561180842092        23.020167146871284        8.1675380337413088        6.6862757085592371E-051
   25.118864315095820       0.22478591549862176        1.6858906202542007E-002   13.829075687808785        1.6984310973503812E-004   2.5545924061485316E-010   1.3681848770175569        1.2268089277885457E-003   2.6343686962245350E-007   2.1460348580042712E-003   2.3073833742985175E-015   2.0231749988334824E-002   15.215685966176142        1.1060872854589915E-218   1090.1340574549592        518.21974940156906        12.616510431757277        1.2542859197962893E-010   0.0000000000000000        5.1107038729298864E-026   5.7694491416655190E-002   2.4998510676238296E-002   7.3303986873357721E-002   0.0000000000000000        0.0000000000000000        1576.0113634582192        29.108540269887051        12.384276202501590        1.8000283928288548E-068
   33.113112148259148       0.17702677448466414        1.7676667833134520E-002   18.234743717025040        2.6199435914975907E-004   2.8758010635595877E-010   1.8039567342239899        1.2794485722804523E-003   4.3369403195700326E-007   2.8289384960908776E-003   6.1812124332811648E-015   2.1785054901505847E-002   20.058180556372747        4.1765063281106688E-280   1637.6042643646242        622.71239104983727        13.814763660005934        3.2814161668183797E-010   0.0000000000000000        1.6391299456470075E-027   5.1444398147233970E-002   2.5301647295859441E-002   7.7085371023752763E-002   0.0000000000000000        0.0000000000000000        2212.1400664740704        37.004257047546368        19.103574541644551        2.4315398664149931E-088
   43.651583224016655       0.14325318799982778        1.8662347408898144E-002   24.042585288923178        4.0964085483663400E-004   3.2820998724384547E-010   2.3784217511486236        1.3430113485100085E-003   7.1041054574473523E-007   3.7291285449610276E-003   1.6781651543806634E-014   2.3734487302369177E-002   26.441831680538883        0.0000000000000000        2433.4772802197717        734.04650371391597        15.568133160520460        8.9982187432865037E-010   0.0000000000000000        3.8558326839568340E-029   4.5657402918404304E-002   2.6424801755138963E-002   8.3081528021660092E-002   0.0000000000000000        0.0000000000000000        3096.1293110162578        47.246744168608274        29.869362955258989        1.9748981198039707E-110
   57.543993733715780       0.11848214115621519        1.9793186586683977E-002   31.698893693467923        6.4748870891780986E-004   3.7770491438429868E-010   3.1357250043879410        1.4159299453819221E-003   1.1599978420346270E-006   4.9157253390134268E-003   4.6053298861117664E-014   2.6124841871079326E-002   34.857122791805764        0.0000000000000000        3578.1895331895853        847.80092311677038        17.957170831970089        2.5622889177778574E-009   0.0000000000000000        6.6298195872114972E-031   3.9205882166381031E-002   2.8297865255200654E-002   9.1339864092927436E-002   0.0000000000000000        0.0000000000000000        4319.7888214427421        60.544604901120444        47.212271500143650        1.1313907266683097E-134
   75.857757502918517        9.9778239326667961E-002   2.1050306350797729E-002   41.791964194983905        1.0326641530489138E-003   4.3688449313681001E-010   4.1340603130993339        1.4968633977627275E-003   1.8909792395976867E-006   6.4798262485974058E-003   1.2750827202492648E-013   2.9026995997157863E-002   45.950637006137889        0.0000000000000000        5207.8290772168066        959.03628589214520        21.119934979017614        7.5262075842695963E-009   0.0000000000000000        8.3681653167379379E-033   3.1502677383465766E-002   3.0933275499775835E-002  0.10208658606825186        0.0000000000000000        0.0000000000000000        6007.5505055572776        77.828741520922392        75.297715142705201        5.5664470959430801E-161
   100.00000000000020        8.5325910590938303E-002   2.2415696276587481E-002   55.097275874868409        1.6595937184032603E-003   5.0718029576966847E-010   5.4501415871828414        1.5845283470173582E-003   3.0814798258404909E-006   8.5414859332588432E-003   3.5570582417040037E-013   3.2541710556863682E-002   60.574736874111665        0.0000000000000000        7505.9376564425002        1063.1688340228884        25.261997767087006        2.2694998329474216E-008   0.0000000000000000        7.8722627391911044E-035   2.4971299698455945E-002   3.4406926063440348E-002  0.11571453679718786        0.0000000000000000        0.0000000000000000        8327.4978666171974        100.32265255429796        121.01089661338571        3.1265110493823716E-189
   131.82567385564101        7.3952224103384645E-002   2.3869959127406640E-002   72.637040412278097        2.6850046393938239E-003   5.9085634939383330E-010   7.1850971247029358        1.6775638450176170E-003   5.0254160384978107E-006   1.1258908153862702E-002   9.9887015768307633E-013   3.6806431126286961E-002   79.853055069232255        0.0000000000000000        10719.943985483904        1156.9122019370102        30.676051346487483        7.0016657990678258E-008   0.0000000000000000        5.6759460166847541E-037   1.8955233926928047E-002   3.8853038069952051E-002  0.13279444088805567        0.0000000000000000        0.0000000000000000        11505.975919109691        129.63542859096503        195.77973525758838        3.0117174673850040E-219
   173.78008287493799        6.4869268472393701E-002   2.5390573607106420E-002   95.758683078157503        4.3700626997104225E-003   6.9127834074608110E-010   9.4722397383939221        1.7744232180040532E-003   8.2107603620521241E-006   1.4840545569298390E-002   2.8216129705675000E-012   4.2005542394408860E-002   105.26682793877598        0.0000000000000000        15184.376954538950        1239.0159858590084        37.772692841337999        2.2044373145946155E-007   0.0000000000000000        3.2675200084133333E-039   1.3836003181432636E-002   4.4467491708644981E-002  0.15410401825698664        0.0000000000000000        0.0000000000000000        15846.884670572224        167.88476879769149        318.64738922817088        8.5662014842852762E-251
   229.08676527677795        5.7529423496795046E-002   2.6950723808071037E-002   126.23826829624645        7.1516229380789017E-003   8.1324085446208110E-010   12.487309708754308        1.8733010465057790E-003   1.3453296690011526E-005   1.9561019789991588E-002   8.0137886114995064E-012   4.8385044644568401E-002   138.76870527573149        0.0000000000000000        21353.824101007060        1310.6381236356467        47.126343935763842        7.0695379638573263E-007   0.0000000000000000        1.5835601770958011E-041   9.7882391287320031E-003   5.1517851949722207E-002  0.18067500241831991        0.0000000000000000        0.0000000000000000        21757.073032115357        217.85975720078844        521.46757027402566        1.4149174084249854E-283
   301.99517204020253        5.1541114877894867E-002   2.8518901739938832E-002   166.41678605737530        1.1763104892572837E-002   9.6339106064372321E-010   16.461977550179071        1.9721113838768976E-003   2.2127114682647066E-005   2.5782053923243311E-002   2.2875136718545974E-011   5.6273067047059040E-002   182.93278083046332        0.0000000000000000        29849.784692590034        1375.3736126097399        59.542993330092052        2.3058378136288401E-006   0.0000000000000000        6.8841776351429749E-044   6.7844687619541631E-003   6.0360216607509933E-002  0.21386168316714782        0.0000000000000000        0.0000000000000000        29779.646238753357        283.23627206430621        857.71828021685678        0.0000000000000000     
   398.10717055349858        4.6618195888542678E-002   3.0059608791740213E-002   219.37971823711723        1.9440301413296484E-002   1.1508092292904116E-009   21.701644044272424        2.0685400225606116E-003   3.6564744737127915E-005   3.3979970755976752E-002   6.5606248729982405E-011   6.6108119570277568E-002   241.15237103303053        0.0000000000000000        41527.741755119809        1439.1554199503885        76.160544522446116        7.6398363501647225E-006   0.0000000000000000        2.8876198675422860E-046   4.6689759385582768E-003   7.1464583192110548E-002  0.25543874986552323        0.0000000000000000        0.0000000000000000        40637.506390957024        368.86197773326757        1417.5085615055646        0.0000000000000000     
   524.80746024977441        4.2548443155505086E-002   3.1535432543011936E-002   289.19359093145357        3.2273200977162242E-002   1.3878127870962517E-009   28.608905177085614        2.1601885036047785E-003   6.0755863152674752E-005   4.4781771180468923E-002   1.8900896794469703E-010   7.8477392227085635E-002   317.90073813154009        0.0000000000000000        57574.598541662890        1510.3290622576619        98.598479421266063        2.5688154693670907E-005   0.0000000000000000        1.2690004948696816E-048   3.2402500289643670E-003   8.5451725099682158E-002  0.30774032386293165        0.0000000000000000        0.0000000000000000        55290.125499176844        481.13304130309183        2353.2319648617959        0.0000000000000000     
   691.83097091893910        3.9173208556087039E-002   3.2910606940057346E-002   381.21752970567456        5.3810102149748226E-002   1.6910501616045002E-009   37.714484901550669        2.2448151591625831E-003   1.0157181773679810E-004   5.9012391333650036E-002   5.4689290038831514E-010   9.4167813432869965E-002   419.07479023362396        0.0000000000000000        79653.582230427841        1600.2497745405660        129.18302314440049        8.7588960212459880E-005   0.0000000000000000        6.4125377195754003E-051   2.3084793570000159E-003  0.10314641536046074       0.37385844313785704        0.0000000000000000        0.0000000000000000        75007.496499255110        628.49136823158710        3923.6161451996218        0.0000000000000000     
   912.01083935591339        3.6373793668564754E-002   3.4155805671439964E-002   502.51347703672548        9.0100117469151891E-002   2.0829429307097841E-009   49.718012451793655        2.3206539154593492E-003   1.7091344968547790E-004   7.7756465949136114E-002   1.5891255113835985E-009  0.11423292553603542        552.44816618304435        0.0000000000000000        110126.19017995875        1724.8478443578042        171.28921410491427        3.0269857178460096E-004   0.0000000000000000        4.1431911098675406E-053   1.7227314175094980E-003  0.12565444973990980       0.45792858695305722        0.0000000000000000        0.0000000000000000        101466.56908040475        822.07967403367218        6569.7380503486156        0.0000000000000000     
   1202.2644346174179        3.4062088254937395E-002   3.5253457228126249E-002   662.38609557681320       0.15150228882997585        2.5935219755668749E-009   65.541777398836288        2.3867613793132196E-003   2.8946851369715602E-004  0.10243882195476037        4.6369252154118221E-009  0.14007904056219983        728.26851777191689        0.0000000000000000        152403.73043608930        1907.9412262604385        229.86676024986613        1.0599975261733588E-003   0.0000000000000000        3.8675841500028539E-055   1.3771690245518377E-003  0.15447513694376380       0.56554493765896652        0.0000000000000000        0.0000000000000000        136877.43507253556        1076.6027975946974        11046.937335924958        0.0000000000000000     
   1584.8931924611206        3.2174098361349018E-002   3.6202483984026132E-002   873.09295247695729       0.25584499704406000        3.2626858385019082E-009   86.401592759037499        2.4433186886268009E-003   4.9324135973505701E-004  0.13492901231634410        1.3587045436546453E-008  0.17357481498899704        960.04488103275548        0.0000000000000000        211524.46120638982        2187.9485442078121        312.26048348626574        3.7613642986848391E-003   0.0000000000000000        6.0075095409866990E-057   1.2083158353019380E-003  0.19166788045497160       0.70437297080319061        0.0000000000000000        0.0000000000000000        184149.25879144791        1411.4583320673796        18655.187798697018        0.0000000000000000     
   2089.2961308540494        3.0665646088242279E-002   3.7021349939450304E-002   1150.7779420835750       0.43398375420997776        4.1428955071670941E-009   113.90021098010276        2.4918156204679887E-003   8.4477164383816336E-004  0.17767650474299254        3.9983310671065619E-008  0.21718967030291084        1265.5856337376576        0.0000000000000000        295137.08315957052        2631.8214752740400        429.51446539716710        1.3529567386519238E-002   0.0000000000000000        1.8276001904222111E-058   1.1936254998333564E-003  0.24010347600982918       0.88506966913573071        0.0000000000000000        0.0000000000000000        247109.56367467961        1852.2192775100214        31644.349234534584        0.0000000000000000     
   2754.2287033381804        2.9509948721570253E-002   3.7748850256311930E-002   1516.6967124848543       0.73966152859391510        5.3023309049638369E-009   150.15047041837937        2.5350819448626198E-003   1.4520789929783242E-003  0.23388473110358218        1.1818424262999126E-007  0.27416866330475675        1668.3667898926228        0.0000000000000000        415241.31970595103        3365.5585793408272        598.49331129357415        4.9366915011685893E-002   0.0000000000000000        1.3125526656612506E-059   1.3626665585611904E-003  0.30385223302755215        1.1226975773715047        0.0000000000000000        0.0000000000000000        330795.05272800138        2432.5775535957337        53933.142655959360        0.0000000000000000     
   3630.7805477010324        2.8697164717581471E-002   3.8443136811575671E-002   1998.8227423789840        1.2671831640372617        6.8286224319676809E-009   197.93763411671270        2.5771992269997034E-003   2.4998543121350311E-003  0.30773428624918892        3.5097581370546641E-007  0.34875462228776427        2199.3357631598096        0.0000000000000000        591391.96534558630        4645.9745083737098        845.43224000302598       0.18294644732088730        0.0000000000000000        2.7524340045657768E-060   1.8465728232208369E-003  0.38880216544564833        1.4389630635370321        0.0000000000000000        0.0000000000000000        441837.81508093484        3196.8914029630955        92397.897842775303        0.0000000000000000     
   4786.3009232264094        2.8236425311768468E-002   3.9180562894505541E-002   2633.9469808994400        2.1835056359464939        8.8335495466951035E-009   260.93339401135040        2.6233884487204240E-003   4.2989342842716209E-003  0.40466872710602259        1.0476108740277621E-006  0.44647267844924854        2899.2891901340267        0.0000000000000000        856841.63947606145        7044.2973956013311        1212.0885318070868       0.68984804610985229        0.0000000000000000        2.1448969976203336E-060   3.0561575263082464E-003  0.50368164816245142        1.8658909159960657        0.0000000000000000        0.0000000000000000        588978.09966655786        4203.5234213250324        159212.44569453242        0.0000000000000000     
   6309.5734448019684        2.8161518440116190E-002   4.0056695232263122E-002   3470.4118473652907        3.7874722948321455        1.1459866543863676E-008   343.97798327691686        2.6799926674323498E-003   7.3604389511929963E-003  0.53176217279648574        3.1447514106389124E-006  0.57449886069618117        3822.0075119197713        0.0000000000000000        1270826.8895513460        11964.065893736255        1766.8618192966921        2.6542679490086263        0.0000000000000000        8.1710155719472328E-060   6.3814953815944037E-003  0.66182979358621830        2.4521271929748081        0.0000000000000000        0.0000000000000000        783744.91359409993        5529.2110595820341        276167.24094193528        0.0000000000000000     
   8317.6377110267604        2.8542569626544723E-002   4.1192265694479167E-002   4571.6480620083621        6.6215379208068494        1.4893427691321010E-008   453.45207266982743        2.7546284187828685E-003   1.2497069229646230E-002  0.69819958974362406        9.5024615139127302E-006  0.74214648385688609        5038.3871574139175        0.0000000000000000        1944211.6723419270        23276.758861134611        2625.9451956166640        10.465223134073840        0.0000000000000000        2.0810432271550707E-058   1.7489482438772672E-002  0.88442438270851775        3.2743033894953206        0.0000000000000000        0.0000000000000000        1041360.3500359806        7274.7800780061307        482815.90359796130        0.0000000000000000     
   10964.781961431918        2.9508468806590828E-002   4.2747571243023877E-002   6020.6981229110515        11.688534761916987        1.9388931629723555E-008   597.76702530777459        2.8564097485908753E-003   2.0939912543185307E-002  0.91592432913020982        2.8944771201688633E-005  0.96152831012182460        6641.8878217236515        0.0000000000000000        3095145.0565437172        53203.217809097099        3996.0264577169851        42.557703819666990        0.0000000000000000        5.0512656771943184E-056   6.6123878938589412E-002   1.2067152401981329        4.4586816145725647        0.0000000000000000        0.0000000000000000        1381945.7303545829        9572.5934337921426        852280.92632043234        0.0000000000000000     
   14454.397707459368        3.1288889471928996E-002   4.4950154537744938E-002   7925.8794787204370        20.887387084023587        2.5330415425705176E-008   788.01117914518238        2.9955350671489064E-003   3.4427263837867164E-002   1.2005494225002811        8.9069999675116189E-005   1.2484951121051748        8755.7133777232721        0.0000000000000000        5172628.2852918105        146758.08215689700        6266.3116380192832        180.24530811725961        0.0000000000000000        1.7081430780431590E-052  0.36658734553783207        1.6907750152611538        6.2246651308889822        0.0000000000000000        0.0000000000000000        1832143.0686043014        12596.208677517348        1523024.2263030612        0.0000000000000000     
   19054.607179632600        3.4283582196858328E-002   4.8135891249668980E-002   10427.584443220390        37.920293045861477        3.3376342374687629E-008   1038.8018169462364        3.1789038535228742E-003   5.5187170875873638E-002   1.5726688612710236        2.7772370649262797E-004   1.6239836563742154        11542.278161053451        0.0000000000000000        9119910.9890361559        499173.09631837235        10217.370507157415        805.95717985569229        0.0000000000000000        1.0949009673742277E-047   3.1693842419476921        2.4523420406928578        8.9742419850019512        0.0000000000000000        0.0000000000000000        2427323.9288251731        16572.722347388150        2764995.1975818574        0.0000000000000000     
   25118.864315095976        3.9093320067971941E-002   5.2741042000972717E-002   13705.895382939347        70.163077144972107        4.4764739486186447E-008   1369.4082979817795        3.3878455459865225E-003   8.5890426186251714E-002   2.0595284084564129        8.7946028286554282E-004   2.1156572960033722        15215.685964098617        0.0000000000000000        16785953.508939851        2067297.3635215620        17473.463180916060        3853.0537410861275        0.0000000000000000        1.1272747647723352E-041   42.833941459015648        3.7103588081411090        13.450420106335200        0.0000000000000000        0.0000000000000000        3214621.5671507348        21797.971657715192        5116009.2860776549        0.0000000000000000     
   33113.112148259344        4.6112168646937790E-002   5.8952521048557464E-002   17989.188190589797        131.84861406122215        6.1603931726620585E-008   1805.2326758453075        3.5068571332947567E-003  0.13069279754911331        2.6958652158803562        2.8141768081301672E-003   2.7583245940622083        20058.180553935734        0.0000000000000000        30773121.916207571        9291718.1478204820        31138.975042193444        19448.346512729880        0.0000000000000000        3.7577616402125070E-035   728.96347996445058        5.8195156648478461        20.820125432404840        0.0000000000000000        0.0000000000000000        4256810.9934345419        28654.148488504110        9613870.4478416517        0.0000000000000000     
   43651.583224016918        5.4658067933978594E-002   6.6131545696820171E-002   23566.198208698403        247.90128782082985        8.6353018327025675E-008   2379.7614896013411        3.2729211062319701E-003  0.19871591880739617        3.5221856854064968        8.9373514516090709E-003   3.5915901522095490        26441.831678408205        0.0000000000000000        52700511.824625924        37245389.292760082        55912.358320998836        97851.436658689970        0.0000000000000000        2.5827216242923147E-029   10249.402686558282        9.1709983601466174        32.319193811936465        0.0000000000000000        0.0000000000000000        5636470.3807259239        37631.189542037951        18075964.483448531        0.0000000000000000     
   57543.993733716139        6.3712988489241978E-002   7.3521668154931566E-002   30797.700676987679        461.10382840398279        1.2136014756070992E-007   3137.1384257207483        2.5086544433981844E-003  0.30596558439421817        4.5832769506297515        2.7642802014005558E-002   4.6593072732280811        34857.122789838984        0.0000000000000000        83163298.858042702        123519956.10154778        98561.407048313529        467180.80618205236        0.0000000000000000        1.2664043329758417E-024   98935.565713294403        14.167514555538023        49.188118037603729        0.0000000000000000        0.0000000000000000        7461699.3770934921        49353.957824942889        33621835.927841440        6.4119797489737789E-251
   75857.757502918976        7.3092566848294141E-002   8.1134203828626295E-002   40118.774584535975        848.11205456234529        1.6968294376673478E-007   4135.5557315251863        1.4450779775086230E-003  0.47541750834715868        5.9244544691782881        8.1845250733795227E-002   6.0070337509844229        45950.637004467659        0.0000000000000000        123554391.85362050        354678222.07197291        170473.04720800600        2080960.2778195732        0.0000000000000000        8.3533430298372391E-021   713338.11902676453        21.440164975845772        73.372905406966268        0.0000000000000000        0.0000000000000000        9875394.8841039743        64607.165979143239        61840918.661679417        6.0802207780909008E-217
   100000.00000000081        8.3143570955717214E-002   8.9629671540478101E-002   52030.008153241797        1546.4564867213483        2.3541366209318343E-007   5451.7255705794551        5.4531730328307500E-004  0.73845236046299112        7.5792864716989898       0.22682858141384019        7.6694614605427507        60574.736872252790        0.0000000000000000        175827659.97240615        929031492.89243555        291249.78717830376        8537304.3989836741        0.0000000000000000        1.5465713007606475E-017   4296512.5958728744        32.047397336097383        108.10337032472940        0.0000000000000000        0.0000000000000000        13067124.363624590        84352.216212523534        112761384.88387828        5.1459383312280912E-189
