  0.10000000000000001        8.3825898620672525        4.0248612378053893E-003   5.1098149443508274E-002   1.9171266077530455E-012   2.9963877811980197E-012   5.2006367098746233E-003   2.5108940600730598E-004   9.0028612049034212E-014   3.2723374751438180E-008   1.5064840692438215E-033   4.2759833671874468E-003   6.0574736801029851E-002  0.34028139153843662        3.0253014927373147E-004   2.1842464916209014E-009   1.9359978568312106E-008   3.0210922656169528E-029   1.2197205733704084E-029   2.1397435304298068E-041   5.4201623441371181E-008   6.8448375713592345E-003   7.9620986351709947E-003   0.0000000000000000        0.0000000000000000        5.9898685543284968E-008  0.35524534063994312        1.3489494346431336E-007   1.6892006091713888E-004
  0.12589254117941673        8.2894576055370273        4.5139434440226523E-003   6.4881815513744043E-002   3.4374492991472891E-012   4.2436272697123818E-012   6.5820623443104522E-003   2.8125419877160648E-004   1.2798623721714918E-013   4.1196304346493503E-008   4.2794743145275276E-033   4.7952388390986051E-003   7.6259075507723664E-002  0.43171817365045240        4.4548655226051709E-004   3.4749294381394819E-009   2.5857757686153271E-008   1.0654173824130359E-028   4.3557290112847510E-029   1.0600309944490045E-040   1.0788244559561841E-007   8.5632914299846544E-003   9.9993273896707337E-003   0.0000000000000000        0.0000000000000000        8.2211872000965188E-008  0.45093706930601413        2.4186953902506572E-007   2.3060162033902335E-004
  0.15848931924611134        8.1972566715721058        5.0599975285443551E-003   8.2304086914821301E-002   6.1451643923796226E-012   6.0011706945816850E-012   8.3254067441550991E-003   3.1499685345817041E-004   1.8186423588231118E-013   5.1863117926803096E-008   1.2120182692984908E-032   5.3750462451204522E-003   9.6004488053269277E-002  0.54783686423782296        6.5756816657103895E-004   5.5228987252677952E-009   3.4523929678556307E-008   3.7459410358691695E-028   1.5491905856875269E-028   5.2194648357181563E-040   2.1397027882854180E-007   1.0702927528082311E-002   1.2545777033283823E-002   0.0000000000000000        0.0000000000000000        1.1267539651640446E-007  0.57187210502691710        4.3239272770854064E-007   3.1451906609212670E-004
  0.19952623149688792        8.1050557376071808        5.6693933897314476E-003  0.10431547261791914        1.0954307644628485E-011   8.4745979739831009E-012   1.0524891634767553E-002   3.5273201735839052E-004   2.5832847994082447E-013   6.5292836718715531E-008   3.4226919896963118E-032   6.0221906999265570E-003  0.12086248968168514       0.69434357297600546        9.7310545049909608E-004   8.7698476794380018E-009   4.6073571261410473E-008   1.3130237916536826E-027   5.4883562304678636E-028   2.5541662163577487E-039   4.2288277454278521E-007   1.3363831228191179E-002   1.5725593494014010E-002   0.0000000000000000        0.0000000000000000        1.5419267555399761E-007  0.72464269850357466        7.7077888567034204E-007   4.2843016925628389E-004
  0.25118864315095796        8.0133204649249095        6.3496019809283375E-003  0.13211314064737698        1.9474296363723141E-011   1.1952714492298833E-011   1.3299180495376942E-002   3.9493632939240417E-004   3.6680954055219919E-013   8.2198877132996518E-008   9.6387696347789025E-032   6.7446205091978746E-003  0.15215685949202329       0.87981667872908298        1.4438885484485929E-003   1.3914645411234784E-008   6.1464509323704553E-008   4.5892303609319823E-027   1.9372694325115745E-027   1.2427194170498328E-038   8.3305644274701676E-007   1.6672441441513291E-002   1.9695374142816087E-002   0.0000000000000000        0.0000000000000000        2.1067613915035428E-007  0.91755174653366001        1.3702715805872908E-006   5.8298363866511247E-004
  0.31622776601683783        7.9211195309599871        7.1084886405749130E-003  0.16720577634051884        3.4528624029499377E-011   1.6837770794609806E-011   1.6797746606321676E-002   4.4212504077583917E-004   5.2070015501860320E-013   1.0348232887454378E-007   2.7070089719857979E-031   7.5507171636796265E-003  0.19155413669724852        1.1127423760968940        2.1484010854451205E-003   2.2060901323192472E-008   8.1957941565417888E-008   1.5992540044542417E-026   6.8132911250849772E-027   6.0103695582726115E-038   1.6356118528762686E-006   2.0781506154023351E-002   2.4646565653446806E-002   0.0000000000000000        0.0000000000000000        2.8736798997553295E-007   1.1610622300124394        2.4295405256614312E-006   7.9213916021187401E-004
  0.39810717055349715        7.8296170889190400        7.9555845668105741E-003  0.21149307315418900        6.1066438884501296E-011   2.3695846276755995E-011   2.1208810497612363E-002   4.9490204356288949E-004   7.3895223666982588E-013   1.3027650271407722E-007   7.5828721277094524E-031   8.4506168868761777E-003  0.24115237038430773        1.4077913618420956        3.2058185567059149E-003   3.4954546298119068E-008   1.0925229657578008E-007   5.5583362699177702E-026   2.3883177731468322E-026   2.8914491864244958E-037   3.2018681849977709E-006   2.5886841548851170E-002   3.0823137615899217E-002   0.0000000000000000        0.0000000000000000        3.9130345859722770E-007   1.4683488862281957        4.2968230619606893E-006   1.0753322739244530E-003
  0.50118723362727213        7.7381146468780937        8.9008070051308716E-003  0.26736868458670260        1.0772561451950978E-010   3.3314448086463181E-011   2.6769439789529153E-002   5.5391548632252770E-004   1.0484541213679081E-012   1.6400833371157304E-007   2.1185459871148620E-030   9.4548864997871102E-003  0.30359284708313639        1.7793051184621089        4.7976694875723576E-003   5.5351121005296318E-008   1.4558191602335262E-007   1.9264466782802006E-025   8.3439602768917715E-026   1.3832068298202851E-036   6.2487341946663220E-006   3.2224287555338404E-002   3.8522708392663710E-002   0.0000000000000000        0.0000000000000000        5.3185609944555281E-007   1.8560115654937710        7.5799066277106196E-006   1.4579509981819700E-003
  0.63095734448019303        7.6469614507991350        9.9556626413276131E-003  0.33784702041551040        1.8955509960962000E-010   4.6796499129723425E-011   3.3778160083268338E-002   6.1990627031379168E-004   1.4872909541350839E-012   2.0647422063722437E-007   5.9034450135012617E-030   1.0575775385862043E-002  0.38220074978953034        2.2480314533188004        7.2011807057510849E-003   8.7604211544523990E-008   1.9393199468382558E-007   6.6585580886976292E-025   2.9056408757731893E-025   6.5806869610909898E-036   1.2158807443852781E-005   4.0090352025877615E-002   4.8119381795612211E-002   0.0000000000000000        0.0000000000000000        7.2151670629768500E-007   2.3449548901433865        1.3337681685604030E-005   1.9745602844247392E-003
  0.79432823472428127        7.5560410853615041        1.1132766473801793E-002  0.42672486923756986        3.3268229710859156E-010   6.5679980800637939E-011   4.2610905868825065E-002   6.9369398804464166E-004   2.1094485453142561E-012   2.5993578420371374E-007   1.6406282236726772E-029   1.1826720397630639E-002  0.48116223623360593        2.8382895828583390        1.0840837308343692E-002   1.3858596333185686E-007   2.5825854214475940E-007   2.2949779681628390E-024   1.0085318179004347E-024   3.1131390751914169E-035   2.3587332578249730E-005   4.9849641856381188E-002   6.0076180171421058E-002   0.0000000000000000        0.0000000000000000        9.7685478138344662E-007   2.9615087430205769        2.3408552924232435E-005   2.6711452629964581E-003
  0.99999999999999967        7.4655863812065224        1.2446402769335689E-002  0.53878370087330663        5.8234060114745581E-010   9.2113171608573366E-011   5.3741058592667826E-002   7.7620262145400287E-004   2.9914032481065301E-012   3.2723955455578208E-007   4.5469654602976420E-029   1.3222932630344249E-002  0.60574736602144541        3.5823498245194578        1.6368157648184171E-002   2.1914665682490518E-007   3.4382928185298215E-007   7.8874614291080349E-024   3.4891186447287756E-024   1.4643492363220774E-034   4.5620329547645330E-005   6.1956461633767189E-002   7.4971478049314005E-002   0.0000000000000000        0.0000000000000000        1.3198071455454031E-006   3.7388312359048683        4.0975281523440912E-005   3.6096872927652026E-003
   1.2589254117941668        7.3755391306738609        1.3912333903887983E-002  0.68004525128511628        1.0165479139333064E-009   1.2908883891225873E-010   6.7764707401815311E-002   8.6845813197321666E-004   4.2415456098663576E-012   4.1196986017594232E-007   1.2565660181284211E-028   1.4781204005721374E-002  0.76259075275588861        4.5187824932485476        2.4785505814998166E-002   3.4640827690710085E-007   4.5762995119765348E-007   2.7026920006819601E-023   1.2030364813069018E-023   6.8468936584249951E-034   8.7959631423990231E-005   7.6970884359257682E-002   9.3522372463728978E-002   0.0000000000000000        0.0000000000000000        1.7793049623396867E-006   4.7186808457289553        7.1527447808738084E-005   4.8726946504994983E-003
   1.5848931924611129        7.2860739567445130        1.5548330350010622E-002  0.85809250739013176        1.7694049578369666E-009   1.8077927303801697E-010   8.5432421929519484E-002   9.7161428930343536E-004   6.0134304318060275E-012   5.1863885793272094E-007   3.4621062390775461E-028   1.6520463278171992E-002  0.96004487749777523        5.6977816149699212        3.7638294019683785E-002   5.4739354038972199E-007   6.0895446197068630E-007   9.2322510346911121E-023   4.1337290056081365E-023   3.1816566734055636E-033   1.6905209993639571E-004   9.5589527593164164E-002  0.11662346964031339        0.0000000000000000        0.0000000000000000        2.3934175210551869E-006   5.9536423151719440        1.2450079237731775E-004   6.5709812155829205E-003
   1.9952623149688791        7.1971908594184804        1.7374097164519195E-002   1.0824745518825958        3.0704547393785805E-009   2.5298811061966988E-010  0.10768928104477936        1.0869558643391223E-003   8.5246439336074053E-012   6.5292672871321413E-007   9.5084024663320160E-028   1.8461705955587032E-002   1.2086248920971430        7.1802873348917871        5.7313899084720454E-002   8.6473538691672215E-007   8.1013520236995867E-007   3.1433329776630607E-022   1.4152681914566527E-022   1.4688242921417540E-032   3.2382034301829790E-004  0.11867298972068802       0.14538553985806871        0.0000000000000000        0.0000000000000000        3.2120625739509878E-006   7.5099338051463063        2.1604666942871012E-004   8.8521253214999991E-003
   2.5118864315095797        7.1089771501862558        1.9411716284554088E-002   1.3652156948530714        5.3109364002174451E-009   3.5378417238621817E-010  0.13572524632604130        1.2159225373946198E-003   1.2083458039522985E-011   8.2198477608797535E-007   2.6025339326355842E-027   2.0628460806724796E-002   1.5215685906229341        9.0433193840805330        8.7507144925612318E-002   1.3656951314782089E-006   1.0775603795472199E-006   1.0664990279902939E-021   4.8271951609146954E-022   6.7341279528029911E-032   6.1810810981235758E-004  0.14728897318953513       0.18119182473882345        0.0000000000000000        0.0000000000000000        4.3005285518796705E-006   9.4709373723522088        3.7369387214836549E-004   1.1913414473968726E-002
   3.1622776601683786        7.0215201405383425        2.1685861033495495E-002   1.7214567682054041        9.1545489569824823E-009   4.9436742797165206E-010  0.17103859260157786        1.3601248029224411E-003   1.7126758426391782E-011   1.0348243207110002E-006   7.0975222040654236E-027   2.3047020660738646E-002   1.9155413649524979        11.383155190669433       0.13394668350527503        2.1563773479720570E-006   1.4330000008220163E-006   3.6051547776773298E-021   1.6399300991189687E-021   3.0648187815882721E-031   1.1754909828833326E-003  0.18276090481788382       0.22576376163566819        0.0000000000000000        0.0000000000000000        5.7439640811832226E-006   11.941645784457258        6.4414231120645666E-004   1.6018156024538134E-002
   3.9810717055349714        6.9348489343049007        2.4224021082328927E-002   2.1702625233559893        1.5721478072378316E-008   6.9025113018724633E-010  0.21551576527243932        1.5213610612665170E-003   2.4273098338749453E-011   1.3027640461070290E-006   1.9280367833947313E-026   2.5746684907641551E-002   2.4115237022149802        14.318138799483471       0.20552212128146183        3.4041370445920090E-006   1.9053558144930856E-006   1.2138343206125393E-020   5.5477584963764860E-021   1.3839292156943434E-030   2.2267413911847274E-003  0.22672705914524396       0.28124170310399305        0.0000000000000000        0.0000000000000000        7.6531073346683473E-006   15.054261100447912        1.1062117061921761E-003   2.1516863136494202E-002
   5.0118723362727211        6.8490508429764319        2.7056985133678182E-002   2.7356378779127009        2.6891968228906240E-008   9.6288359908152801E-010  0.27153190770058921        1.7016459761128333E-003   3.4399173542224135E-011   1.6400790642535700E-006   5.2155201275982300E-026   2.8760271188855269E-002   3.0359284705070175        17.997083153994680       0.31605373787902724        5.3729387280741685E-006   2.5330293124544105E-006   4.0695763309443709E-020   1.8683592600143559E-020   6.1969838898981299E-030   4.2005967086624950E-003  0.28122015594344874       0.35029115308111591        0.0000000000000000        0.0000000000000000        1.0171642515211718E-005   18.975241516908181        1.8922018604363901E-003   2.8877104438753163E-002
   6.3095734448019298        6.7640967627227653        3.0218955952214018E-002   3.4478077877622146        4.5803553417021561E-008   1.3418130660813245E-009  0.34207743896729881        1.9032251534126219E-003   4.8746972150237328E-011   2.0647319839352078E-006   1.4044842789577172E-025   3.2124245837610574E-002   3.8220074994422468        22.599074519095410       0.48704205706583470        8.4790372327256286E-006   3.3669678322996505E-006   1.3581699182762866E-019   6.2621334421369445E-020   2.7500285880987507E-029   7.8889581048995332E-003  0.34875329723832599       0.43622324966186143        0.0000000000000000        0.0000000000000000        1.3485483914562988E-005   23.914176069683649        3.2228793464482998E-003   3.8719067404279509E-002
   7.9432823472428113        6.6800157973740726        3.3748211305182498E-002   4.3448279998119759        7.7658480091082591E-008   1.8676245521455614E-009  0.43091738630751214        2.1286129527087615E-003   6.9075961044202319E-011   2.5993358990276761E-006   3.7637963399606969E-025   3.5879423593790288E-002   4.8116223656943395        28.346287365188196       0.75196303596359526        1.3378854199290771E-005   4.4748321726155051E-006   4.5105488221392799E-019   2.0881630307717949E-019   1.2086711838281699E-028   1.4745808419364780E-002  0.43244278414231152       0.54315970285931603        0.0000000000000000        0.0000000000000000        1.7834714827993448E-005   30.134953876438981        5.4642902764200346E-003   5.1867578060052100E-002
   9.9999999999999947        6.5967933950152666        3.7687396853976957E-002   5.4746133972801045        1.3102412809030256E-007   2.5957957618486215E-009  0.54279199620508778        2.3806168116783954E-003   9.7878882863852311E-011   3.2723592620677855E-006   1.0033924678597742E-024   4.0071286024917420E-002   6.0574736691991040        35.507200937542535        1.1629631803090950        2.1107410945000071E-005   5.9464062692819545E-006   1.4901131527895781E-018   6.9252684294429233E-019   5.2577021034898962E-028   2.7423320850078321E-002  0.53614562614168082       0.67622442361081714        0.0000000000000000        0.0000000000000000        2.3528656275655895E-005   37.969828859653809        9.2192619307065894E-003   6.9415767959182501E-002
   12.589254117941667        6.5143713479860157        4.2083985912479555E-002   6.8974914526184676        2.1990848090286116E-007   3.6017286059175224E-009  0.68366928670230354        2.6623696692994595E-003   1.3868746461239952E-010   4.1196409284994273E-006   2.6600576283954984E-024   4.4750475222707517E-002   7.6259075347195120        44.401511006414921        1.8012863177385023        3.3296504300420333E-005   7.9007776127125507E-006   4.8950668756664758E-018   2.2833874584466536E-018   2.2619657080067972E-027   5.0725660787220753E-002  0.66463242128571898       0.84178412796405588        0.0000000000000000        0.0000000000000000        3.0965015078016905E-005   47.837125652736582        1.5473439249524896E-002   9.2808770385451794E-002
   15.848931924611133        6.4326805346896796        4.6990874226338068E-002   8.6894168116442057        3.6703893004601408E-007   4.9871959756872277E-009  0.86106299361294891        2.9773695357370499E-003   1.9650555887307493E-010   5.1862988944769958E-006   7.0100414098571912E-024   4.9973430060969597E-002   9.6004487830970895        55.407572100005638        2.7934885321724829        5.2518568317346011E-005   1.0495874927194024E-005   1.5983617626925931E-017   7.4821458052031134E-018   9.6172388066464127E-027   9.3290856654612342E-002  0.82380423409142756        1.0477500892268397        0.0000000000000000        0.0000000000000000        4.0654203988857755E-005   60.263529887188291        2.5825991625972457E-002  0.12395407734846434     
   19.952623149688797        6.3515972638480518        5.2466829154354494E-002   10.946018520358040        6.0899225164441765E-007   6.8883286999209496E-009   1.0844328550625801        3.3295147609199421E-003   2.7842344884958235E-010   6.5291326408178363E-006   1.8356520767623456E-023   5.5802873047915258E-002   12.086248937320397        68.958217830481601        4.3365969159100182        8.2828220353969108E-005   1.3940948062488767E-005   5.1854707142964676E-017   2.4355733634996191E-017   4.0378138801299563E-026  0.17052747802499332        1.0209483403695543        1.3039411792632922        0.0000000000000000        0.0000000000000000        5.3250036210208585E-005   75.912152021645227        4.2850573886751224E-002  0.16535834863528429     
