   100.00000000000000        4.5775029571354384       0.10310941151122179        55.019851688677328        2.4742601175720937E-005   4.6924444747867114E-008   5.4449179552622917        6.8081677793715529E-003   3.3682363793211262E-009   3.2720073802353157E-005   2.3520381905519685E-020  0.10995029936439570        60.574736708432560        1.3736578625217675        92.695387584217073        1.8050868494966430E-003   7.6498514254364663E-005   2.2063285929352417E-013   1.0608354007891142E-013   8.2281999967408245E-022   280.71313902028237        3.3858508466034900        4.8057682919628366        0.0000000000000000        0.0000000000000000        3.1281627229772570E-004   381.53285257907237        1.7409657626476740       0.29884969861024929     
   125.89254117941675        3.7358472234196953       0.10688014390389379        69.288797512636833        4.0571047182617068E-005   5.1441050003355342E-008   6.8561116409191403        7.2049149572852170E-003   4.9922077661744732E-009   4.1191381874912469E-005   6.0902264493753770E-020  0.11412625024305392        76.259075354511509        6.9899672663532976E-003   141.12082604228948        2.6089906953985879E-003   8.1077021461850495E-005   5.5747749318388295E-013   2.5319980519921093E-013   1.8404325219760387E-021   333.79842956148570        3.3097528883946850        5.0025665057211182        0.0000000000000000        0.0000000000000000        3.8693744856292282E-004   480.47463276224585        2.8547040627648008        8.8569987827424465E-002
   158.48931924611142        3.1880729772150520       0.11285419746311653        87.251111656899269        5.9187434226324264E-005   5.8010732148141089E-008   8.6326878307165895        7.7157918902526984E-003   7.3285575474809772E-009   5.1855834940356556E-005   1.4015838518704065E-019  0.12062184518830960        96.004487851837681        5.1229422710824420E-005   214.74136967592102        3.8413339300629075E-003   9.0524533370264014E-005   1.3236485225713550E-012   5.4050323155792426E-013   3.6103172582338500E-021   385.55885253327807        3.4275960911955505        5.4336310811419182        0.0000000000000000        0.0000000000000000        4.8427957547036093E-004   605.02714823956603        4.1646104964947872        2.7490430791374698E-002
   199.52623149688807        2.7400339994858944       0.11958201534178867        109.86511612944305        8.3790723433869866E-005   6.4910327993623009E-008   10.869349598746098        8.2740886616420890E-003   1.0747438838551192E-008   6.5281107438264069E-005   3.1288097636685411E-019  0.12792138511086901        120.86248941363945        2.0024212533578718E-007   325.50298568601647        5.6647838248749449E-003   1.0187216695021135E-004   3.0753242430935834E-012   1.0480701904864794E-012   6.5964488921969647E-021   432.68541880714912        3.5865863593724487        5.9437728843825370        0.0000000000000000        0.0000000000000000        6.0769444131290374E-004   761.83500746433833        5.8957738392110297        6.8303159035988216E-003
   251.18864315095823        2.3513830058090393       0.12673011399380985        138.33578002801372        1.1613085360836204E-004   7.1400590311830309E-008   13.685254132557409        8.8627444095238355E-003   1.5777527193818227E-008   8.2181798391662696E-005   6.8361975231312444E-019  0.13567504020172536        152.15685928068169        2.6919427522635404E-010   490.73020006871081        8.3312840290296463E-003   1.1437690029023475E-004   6.9787463483852989E-012   1.7548014625684948E-012   1.1048755211952262E-020   466.43933341916392        3.7515037917538048        6.4948559940707202        0.0000000000000000        0.0000000000000000        7.6318111090025397E-004   959.25345833889003        8.1713251845808159        1.1909863034912493E-003
   316.22776601683825        2.0025475166831166       0.13402207969504140        174.17992888673689        1.5702277686766895E-004   7.6670173117689236E-008   17.230406784751388        9.4649402678288891E-003   2.3221532130074764E-008   1.0345739646377495E-004   1.4570352455639152E-018  0.14359047735933406        191.55413673700485        7.1308665794524051E-014   734.72502545154509        1.2177096861796898E-002   1.2719826379467187E-004   1.5298275737247340E-011   2.2691043920726869E-012   1.6308444588606540E-020   473.16950658786459        3.8937434536653934        7.0490184866814936        0.0000000000000000        0.0000000000000000        9.5838061054282658E-004   1207.8002089008130        11.048607078172793        1.2238387114154201E-004
   398.10717055349772        1.6769152318080884       0.14096848701637302        219.30727923109316        2.0505739591032511E-004   7.9521214958388593E-008   21.693664412251334        1.0048195889112340E-002   3.4350562304903995E-008   1.3024002986272143E-004   2.9998905310749950E-018  0.15114692293534809        241.15237044104182        1.2686297472148893E-018   1090.2911682597742        1.7586046650049578E-002   1.3858871866903586E-004   3.1708587809724088E-011   1.7335164429833870E-012   1.9627005528678851E-020   433.33771192009863        3.9667489984280602        7.5335262263279690        0.0000000000000000        0.0000000000000000        1.2022950001234758E-003   1520.7172483016718        14.428471086050362        5.2684019350938624E-006
   501.18723362727303        1.3514827136276288       0.14637787427323815        276.12260923172028        2.5239087326218301E-004   7.7737795704373662E-008   27.312824707591790        1.0530621122495537E-002   5.1370150191255663E-008   1.6395435795105609E-004   5.8266754569023289E-018  0.15707244975368473        303.59284721645435        9.2143780909684931E-026   1597.9779170542427        2.4746753961667693E-002   1.4424794624739532E-004   5.9071008771723758E-011   3.2906769022126711E-013   1.5879445491970261E-020   322.79499579161001        3.8691287669095491        7.7726503759241368        0.0000000000000000        0.0000000000000000        1.5042103820390473E-003   1914.6791807434693        17.759000601172879        3.8939312612843189E-008
   630.95734448019425       0.96726523673161857       0.14595734358341556        347.65619330082183        2.6659042430453561E-004   6.5216071302667331E-008   34.387456741637834        1.0609615123850988E-002   7.9419148937468788E-008   2.0639155961822020E-004   9.7466785233655681E-018  0.15677335026688477        382.20075018201550        1.3234510592742969E-040   2286.4686673332963        3.2089066502516903E-002   1.3047290596081171E-004   8.1604454833278491E-011   6.2233943129601766E-017   3.9411791993027967E-021   132.47626196458927        3.2937403781206052        7.1863310892387613        0.0000000000000000        0.0000000000000000        1.8669780298322964E-003   2410.6971139534976        18.758124825587966        9.8426230113901195E-013
   794.32823472428299       0.48300329535733899       0.12908084505913076        437.72819797288793        1.7904465901032469E-004   3.4786736843961997E-008   43.295138567694508        9.4612839178929604E-003   1.3615330583947673E-007   2.5979541027949885E-004   1.0479797924498206E-017  0.13880192438730324        481.16223675887750        1.4816723644588984E-093   3030.3209768822176        3.0418402150152381E-002   7.7297758711164575E-005   4.6024387160364464E-011   6.7994904723535563E-070   9.7964983546607404E-024   10.886496155270097        1.8677797469245374        4.7530376701064077        0.0000000000000000        0.0000000000000000        2.2858796870850462E-003   3035.2583833428735        12.598134654806367        1.2142066732356235E-029
   1000.0000000000020       0.26521836670697663       0.11866253963870005        551.11118576360013        1.2874994175032006E-004   1.9868160802965242E-008   54.508603360509291        8.6578413995211309E-003   2.2863078350169418E-007   3.2700586047268172E-004   1.2028036254033189E-017  0.12764738689869387        605.74736700503104        1.2020444726169425E-180   3824.2972829810496        2.5744837174945395E-002   5.1128676983373483E-005   3.1133456370089051E-011   0.0000000000000000        3.4979260276561533E-027   1.5883128694268713        1.1976732350241039        3.4144145348122867        0.0000000000000000        0.0000000000000000        2.8595260860911874E-003   3821.4616817852625        9.0592431627657461        8.9260445374349683E-058
   1258.9254117941700       0.17995122436841482       0.11732072079715890        693.84003226501284        1.1746717437216808E-004   1.4397873380090540E-008   68.624671915213213        8.4935959112344937E-003   3.6214863126773701E-007   4.1160166992536387E-004   1.7415210098002632E-017  0.12622591837831876        762.59075343128313        3.1386801992803649E-272   4814.9598407764943        2.3250097981469531E-002   4.3229705457525169E-005   3.4601827855234052E-011   0.0000000000000000        2.9822189052688971E-030  0.47896574947061848       0.98031032300892529        2.9791160713958318        0.0000000000000000        0.0000000000000000        3.6184897068953096E-003   4811.1530245950962        8.2653528367738449        1.8250578128104687E-087
   1584.8931924611175       0.13644678798911625       0.12039028430378904        873.52020851036048        1.2167873666416771E-004   1.1846036405061545E-008   86.395386215522066        8.6500107192072576E-003   5.5590616002574318E-007   5.1807603425768915E-004   2.8545061143977487E-017  0.12955837105725398        960.04487837837883        0.0000000000000000        6061.6132443824690        2.2025175589914375E-002   4.1548272973962861E-005   4.9989617584674081E-011   0.0000000000000000        5.1373919128245554E-033  0.20694235313949796       0.91012539602203013        2.8813564850064499        0.0000000000000000        0.0000000000000000        4.5919974372677580E-003   6057.0681705131474        8.5616913545212903        5.9128234336983115E-117
   1995.2623149688850       0.11053875899175181       0.12626147865082474        1099.7221237362303        1.3586703393848152E-004   1.0506337909076430E-008   108.76722654997485        9.0103257494724837E-003   8.3735190277152603E-007   6.5208154674334872E-004   5.0342111694988996E-017  0.13592388594704058        1208.6248938246731        0.0000000000000000        7631.1284360979253        2.1690078416466863E-002   4.3085734173668330E-005   8.4330566444272734E-011   0.0000000000000000        1.5867127085960871E-035  0.10886017071506023       0.91007977310188881        2.9645429760118192        0.0000000000000000        0.0000000000000000        5.8307267383385748E-003   7625.5686576269381        9.5600237290933787        1.4554153990161771E-145
   2511.8864315095875        9.3581727267301157E-002  0.13432808116170589        1384.4927764467423        1.5938086010680144E-004   9.7893364829935113E-009   136.93163997324783        9.5288239948795976E-003   1.2454513538680015E-006   8.2073074448547911E-004   9.3139651225968755E-017  0.14467763590107097        1521.5685920868671        0.0000000000000000        9607.1852683091620        2.2132103226959535E-002   4.6991739999372635E-005   1.5750840475724483E-010   0.0000000000000000        8.3600536194655906E-038   6.7675062680474643E-002  0.95573818368299679        3.1791280830670323        0.0000000000000000        0.0000000000000000        7.4023525816559205E-003   9600.1890733033651        11.214529090803843        7.1516843090586974E-173
   3162.2776601683890        8.1775680053324334E-002  0.14437304472387957        1742.9978886840372        1.9364207929099372E-004   9.4470595503719932E-009   172.38852916875490        1.0188143963279404E-002   1.8356487146236188E-006   1.0329710548628965E-003   1.7825127998165310E-016  0.15559415974202187        1915.5413663256377        0.0000000000000000        12095.099164939158        2.3379899524848844E-002   5.3143489692465738E-005   3.1618129522163924E-010   0.0000000000000000        7.3907791424888840E-040   4.7855764178650922E-002   1.0394557292949274        3.5130124107521143        0.0000000000000000        0.0000000000000000        9.3935397650566892E-003   12086.089518532637        13.625254186465028        1.4247559892585515E-198
   3981.0717055349855        7.3201406270527514E-002  0.15636396278135939        2194.3297300660943        2.4159202429666012E-004   9.3617871677118582E-009   217.02614154967037        1.0984566264261529E-002   2.6868285185558990E-006   1.3000577027718883E-003   3.4988465666970036E-016  0.16864858674839281        2411.5237033288586        0.0000000000000000        15227.469340801432        2.5572552287768835E-002   6.1780784991022131E-005   6.6986366899628954E-010   0.0000000000000000        1.0933640387380910E-041   3.7746766163593286E-002   1.1608450822319401        3.9720224979449683        0.0000000000000000        0.0000000000000000        1.1914166853780533E-002   15215.657074341147        16.999160267836107        1.9783679500699254E-222
   5011.8723362727405        6.6787786530039750E-002  0.17037275567938995        2762.5239294952676        3.0780676205945069E-004   9.4739825026797893E-009   273.22163129213322        1.1922106624600005E-002   3.9111251070727756E-006   1.6361470940557182E-003   7.0048352673747014E-016  0.18393100939804566        3035.9284712632289        0.0000000000000000        19171.267548832850        2.8970117893452899E-002   7.3409576918579100E-005   1.4799239970727836E-009   0.0000000000000000        2.7080491355572648E-043   3.2740662476159116E-002   1.3237432097331490        4.5737323356534709        0.0000000000000000        0.0000000000000000        1.5103115068696694E-002   19155.556430829165        21.658233524080092        2.8472586204448056E-244
   6309.5734448019557        6.1889795449787920E-002  0.18654005036864713        3477.8394991058558        3.9895570352763257E-004   9.7533982088627019E-009   343.96765388726612        1.3009847130585235E-002   5.6677896642854153E-006   2.0590431941004796E-003   1.4248396912288707E-015  0.20160894069333282        3822.0075008020281        0.0000000000000000        24136.749208760692        3.3992993931940968E-002   8.8798741715236714E-005   3.3807015392310181E-009   0.0000000000000000        1.1199669020193605E-044   3.0899297264810381E-002   1.5352567105127086        5.3458358775965920        0.0000000000000000        0.0000000000000000        1.9135718680635364E-002   24115.605652797087        28.071754288153830        5.4559564501482029E-264
   7943.2823472428463        5.8094752116703598E-002  0.20505823705834525        4378.3702613834876        5.2456628034841654E-004   1.0186073307160532E-008   433.03173810866053        1.4260641637386585E-002   8.1828146253246997E-006   2.5911343149033349E-003   2.9361069856646177E-015  0.22191001301063518        4811.6223675034053        0.0000000000000000        30388.678320974344        4.1293738675018621E-002   1.0902343970971966E-004   7.9343341086019611E-009   0.0000000000000000        7.6605717419304041E-046   3.1451350278552129E-002   1.8056468266543670        6.3265146848776457        0.0000000000000000        0.0000000000000000        2.4233213298065638E-002   30359.949926808684        36.910102047887243        1.5397811727526209E-281
   10000.000000000040        5.5125163377288122E-002  0.22616327988220133        5512.0734985741528        6.9815801283170948E-004   1.0767957826826788E-008   545.15692183237945        1.5690472090402439E-002   1.1776732940482893E-005   3.2605695894343794E-003   6.1153373631479812E-015  0.24511432156203816        6057.4736704745301        0.0000000000000000        38260.480489699585        5.1874471427283998E-002   1.3554310992776485E-004   1.9034309866215953E-008   0.0000000000000000        8.5108296610107931E-047   3.4257177796926525E-002   2.1486504641925226        7.5659632060974840        0.0000000000000000        0.0000000000000000        3.0674665957953956E-002   38221.128358142276        49.124551967108445        0.0000000000000000     
