  0.10000000000000001        9.1867818298339845        2.3448636505702227E-003   5.2778146897166943E-002   4.7276511726672662E-011   3.1841317688893788E-012   5.3113613150444173E-003   1.4036480380377454E-004   2.1734555562179815E-011   8.4839456314926541E-006   3.2984041542988366E-026   2.4937124000054896E-003   6.0574736761138386E-002  0.86634833867016359        5.5059454789630181E-002   9.3833478989098051E-002  0.49120328373341754        7.4171188674105891E-022   2.9879118923421847E-022   1.4456229473772378E-032   8.4437720155902555E-007   2.5622390532876816E-005   2.8639264609577812E-004   5.2824804868096078E-004  -6.0895517286737300E-009   1.3934956035295738       0.11004185997136084        1.9683557621098237E-006
  0.12589254117941673        9.1085806140899663        2.6265312145436316E-003   6.6769227471474221E-002   7.6075451539704810E-011   4.4955312496349099E-012   6.7060728380810451E-003   1.5724370930882286E-004   3.0825018271891254E-011   1.0680651316433052E-005   8.4094210903714020E-026   2.7944555751688873E-003   7.6259075385558622E-002   1.1645254646256038        8.2264693671273703E-002  0.14890268400864165       0.65744241909012424        2.3553306450780880E-021   9.5670204092422977E-022   5.8095229582209246E-032   1.5113445164575375E-006   3.2031192083219893E-005   3.5909262106279606E-004   4.8532699453264342E-004  -6.6039662665017784E-009   1.9127517813643320       0.13918793528551954        3.1673985225268150E-006
  0.15848931924611134        9.0341940917968735        2.9417119772367569E-003   8.4422372014461802E-002   1.2213283008661821E-010   6.3439352313514807E-012   8.4642570274897355E-003   1.7614657736839682E-004   4.3705823278764115E-011   1.3446138491978905E-005   2.1389505795208903E-025   3.1313046930971328E-003   9.6004487840822356E-002   1.5756928078946337       0.12328059726139011       0.23619450963049760       0.88013139538765750        7.4649962510396675E-021   3.0551637686309571E-021   2.3255854619390422E-031   2.6992946920622281E-006   4.0043165442579323E-005   4.5019311641586392E-004   4.4728431183864859E-004  -7.0301204170955339E-009   2.6227284271169387       0.17595978595698322        5.0849957212080995E-006
  0.19952623149688792        8.9426414489746087        3.2901740091801921E-003  0.10669469126651848        1.9631486967620209E-010   8.9282909854149163E-012   1.0680373752249093E-002   1.9724991029693078E-004   6.1967518889036851E-011   1.6927678547125557E-005   5.4469137470065673E-025   3.5043515980242483E-003  0.12086248933087443        2.0813369035738210       0.18528339295972177       0.37417392907941682        1.1752842541363056        2.3628916685476354E-020   9.7466279474847872E-021   9.2865362302330355E-031   4.8120883610582704E-006   4.9880394680080573E-005   5.6277522943720324E-004   4.0393961074107921E-004  -7.4772681750357644E-009   3.5892951388769734       0.22234945479019141        8.1735621094265485E-006
  0.25118864315095796        8.8501351327896121        3.6786407908006220E-003  0.13478410065669919        3.1500855480996984E-010   1.2554530308633816E-011   1.3473265040085565E-002   2.2085180054974806E-004   8.7847854478026191E-011   2.1310674914209864E-005   1.3846130386999428E-024   3.9208032662645803E-003  0.15215685891815225        2.7464940320054576       0.27930728625776552       0.59244410672117243        1.5687795008776495        7.4639722137124156E-020   3.1018028875241732E-020   3.6931296829813431E-030   8.5589288735926092E-006   6.2090122069575595E-005   7.0305942431382693E-004   3.6376300846340643E-004  -7.8502913834790354E-009   4.9052298243125207       0.28085134130444062        1.3115369161728373E-005
  0.31622776601683783        8.7595361633300772        4.1123691035412991E-003  0.17020189437167216        5.0419669351465725E-010   1.7644923594428146E-011   1.6992615597241072E-002   2.4725608283999366E-004   1.2452028043809445E-010   2.6828536291578323E-005   3.5106875765004673E-024   4.3864537226728714E-003  0.19155413616368791        3.6359861495681458       0.42230944091836287       0.93771307532840309        2.0939995198881114        2.3520150019672772E-019   9.8426299637606488E-020   1.4615431190516958E-029   1.5183608172230352E-005   7.7276058680726914E-005   8.7813311795882350E-004   3.2767430420072030E-004  -8.1463942946966892E-009   6.6944473219725280       0.35461192091473576        2.0992210099045408E-005
  0.39810717055349715        8.6489100532531751        4.5904876451872490E-003  0.21485816777116903        8.0844812407235485E-010   2.4727929035911576E-011   2.1427035220431774E-002   2.7667731210098223E-004   1.7653381860778913E-010   3.3775106370825174E-005   8.9167416820270966E-024   4.9009400636590567E-003  0.24115236956578529        4.6663263085444635       0.64033974547782135        1.4821941176980460        2.7867830802595597        7.4019421079473201E-019   3.1208839916151405E-019   5.7695086179905003E-029   2.6886550861942944E-005   9.5798394379223269E-005   1.0934022895744647E-003   2.8762717246608323E-004  -8.4249488000905808E-009   9.1152365042759307       0.44760687581862268        3.3659706802921832E-005
  0.50118723362727213        8.5335155763626087        5.1216195253189012E-003  0.27114786884228620        1.2947880281456742E-009   3.4613799271871222E-011   2.7013841420420941E-002   3.0951380205816145E-004   2.5028928890649800E-010   4.2520311712674728E-005   2.2619708873852253E-023   5.4736536390897371E-003  0.30359284617966031        5.9358432654307993       0.97371389193489266        2.3413770193344572        3.7052758267353525        2.3244749239160787E-018   9.8734725621429645E-019   2.2677892475864245E-028   4.7496894577389190E-005   1.1861420932165516E-004   1.3600957213787226E-003   2.5015098528066980E-004  -8.6295848301432773E-009   12.388949256947644       0.56482263828894108        5.3908450154825463E-005
  0.63095734448019303        8.4083459475040421        5.7097333606577925E-003  0.34209294459657819        2.0737671372024992E-009   4.8369010065448805E-011   3.4051963840050978E-002   3.4610235100807627E-004   3.5492741738483615E-010   5.3529861190896924E-005   5.7378931447396669E-023   6.1093655728567658E-003  0.38220074829582928        7.4161593367699705        1.4847206033738409        3.6954700333079260        4.9183761354050546        7.2871433581457639E-018   3.1187136225608239E-018   8.8830459346041935E-028   8.3736669193497598E-005   1.4656128720996766E-004   1.6891180427615997E-003   2.1397959114424561E-004  -8.7654014805328502E-009   16.803083190072144       0.71255011122536926        8.6341215641838132E-005
  0.79432823472428127        8.2712554016113273        6.3597323166866481E-003  0.43149789567718116        3.3243704634955699E-009   6.7457787647808617E-011   4.2917787262707785E-002   3.8681236300377460E-004   5.0346272071654981E-010   6.7390045965027117E-005   1.4567093781739347E-022   6.8139347256554504E-003  0.48116223426832028        9.0517339640009595        2.2698664903442758        5.8271141010492160        6.5156461616580099        2.2816083311272970E-017   9.8410524940659634E-018   3.4705445310861071E-027   1.4739215092891204E-004   1.8065803625010824E-004   2.0938662132566864E-003   1.7915277333636613E-004  -8.8261599776066844E-009   22.738066116528739       0.89870935527469975        1.3841003742070604E-004
  0.99999999999999967        8.1115151133537289        7.0731349078582339E-003  0.54415695687692556        5.3525878222118973E-009   9.3776611148070823E-011   5.4085331502302929E-002   4.3192940183297808E-004   7.1458887447305158E-010   8.4838960766664716E-005   3.7141809418292240E-022   7.5899032704578769E-003  0.60574736339409530        10.564589770394656        3.4787219791973132        9.1743564635471095        8.6007300840715182        7.1471001846990456E-017   3.1090459983081640E-017   1.3570316135242582E-026   2.5942506916900736E-004   2.2174363888448670E-004   2.5872779426831991E-003   1.4415062504679447E-004  -8.8001573304111181E-009   30.683784320603330        1.1332802891308662        2.2285478977302658E-004
   1.2589254117941668        7.9250719709396353        7.8530924401737021E-003  0.68610447358227078        8.6783237132598332E-009   1.2986780689711602E-010   6.8151405738769155E-002   4.8175941586839507E-004   1.0150992977171026E-009   1.0680580827802340E-004   9.5352750148078745E-022   8.4416576643201215E-003  0.76259074853372955        11.641131723129494        5.3435626818321076        14.418334896752338        11.303899817810883        2.2436748285556416E-016   9.8523221111055989E-017   5.3277987132913166E-026   4.5731877839032872E-004   2.7082062340257204E-004   3.1850880544338758E-003   1.0987814602409728E-004  -8.6638054178260150E-009   41.280507529920087        1.4288246414315944        3.6132167671778338E-004
   1.5848931924611129        7.6921372520923619        8.6940392770572476E-003  0.86494676835993445        1.4283562100615755E-008   1.7870877196998294E-010   8.5867735469259618E-002   5.3630031956614012E-004   1.4441477099708894E-009   1.3446038006957687E-004   2.4848181013320355E-021   9.3647999766929661E-003  0.96004487199294164        11.557682490882019        8.2245539418725766        22.591940674088864        14.745004942347151        7.0909886402216720E-016   3.1484293866933490E-016   2.1187471643870150E-025   8.1070281114689559E-004   3.2793631611325544E-004   3.8961526428079167E-003   7.5436287299277847E-005  -8.3720362900097779E-009   55.320775398044034        1.8011754823868997        5.9469556313179522E-004
   1.9952623149688791        7.3652657070159915        9.5698824232099359E-003   1.0902787175972362        2.4324275229560505E-008   2.4281745097101363E-010  0.10818154118513344        5.9469519308979492E-004   2.0609484140577876E-009   1.6927534656663141E-004   6.6992845526502774E-021   1.0333852962866362E-002   1.2086248850472199        9.1749600647083760        12.677915241997704        35.187394724175498        18.937863499510325        2.2795259964812584E-015   1.0269334841562153E-015   8.7033665027299527E-025   1.4582440216568096E-003   3.9020928484633654E-004   4.7046249689824855E-003   3.9632577414051803E-005  -7.8097593833176095E-009   73.703353377329492        2.2703032373030725        1.0127402711955628E-003
   2.5118864315095797        6.7387023077011108        1.0337145165844693E-002   1.3742901753464873        4.6193813599165696E-008   3.1649084118311336E-010  0.13629006497259666        6.5110321948644550E-004   2.9717626556018612E-009   2.1310465840977956E-004   2.0142802355520232E-020   1.1201353043740918E-002   1.5215685810920423        3.2928936823448609        19.538278477516975        53.732043238921662        23.097938228103775        7.7204249343016869E-015   3.5662551160635286E-015   3.9381511214752711E-024   2.7376793922445119E-003   4.3802826479145664E-004   5.4409022813460273E-003  -4.5063090609039283E-007  -6.5027163146406643E-009   96.803304766061174        2.8615677657557077        1.9232776668767211E-003
   3.1622776601683786        4.6091496887207040        9.9296923422990818E-003   1.7332126663615302        1.3888339529092185E-007   3.1712495897442767E-010  0.17174272852352720        6.5598806941093006E-004   4.5877852136351803E-009   2.6828202340897778E-004   9.5972623328965740E-020   1.0853962435118989E-002   1.9155413530635581        1.7564822891353916E-003   29.719320307871619        72.149918242231820        20.287988868581170        2.8801235685335722E-014   1.3765071739467558E-014   1.9243308993221546E-023   5.4031898688589111E-002   3.4065123643773341E-004   4.7851781659765894E-003  -2.1927866012251848E-005  -2.6895304461115117E-009   118.57861314098763        3.6086525153942679        5.7824048644441401E-003
   3.9810717055349714        2.6560266418457030        8.9785287613361030E-003   2.1855071294647734        4.5176657388761280E-007   2.6092169906180915E-010  0.21641388372158762        6.2324153790163845E-004   7.4438744854694087E-009   3.3774538872607013E-004   4.9507625731362017E-019   9.9395156879638121E-003   2.4115236870187466        3.2475043474040570E-011   44.655548776752696        88.589694501286075        14.763174816816180        9.3884557539240570E-014   3.0167990968593095E-014   5.0050018961704970E-023   4.7960107481009741E-002   2.1750925023100224E-004   3.6074238600446794E-003  -1.1405974442470280E-005  -1.0101406817274401E-009   143.48468796622993        4.5500799271335923        1.8809284068617153E-002
   5.0118723362727211        1.5721768651008605        8.2637138132229306E-003   2.7544284308671054        1.3767368247357053E-006   2.1232132688064587E-010  0.27264234425212042        5.9120800152153482E-004   1.2110963859166022E-008   4.2519351294508878E-004   2.3925642873541104E-018   9.2801153276895528E-003   3.0359284504076198        9.0379310160360025E-021   66.628687180073129        107.41597531731448        11.116506289030060        2.9646987566131361E-013   9.4566521812668317E-015   7.7018110124355430E-023   3.8338798392841128E-002   1.4612227861434004E-004   2.7996845440212198E-003  -7.0039443892771644E-006  -5.6551111338764399E-010   179.40656350244177        5.7343341308685094        5.7320385174450615E-002
   6.3095734448019298       0.98840955793857566        7.8093284876699825E-003   3.4702101939363090        3.6445433028565474E-006   1.7909870446283344E-010  0.34341301750345599        5.6764472435125754E-004   1.9524592659745271E-008   5.3528264052764524E-004   1.0042499051484162E-017   8.9122558525488848E-003   3.8220074737383922        7.2759410875230967E-034   98.615196727365728        129.88811586871032        8.9665860952969059        8.7664985419242733E-013   1.6427831402165460E-018   6.3790980252556398E-023   3.1290373804360824E-002   1.0675079989480140E-004   2.2981409646614156E-003  -5.2811142232205959E-006  -4.1060079169651565E-010   230.12448418967847        7.2243440346315246       0.15174042137269475     
   7.9432823472428113       0.66246188393235217        7.5653699229035849E-003   4.3709943922040901        8.2869497008724546E-006   1.5922367637758701E-010  0.43249225217413900        5.5374462711033014E-004   3.1079419929772774E-008   6.7387441936367408E-004   3.6199368571501532E-017   8.7929889693775885E-003   4.8116223328276444        3.5245505575641494E-051   144.66446492849948        156.67239211663713        7.7656094569157537        2.4112997311630387E-012   5.9216811408498863E-033   2.8653473208284882E-023   2.8038171550551088E-002   8.4694058413598014E-005   1.9989898338551998E-003  -4.4901001762912237E-006  -3.4271834982577749E-010   299.68573940874489        9.0995006231610649       0.34502683464321232     
   9.9999999999999947       0.46974535892903801        7.4787859137390575E-003   5.5047890403022297        1.6595229148199896E-005   1.4922374408040518E-010  0.54462427956497028        5.4833025775830621E-004   4.8876120071456036E-008   8.4834788141643219E-004   1.1490213714929048E-016   8.8754640529137962E-003   6.0574736264969937        1.0708946634819837E-072   210.26979118753184        187.98015987536621        7.1542888108801002        6.2661561492105714E-012   1.5767708689900966E-076   7.4621155219862254E-024   2.7226624529166760E-002   7.2060287302265838E-005   1.8291037376278949E-003  -4.0737642897317681E-006  -3.0779974652389681E-010   393.27936490785390        11.459737559662766       0.69094173246633417     
   12.589254117941667       0.34894176593422893        7.5093574702434209E-003   6.9320058865646406        3.0291604489991396E-005   1.4654767315232065E-010  0.68578183161875372        5.4982063166962190E-004   7.6085051258501971E-008   1.0679921524671422E-003   3.3239097385045102E-016   9.1271702543801840E-003   7.6259074794942876        2.7405831807463535E-098   302.83954350632735        223.67124040106435        6.9330479326620917        1.5726676552122399E-011   8.9317538132090730E-188   1.2198066345272343E-024   2.6786386883183404E-002   6.4860924708677535E-005   1.7449581507397464E-003  -3.8308492818907553E-006  -2.8768525965324030E-010   517.76712911153970        14.430813546841678        1.2611897972960449     
   15.848931924611133       0.26910142409801485        7.6286304887258618E-003   8.7286758439051741        5.1940526905576103E-005   1.4968232481625549E-010  0.86348355079040895        5.5680710112290116E-004   1.1749777578268661E-007   1.3445007482003552E-003   9.0317120283956066E-016   9.5299383380491182E-003   9.6004487133392438        8.3611838592762574E-128   432.27165412889741        263.25268293882641        6.9970861550429833        3.8847498141196768E-011   0.0000000000000000        1.3377196321725645E-025   2.5722772161031734E-002   6.1044769255474201E-005   1.7216971203431475E-003  -3.6775867180818988E-006  -2.7509320726177457E-010   682.15955521446017        18.171005542878721        2.1625418561482048     
   19.952623149688797       0.21381444606557487        7.8157031410429519E-003   10.990499729168238        8.5526718286294410E-005   1.5782598068638992E-010   1.0871942699444728        5.6809339071595968E-004   1.8038397842883032E-007   1.6925936951684786E-003   2.3564945126500300E-015   1.0076390226927391E-002   12.086248849081043        3.7373436147707375E-161   611.57530445700161        305.73491665289617        7.2936323840877391        9.5632320640546338E-011   0.0000000000000000        1.0261816124846267E-026   2.4226026484163554E-002   5.9506771715464294E-005   1.7450087760856629E-003  -3.5747463005535446E-006  -2.6668690516393143E-010   898.18815467267405        22.879541644757950        3.5609016529489956     
   25.118864315095809       0.17407308890298007        8.0564090645555801E-003   13.837943259970132        1.3722896147286772E-004   1.7079369433606113E-010   1.3688288651546661        5.8281600512983893E-004   2.7575444524223051E-007   2.1308005502615702E-003   5.9907622812484788E-015   1.0770025619946989E-002   15.215685808117430        3.2872660904901174E-198   857.81869158812071        349.90381551415419        7.8064564113940138        2.3643773442371842E-010   0.0000000000000000        5.6910412321772388E-028   2.2831190739503893E-002   5.9677382230533382E-005   1.8079642283571756E-003  -3.5024488038006725E-006  -2.6079800345233688E-010   1181.0204655308542        28.807208734913328        5.7135225755472003     
   31.622776601683810       0.14454949431936259        8.3386535475549091E-003   17.422654532494256        2.1658505999271160E-004   1.8868606550864498E-010   1.7233869848573096        6.0017969152239832E-004   4.2040365754391872E-007   2.6824457107152777E-003   1.4980052638360437E-014   1.1621278949792584E-002   19.155413520710628        6.2963310765008885E-239   1192.8959848683110        394.02486096734907        8.5379899957252032        5.8925956018423473E-010   0.0000000000000000        2.3148708147539807E-029   2.1219663131460769E-002   6.1234441958462710E-005   1.9070459803184527E-003  -3.4496060479754253E-006  -2.5650465106320536E-010   1550.1935402916208        36.269714036303334        9.0175107099332532     
   39.810717055349755       0.12202711018919943        8.6527279160746578E-003   21.935536365083941        3.3825465851733470E-004   2.1192023536519330E-010   2.1697517218964122        6.1952903293448810E-004   6.3998640382478248E-007   3.3768883416384547E-003   3.7064560201455153E-014   1.2649145290647600E-002   24.115236853246397        3.0865838628057415E-283   1644.7982008326430        436.21546260069846        9.5096703267804958        1.4830889788688714E-009   0.0000000000000000        6.9911191853868271E-031   1.9472060243152029E-002   6.4033940168475829E-005   2.0418851071425529E-003  -3.4097852831000545E-006  -2.5327539499153953E-010   2030.7792908270694        45.664493260283585        14.083219802730278     
   50.118723362727273       0.10446005569258704        8.9897090118201753E-003   27.616909746310391        5.2475459699304115E-004   2.4113572999104625E-010   2.7316952693338195        6.4025146970950056E-004   9.7388800225960755E-007   4.2510823533055764E-003   9.1093543282274998E-014   1.3881042834835253E-002   30.359284485319726        0.0000000000000000        2248.9060416325360        474.53067427298186        10.759007369968414        3.7720624198104345E-009   0.0000000000000000        1.5831438685307984E-032   1.7614835992649975E-002   6.8037499656614463E-005   2.2142068239744007E-003  -3.3790180615664257E-006  -2.5078392498377020E-010   2654.8716920649290        57.491873980256422        21.848137626070304     
   63.095734448019392        9.0510254458524272E-002   9.3412363185689084E-003   34.769305467806490        8.1069834918381511E-004   2.7720669451074725E-010   3.4391448454636953        6.6177520399181473E-004   1.4828167392407120E-006   5.3515388377120216E-003   2.2294454625933567E-013   1.5354550360272744E-002   38.220074721491116        0.0000000000000000        3049.9168524407514        507.32808211374373        12.342308991319598        9.6966990990835707E-009   0.0000000000000000        2.7269947072107540E-034   1.5980857172258715E-002   7.3292787041305950E-005   2.4277910526699473E-003  -3.3547673260080073E-006  -2.4882235674010121E-010   3463.4457054705786        72.381713597361156        33.753394839589902     
   79.432823472428254        7.9265476937405779E-002   9.6988110749842704E-003   43.773565814793571        1.2493569635777366E-003   3.2121499255927998E-010   4.3297764428557350        6.8352334829724988E-004   2.2608626309950799E-006   6.7367941279341762E-003   5.4428201609629335E-013   1.7119128551215695E-002   48.116223305999739        0.0000000000000000        4104.0926098704658        533.41071328199268        14.337185519152500        2.5191565589041374E-008   0.0000000000000000        3.6378262568421850E-036   1.4368254761075991E-002   7.9913707513916301E-005   2.6882333622009016E-003  -3.3353351738091071E-006  -2.4725195635180381E-010   4508.7029770250419        91.126933125141903        52.016929514764549     
   100.00000000000010        7.0089397616451610E-002   1.0053821971618186E-002   55.109110610925832        1.9228545129776821E-003   3.7448620094987832E-010   5.4510211754991618        7.0492042117225066E-004   3.4546049681524250E-006   8.4805129736789768E-003   1.3270302934406244E-012   1.9239255366469414E-002   60.574736237843737        0.0000000000000000        5482.6403536878852        552.27564886074708        16.848969727208413        6.6129570390573614E-008   0.0000000000000000        3.8533345889005535E-038   1.2865151498134575E-002   8.8081720032423685E-005   3.0032058811070459E-003  -3.3195543897641088E-006  -2.4597756171318054E-010   5856.9943937726912        114.72572820906085        80.057974289654297     
   125.89254117941688        6.2523224171134650E-002   1.0397372748339665E-002   69.379444887653506        2.9579905166924754E-003   4.3861030951734956E-010   6.8625911399553408        7.2538021707725480E-004   5.2937407431352516E-006   1.0675388635453652E-002   3.2339135188250708E-012   2.1798141600870572E-002   76.259074761607650        0.0000000000000000        7275.9477993436176        564.10215144798326        20.018217340648558        1.7536193768376342E-007   0.0000000000000000        3.3405216387279532E-040   1.1496135579569388E-002   9.8044943542272131E-005   3.3826060350813643E-003  -3.3065937674363166E-006  -2.4493153095619514E-010   7592.4802736240736        144.43470441823612        123.15582231319651     
   158.48931924611156        5.6228377528415870E-002   1.0720456907162954E-002   87.344261365724350        4.5508486223259908E-003   5.1550104608951829E-010   8.6396592584471108        7.4431793420383862E-004   8.1403368948338819E-006   1.3438042118082217E-002   7.8817769182499495E-012   2.4902816959449008E-002   96.004487096257478        0.0000000000000000        9599.2773565981406        569.67818579477887        24.031789454514520        4.6961287753028306E-007   0.0000000000000000        2.4539896552467970E-042   1.0278238258053764E-002   1.1012551922663511E-004   3.8389258361830655E-003  -3.2958462418799027E-006  -2.4406453917759562E-010   9821.6890131565287        181.83576093448693        189.47440877265763     
   199.52623149688830        5.0950286737861443E-002   1.1014356661832873E-002   109.95984020938833        7.0051273732786665E-003   6.0749328362767323E-010   10.876862453811061        7.6117705316343571E-004   1.2568384038980273E-005   1.6915172390927821E-002   1.9219966593012068E-011   2.8690706105924127E-002   120.86248845166094        0.0000000000000000        12600.352202602200        570.26837104663241        29.138187707752028        1.2695783311258419E-006   0.0000000000000000        1.5876470300177955E-044   9.2186632445277403E-003   1.2473237995813346E-004   4.3877853698007412E-003  -3.2868593669278331E-006  -2.4333987215681348E-010   12679.191983844650        228.92027785307133        291.65821093621457     
   251.18864315095848        4.6494130953215057E-002   1.1271166055081713E-002   138.42988626536152        1.0791902759946331E-002   7.1747547926600006E-010   13.693341345454540        7.7546343929928260E-004   1.9492793790546951E-005   2.1291270209473020E-002   4.6907755104508518E-011   3.3337899703854014E-002   152.15685804583035        0.0000000000000000        16469.101684674064        567.42993233344691        35.668143960512786        3.4635927189063916E-006   0.0000000000000000        9.4243637702833202E-047   8.3159432905293637E-003   1.4237793552050520E-004   5.0485984503288112E-003  -3.2792894763599649E-006  -2.4272967380057586E-010   16334.675871450670        288.19507986554265        449.32045969213715     
   316.22776601683859        4.2709127017642443E-002   1.1484480036748228E-002   174.26949307484941        1.6642986463418542E-002   8.4907477223739782E-010   17.239084851969221        7.8679039850386011E-004   3.0378888989907268E-005   2.6798282145146048E-002   1.1460184882909336E-010   3.9069552580398140E-002   191.55413517018073        0.0000000000000000        21450.557291134803        562.87945901741534        44.063021071965174        9.5316134856535630E-006   0.0000000000000000        5.3585807047886697E-049   7.5635399005946277E-003   1.6370234755220647E-004   5.8454995515821910E-003  -3.2728722619259223E-006  -2.4221254048257296E-010   21001.765643062772        362.81580223707579        692.93010646348921     
   398.10717055349812        3.9477848368635021E-002   1.1650123298184351E-002   219.38561173722871        2.5697066338067228E-002   1.0068989292533861E-009   21.702917580663581        7.9492586104882852E-004   4.7582706675278461E-005   3.3727700297690080E-002   2.8032200802542794E-010   4.6172749456923262E-002   241.15236849972766        0.0000000000000000        27862.356804343446        558.43617821010321        54.914055366586595        2.6448890458768599E-005   0.0000000000000000        3.0548728564491168E-051   6.9536706369593068E-003   1.8950724865744671E-004   6.8086082139780530E-003  -3.2674029641621357E-006  -2.4177190359109588E-010   26949.066531528348        456.75473475096680        1069.8963766253514     
   501.18723362727354        3.6708186931873568E-002   1.1766687769757037E-002   276.17826524703497        3.9728837943788904E-002   1.1968248061287386E-009   27.322555379173760        7.9982545740556687E-004   7.4903630185757132E-005   4.2445658100757365E-002   6.8656999724251985E-010   5.5012171327919968E-002   303.59284481532347        0.0000000000000000        36118.135447354900        556.00321075093416        69.015938751766356        7.3975789699347400E-005   0.0000000000000000        1.8333252857885973E-053   6.4798508030136162E-003   2.2079891530402799E-004   7.9756448452520182E-003  -3.2627216778029121E-006  -2.4139483238863585E-010   34514.047802861423        575.01203987741735        1654.1086521082057     
   630.95734448019493        3.4327781562256854E-002   1.1835834556215695E-002   347.66782682473502        6.1509157917003822E-002   1.4263596669060039E-009   34.397264552958859        8.0164965158466934E-004   1.1847977003300077E-004   5.3411735097968357E-002   1.6838542695675274E-009   6.6049219305768722E-002   382.20074717773571        0.0000000000000000        46760.276403328877        557.64910847017450        87.441527191632844        2.0848433110157773E-004   0.0000000000000000        1.2212816750019250E-055   6.1393301934501753E-003   2.5884737971058517E-004   9.3941269009558664E-003  -3.2587032292731711E-006  -2.4107121009565619E-010   44120.556643736534        723.88152572463446        2560.9314432593960     
   794.32823472428379        3.2279665206611741E-002   1.1862202462260342E-002   437.65502650439481        9.5372331015713005E-002   1.7050845848786809E-009   43.303798904898876        8.0075419448705394E-004   1.8823476076023645E-004   6.7202311025235731E-002   4.1355865166090715E-009   7.9865267681983126E-002   481.16223302798187        0.0000000000000000        60505.666772685843        565.75765637753977        111.64584675244342        5.9189539470007237E-004   0.0000000000000000        9.5725373602219170E-058   5.9350666216350751E-003   3.0526408523448096E-004   1.1124251473101853E-002  -3.2552493630182351E-006  -2.4079309897560930E-010   56300.978647596821        911.28501948935514        3970.8233633217005     
   1000.0000000000031        3.0519025286805113E-002   1.1852969831107764E-002   550.92202458177985       0.14811192321424238        2.0452238338964682E-009   54.516463300108192        7.9765790619183187E-004   3.0020618966526306E-004   8.4539459449702065E-002   1.0171792264439059E-008   9.7190087187001659E-002   605.74736235605383        0.0000000000000000        78311.197279586238        583.29771982286525        143.61265989971224        1.6924638431808363E-003   0.0000000000000000        9.4158181705270911E-060   5.8782828123257105E-003   3.6210606451386442E-004   1.3242753531344324E-002  -3.2522829719148976E-006  -2.4055427187774229E-010   71724.299767434175        1147.1929753407956        6166.6342724571459     
   1258.9254117941714        2.9010649386428212E-002   1.1817147728370510E-002   693.48496768647976       0.23039878157481716        2.4623861067658562E-009   68.632372208599250        7.9299319837415453E-004   4.8027480677353545E-004  0.10632652394488411        2.5055077085429983E-008  0.11893666487162877        762.59074759915541        0.0000000000000000        101468.07637222458        614.25862806256157        186.06213244436705        4.8734926384457746E-003   0.0000000000000000        1.2476324494809850E-061   5.9922502152848734E-003   4.3201462468375686E-004   1.5848036005750375E-002  -3.2497435771730094E-006  -2.4034984598344427E-010   91231.624876253278        1444.1534387621191        9592.6444810016019     
   1584.8931924611190        2.7727006673641877E-002   1.1764790920611485E-002   872.91100714245260       0.35903162755949680        2.9765523832309181E-009   86.403248312758009        7.8745203188560831E-004   7.7009956377062773E-004  0.13369166329501792        6.1806979341593388E-008  0.14624390624751502        960.04487095328216        0.0000000000000000        131740.11881699727        664.38965464874514        242.74792003416297        1.4131154125702034E-002   0.0000000000000000        2.4054381541057857E-063   6.3188578546003130E-003   5.1840222497814468E-004   1.9067068940398786E-002  -3.2475839592337430E-006  -2.4017600975639143E-010   115881.06579067661        1817.9570913852456        14948.268116145584     
   1995.2623149688870        2.6646762697813749E-002   1.1706275689556027E-002   1098.7159051856588       0.56051836804770294        3.6133947770263670E-009   108.77545456996693        7.8173673464518778E-004   1.2364893014275530E-003  0.16804076599201484        1.5269428414162547E-007  0.18052877841621606        1208.6248845041453        0.0000000000000000        171568.58808369975        742.47403045756096        318.88494567649650        4.1259411354571777E-002   0.0000000000000000        7.3270968107058354E-065   6.9302388316753154E-003   6.2570456286203057E-004   2.3064678062991981E-002  -3.2457675628894725E-006  -2.4002981282781353E-010   147004.38491790765        2288.4730753235808        23337.160869519626     
   2511.8864315095898        2.5753664918562548E-002   1.1651763017921214E-002   1382.8621803260610       0.87679012646197318        4.4060408258602232E-009   136.94039156524263        7.7652262614352112E-004   1.9860549312579788E-003  0.21112119784277381        3.7778400396865920E-007  0.22354948348683853        1521.5685804298716        0.0000000000000000        224379.67498797280        862.60984116471002        421.76993584266182       0.12130643799513673        0.0000000000000000        3.8420920057872865E-066   7.9500936794584635E-003   7.5972286711347532E-004   2.8056127181389355E-002  -3.2442665514058668E-006  -2.3990900867988642E-010   186278.39071618623        2880.6989494383542        36505.123465120996     
   3162.2776601683922        2.5035716771707933E-002   1.1610888683231402E-002   1740.3823403577246        1.3743420109660709        5.3974302217359285E-009   172.39794399724707        7.7243336251640383E-004   3.1878378791702871E-003  0.26509783766655970        9.3601024651581609E-007  0.27748115971230752        1915.5413516989495        0.0000000000000000        295051.10068848822        1048.4392108917159        561.68775930367553       0.35914988573606738        0.0000000000000000        3.7827314769432732E-067   9.5940224092196900E-003   9.2809092767138655E-004   3.4324238418970775E-002  -3.2430603712527663E-006  -2.3981193856952806E-010   235814.87541628417        3626.0788164563141        57220.677194515614     
   3981.0717055349896        2.4484603551314189E-002   1.1592670394978107E-002   2190.1571798199225        2.1588937171699554        6.6434666418935863E-009   217.03635505104529        7.7002501051314930E-004   5.1077357311029303E-003  0.33264277500536399        2.3221966482014559E-006  0.34500547041085522        2411.5236850007132        0.0000000000000000        390627.84775121219        1341.2972790091787        753.24504016763251        1.0708154559342404        0.0000000000000000        7.6112267585887986E-068   1.2248772012364510E-002   1.1409165003696013E-003   4.2242827680240382E-002  -3.2421347596633257E-006  -2.3973745113647529E-010   298273.89782971801        4564.1567730959387        89885.457551147832     
   5011.8723362727451        2.4095332193305063E-002   1.1605585589616161E-002   2755.8853651474574        3.3989626988203048        8.2172438631264771E-009   273.23278229217061        7.6976920349856816E-004   8.1599408704143596E-003  0.41703991517928529        5.7682345587628348E-006  0.42941526997240004        3035.9284481920618        0.0000000000000000        521429.65588564757        1816.5374517404382        1017.3475617906405        3.2152045173439818        0.0000000000000000        3.3879235079890125E-068   1.6634549519385949E-002   1.4116678391482393E-003   5.2308972959488213E-002  -3.2414811122961967E-006  -2.3968485141226520E-010   377006.49677316105        5744.6487875907696        141515.68229270828     
   6309.5734448019621        2.3866066543400663E-002   1.1657766636222887E-002   3467.2874310666325        5.3638604706940010        1.0214741149376099E-008   343.97989002594170        7.7201838004958205E-004   1.2982190641553612E-002  0.52230563236788263        1.4342639956029551E-005  0.53473541738415509        3822.0074718189780        0.0000000000000000        702777.14112698217        2617.5847250974225        1384.1565477184472        9.7218628264538012        0.0000000000000000        3.5787126887197560E-068   2.4153008134822771E-002   1.7584077921977530E-003   6.5187734215303050E-002  -3.2410961969422614E-006  -2.3965387749060214E-010   476234.53747040097        7230.0352787943766        223324.12606251996     
   7943.2823472428536        2.3798136110995245E-002   1.1757264312183418E-002   4361.5944239239834        8.4850762742848094        1.2762544444071950E-008   433.04521969124903        7.7692159498798236E-004   2.0543218657724082E-002  0.65332659134451432        3.5689323055153270E-005  0.66586077725168569        4811.6223303497100        0.0000000000000000        957694.83805019583        4029.9489074083963        1897.5464732593932        29.600814784194156        0.0000000000000000        9.5035828370303887E-068   3.7671020662823455E-002   2.2055234441838525E-003   8.1774509739797815E-002  -3.2409821559108299E-006  -2.3964470077707571E-010   601277.43318736670        9098.7993131227067        353275.82696857594     
   10000.000000000040        2.3896196111642863E-002   1.1912344918188282E-002   5485.3778130703049        13.455644303806528        1.6028372946357816E-008   545.17182538548343        7.8422974587208339E-004   3.2292127453034038E-002  0.81601579192371021        8.8838871376622027E-005  0.82871236658777059        6057.4736236380650        0.0000000000000000        1321151.0632599404        6648.8964148170498        2621.8857818155407        90.740196612303336        0.0000000000000000        6.6166166699141964E-067   6.3382950992506515E-002   2.7861652793903873E-003  0.10328245437644795       -3.2411467790056660E-006  -2.3965794778095141E-010   758838.05878746149        11449.461407395638        560225.23724725470     
