  0.10000000000000001        8.3822231006622285        4.0247867833872212E-003   5.1098224054493942E-002   1.7711068622554212E-012   2.9962754676506792E-012   5.2006394354414285E-003   2.5108665297302594E-004   9.0029996005907328E-014   3.2723580278842023E-008   1.7911039273330047E-033   4.2759061599405256E-003   6.0574736929837829E-002  0.34006971517035234        3.0253256974777489E-004   2.1842088604557481E-009   1.9359045272765344E-008   3.5916704354729721E-029   1.4501077223355452E-029   2.3499834589271431E-041   5.0070397683660351E-008   6.8444452865753236E-003   7.9617619974494732E-003   0.0000000000000000        0.0000000000000000        5.9898059393947957E-008  0.35524582863266779        1.2462054362346948E-007   1.6889498408621993E-004
  0.12589254117941673        8.2897176170349098        4.5140033924456107E-003   6.4881755664732255E-002   3.1748984799262407E-012   4.2437420926498999E-012   6.5820600928359887E-003   2.8125638484356307E-004   1.2798706507684758E-013   4.1196837354678820E-008   5.0871999564436955E-033   4.7953009741265283E-003   7.6259075541207214E-002  0.43191267105458186        4.4549183427972875E-004   3.4749728286303424E-009   2.5858654099836788E-008   1.2665583149122446E-028   5.1779882947320440E-029   1.1639501716474064E-040   9.9646607484019133E-008   8.5636435414085752E-003   9.9996309616770147E-003   0.0000000000000000        0.0000000000000000        8.2212499338977257E-008  0.45093667745028926        2.2339565327745597E-007   2.3062642697303521E-004
  0.15848931924611134        8.1972121334075929        5.0599859220841949E-003   8.2304099628565580E-002   5.6744629425618644E-012   6.0011425125865513E-012   8.3254070581448014E-003   3.1499641893553812E-004   1.8186877362319820E-013   5.1864352466237600E-008   1.4405739396793786E-032   5.3750342053721992E-003   9.6004489039079030E-002  0.54779371928271692        6.5758393073698997E-004   5.5228867978343050E-009   3.4523722237169671E-008   4.4522995877593456E-028   1.8413195894624825E-028   5.7284579674602231E-040   1.9757934654685827E-007   1.0702851419634181E-002   1.2545711165134633E-002   0.0000000000000000        0.0000000000000000        1.1267524675367917E-007  0.57187218722894828        3.9927272133809238E-007   3.1451314746540489E-004
  0.19952623149688792        8.1051834821701050        5.6694312286292448E-003  0.10431543677010435        1.0111243094407007E-011   8.4747146567812349E-012   1.0524890040251887E-002   3.5273339814769123E-004   2.5838180336956398E-013   6.5306525820981722E-008   4.0676661537728967E-032   6.0222299333027567E-003  0.12086249145735566       0.69450383172219421        9.7330909434376100E-004   8.7699039696201353E-009   4.6074379077294606E-008   1.5604815619141988E-027   6.5226765498439680E-028   2.8019695213152821E-039   3.9034521308600751E-007   1.3364107390938029E-002   1.5725833713206884E-002   0.0000000000000000        0.0000000000000000        1.5419328800267837E-007  0.72464246223714979        7.1145826261969014E-007   4.2845383988355883E-004
  0.25118864315095796        8.0131548309326170        6.3495465728945809E-003  0.13211319825769843        1.7968212361488451E-011   1.1952498396443945E-011   1.3299182283590321E-002   3.9493425971724987E-004   3.6689118475237979E-013   8.2216818296616515E-008   1.1451750815793475E-031   6.7445630494301278E-003  0.15215686140983700       0.87954788212610868        1.4442043251041367E-003   1.3914528428194586E-008   6.1463094994264793E-008   5.4522897910002783E-027   2.3016129987387701E-027   1.3622094896542879E-038   7.6860878814048258E-007   1.6671990472843706E-002   1.9694980381695079E-002   0.0000000000000000        0.0000000000000000        2.1067503629119230E-007  0.91755212132891129        1.2642988631296411E-006   5.8294095974814727E-004
  0.31622776601683783        7.9211261796951282        7.1084911725135553E-003  0.16720577520031668        3.1842557690548036E-011   1.6837783415478982E-011   1.6797746167021919E-002   4.4212512189877864E-004   5.2081912587335187E-013   1.0350598883243489E-007   3.2150015039958397E-031   7.5507198004011672E-003  0.19155413772543606        1.1127563375118346        2.1488922743143264E-003   2.2060909230663882E-008   8.1958018999890880E-008   1.8993691950462451E-026   8.0918675169925462E-027   6.5829757220109048E-038   1.5083753265769145E-006   2.0781529085501228E-002   2.4646585799071381E-002   0.0000000000000000        0.0000000000000000        2.8736805425125453E-007   1.1610622200288330        2.2405406101269475E-006   7.9214154947101817E-004
  0.39810717055349715        7.8295743608474728        7.9555662697313890E-003  0.21149309225624638        5.6284073462375562E-011   2.3695732293576262E-011   2.1208810867827159E-002   4.9490134502454622E-004   7.3913175014929328E-013   1.3030800030608055E-007   9.0020694938278958E-031   8.4505979227562419E-003  0.24115237085139765        1.4076755135198558        3.2065938414676605E-003   3.4954467667462230E-008   1.0925162938507195E-007   6.5985799687130719E-026   2.8352971800724048E-026   3.1637424330183198E-037   2.9510945744349188E-006   2.5886656926695339E-002   3.0822975023455847E-002   0.0000000000000000        0.0000000000000000        3.9130290398171866E-007   1.4683490090680564        3.9603210747500257E-006   1.0753110087364788E-003
  0.50118723362727213        7.7382609581947328        8.9008777566618701E-003  0.26736861306832327        9.9225279592244179E-011   3.3315005626986742E-011   2.6769436742751007E-002   5.5391815457957107E-004   1.0487050545735101E-012   1.6404823306590942E-007   2.5138046730958975E-030   9.4549599594745074E-003  0.30359284592076624        1.7798177073110566        4.7988360963534191E-003   5.5351555439183763E-008   1.4558500467486633E-007   2.2859192751664592E-025   9.9008707515427500E-026   1.5118370147069050E-036   5.7558134300934767E-006   3.2225082986478949E-002   3.8523411864965142E-002   0.0000000000000000        0.0000000000000000        5.3185874285781831E-007   1.8560110949339901        6.9817968342290368E-006   1.4580520849642826E-003
  0.63095734448019303        7.6469475555419919        9.9556549840767936E-003  0.33784702618074375        1.7445946616652911E-010   4.6796423270297685E-011   3.3778159892917957E-002   6.1990596995609713E-004   1.4876565555074269E-012   2.0652489448095983E-007   7.0004724697715379E-030   1.0575767478927372E-002  0.38220074737661353        2.2479685597926728        7.2029480394989855E-003   8.7604144065538540E-008   1.9393159679358944E-007   7.8958889778910984E-025   3.4455855211651563E-025   7.1820779726014711E-036   1.1190486142504914E-005   4.0090256677517873E-002   4.8119297003440663E-002   0.0000000000000000        0.0000000000000000        7.2151635243257096E-007   2.3449549252256441        1.2275506338588008E-005   1.9745469520953992E-003
  0.79432823472428127        7.5561109852790835        1.1132809579898161E-002  0.42672482417354246        3.0591550348898095E-010   6.5680521400459108E-011   4.2610903600476924E-002   6.9369563118768505E-004   2.1099662512425456E-012   2.6000008106713718E-007   1.9441308989001315E-029   1.1826765211166913E-002  0.48116223359693627        2.8386979571882742        1.0843519206101241E-002   1.3858649942123253E-007   2.5826123464690946E-007   2.7195613784718683E-024   1.1951121822247501E-024   3.3923130725028806E-035   2.1689832989339898E-005   4.9850242398896183E-002   6.0076715764311790E-002   0.0000000000000000        0.0000000000000000        9.7685719832003433E-007   2.9615084441843891        2.1525158735535517E-005   2.6712380794748419E-003
  0.99999999999999967        7.4656320393085478        1.2446434561229975E-002  0.53878366813205503        5.3491843521065727E-010   9.2113674343028627E-011   5.3741056860422520E-002   7.7620383982386501E-004   2.9921483607837741E-012   3.2732148306670922E-007   5.3835209987294279E-029   1.3222965722536907E-002  0.60574736446336830        3.5826942046814150        1.6372256467554688E-002   2.1914721995792171E-007   3.4383165794548211E-007   9.3386763407541055E-024   4.1310741515592603E-024   1.5926001053833409E-034   4.1905653731462226E-005   6.1956954574884038E-002   7.4971919580657395E-002   0.0000000000000000        0.0000000000000000        1.3198093248977154E-006   3.7388310180778683        3.7638511605831092E-005   3.6097712604282761E-003
   1.2589254117941668        7.3755703216791160        1.3912358406049142E-002  0.68004522587329175        9.3262317431034314E-010   1.2908932731853451E-010   6.7764706201116812E-002   8.6845907871383366E-004   4.2426165983984115E-012   4.1207424600076382E-007   1.4862751728039392E-028   1.4781229559008976E-002  0.76259075142441790        4.5190861172835248        2.4791787411497339E-002   3.4640889459228451E-007   4.5763214346396658E-007   3.1967801073344348E-023   1.4229657614663832E-023   7.4300302356527937E-034   8.0698288596237273E-005   7.6971307284473572E-002   9.3522752898489922E-002   0.0000000000000000        0.0000000000000000        1.7793070101467881E-006   4.7186806772743708        6.5622244176952098E-005   4.8727740313985902E-003
   1.5848931924611129        7.2860450404882418        1.5548304567767747E-002  0.85809253550575126        1.6210154025468087E-009   1.8077863081442458E-010   8.5432422571415825E-002   9.7161326862667513E-004   6.0149712852822582E-012   5.1877130735399075E-007   4.0902375785471635E-028   1.6520436607701774E-002  0.96004487915559233        5.6974184427247812        3.7647903477069894E-002   5.4739262227869106E-007   6.0895171991807243E-007   1.0907207990283601E-022   4.8836946233274891E-023   3.4436332890654317E-033   1.5487383221102116E-004   9.5589034952767368E-002  0.11662302447691268        0.0000000000000000        0.0000000000000000        2.3934149270048614E-006   5.9536424956955312        1.1405964540736293E-004   6.5708794925902272E-003
   1.9952623149688791        7.1971754038333895        1.7374081571175672E-002   1.0824745709140444        2.8083214747737307E-009   2.5298762427662010E-010  0.10768928146993291        1.0869552391050139E-003   8.5268297470112226E-012   6.5309383862369009E-007   1.1218251950715651E-027   1.8461689904119311E-002   1.2086248948109009        7.1800369619823510        5.7328565425982830E-002   8.6473460235170852E-007   8.1013322621463594E-007   3.7085732174589578E-022   1.6697654942839952E-022   1.5849996746477041E-032   2.9617400017771365E-004  0.11867265924784957       0.14538523996046931        0.0000000000000000        0.0000000000000000        3.2120606886060379E-006   7.5099339262634048        1.9760216411227144E-004   8.8520502310832586E-003
   2.5118864315095797        7.1089614117145530        1.9411698385510649E-002   1.3652157220929788        4.8482577188094643E-009   3.5378347172820916E-010  0.13572524651122569        1.2159218085997098E-003   1.2086566440026469E-011   8.2219582545499596E-007   3.0656648681821194E-027   2.0628442389935813E-002   1.5215685984948302        9.0429906840869592        8.7529608264739198E-002   1.3656938592109169E-006   1.0775576678271517E-006   1.2562831668503942E-021   5.6862009368913876E-022   7.2413865132068195E-032   5.6425793426506242E-004  0.14728855134704791       0.18119144041870827        0.0000000000000000        0.0000000000000000        4.3005259541245643E-006   9.4709375424850375        3.4113837251768472E-004   1.1913308955860909E-002
   3.1622776601683786        7.0215222722291948        2.1685863759199869E-002   1.7214567855624061        8.3385668841937452E-009   4.9436757309785576E-010  0.17103859237947344        1.3601248888412073E-003   1.7131028342891569E-011   1.0350823643124436E-006   8.3450325591240507E-027   2.3047023730405389E-002   1.9155413832670545        11.383212860744134       0.13398008714011461        2.1563776729399318E-006   1.4330005205651875E-006   4.2388237549237962E-021   1.9281763280362593E-021   3.2823197533848299E-031   1.0707151734552743E-003  0.18276097842431391       0.22576382960015340        0.0000000000000000        0.0000000000000000        5.7439646512533875E-006   11.941645887429617        5.8672729483164412E-004   1.6018176083443816E-002
   3.9810717055349714        6.9348579853773105        2.4224034195675238E-002   2.1702625430316429        1.4283642892522654E-008   6.9025196131828655E-010  0.21551576487629598        1.5213615580922189E-003   2.4279164864746856E-011   1.3030899830598196E-006   2.2620537877107188E-026   2.5746698843750516E-002   2.4115237322289924        14.318453254762208       0.20557355290249021        3.4041390399176814E-006   1.9053587028966976E-006   1.4241237835392796E-020   6.5088719235683425E-021   1.4751921406255702E-030   2.0230946690047518E-003  0.22672744481799381       0.28124205876109432        0.0000000000000000        0.0000000000000000        7.6531102628329296E-006   15.054261213028878        1.0050411864605889E-003   2.1516979263874157E-002
   5.0118723362727211        6.8490430562198163        2.7056972436258171E-002   2.7356379327567750        2.4360702158785901E-008   9.6288263249887088E-010  0.27153190770834518        1.7016454204987063E-003   3.4407827983913018E-011   1.6404912548857826E-006   6.1038359369485455E-026   2.8760258348011762E-002   3.0359285070432813        17.996735850094183       0.31613316008623987        5.3729362512255650E-006   2.5330260543442465E-006   4.7627064339572313E-020   2.1865787838123942E-020   6.5697902182175970E-030   3.8052000516916565E-003  0.28121974692971669       0.35029077654488872        0.0000000000000000        0.0000000000000000        1.0171639474933055E-005   18.975241847050942        1.7140941694570146E-003   2.8876968167316219E-002
   6.3095734448019298        6.7641072867810745        3.0218975363583932E-002   3.4478078241556247        4.1351644191714371E-008   1.3418149934039163E-009  0.34207743760808151        1.9032258887921726E-003   4.8759238918777173E-011   2.0652522077466857E-006   1.6389564579906433E-025   3.2124266504583845E-002   3.8220075457193703        22.599680089148954       0.48716481034905995        8.4790431409458815E-006   3.3669739359138822E-006   1.5849132323327445E-019   7.3075793027017986E-020   2.8972311358765244E-029   7.1222011999672163E-003  0.34875400269879425       0.43622390591276705        0.0000000000000000        0.0000000000000000        1.3485490036028745E-005   23.914176262657861        2.9096292768767719E-003   3.8719323370287329E-002
   7.9432823472428113        6.6800283255428088        3.3748237410486631E-002   4.3448280532560659        6.9837431728825734E-008   1.8676277851736724E-009  0.43091738438544236        2.1286139447146885E-003   6.9093348347390665E-011   2.5999911832179314E-006   4.3775082755929560E-025   3.5879451346384539E-002   4.8116224286715736        28.347213824571369       0.75215268095937360        1.3378865419891075E-005   4.4748419645215801E-006   5.2460360775099899E-019   2.4286565081085508E-019   1.2641848148980665E-028   1.3260782242684446E-002  0.43244383734380826       0.54316068690092512        0.0000000000000000        0.0000000000000000        1.7834724545047314E-005   30.134954152192112        4.9139771816084045E-003   5.1867997090411254E-002
   9.9999999999999947        6.5968136230111138        3.7687444472353268E-002   5.4746134696638462        1.1730190926734961E-007   2.5958030833205025E-009  0.54279199257107036        2.3806186582134179E-003   9.7903509333007465E-011   3.2731846911845544E-006   1.1625178118955845E-024   4.0071336315257867E-002   6.0574737599693007        35.509120629748651        1.1632567281199055        2.1107439639567064E-005   5.9464275274163556E-006   1.7264328853324189E-018   8.0235536413393068E-019   5.4535853717188299E-028   2.4551373144693446E-002  0.53614775516949853       0.67622642049848436        0.0000000000000000        0.0000000000000000        2.3528676970301732E-005   37.969829206877371        8.2537242740691411E-003   6.9416696932900243E-002
   12.589254117941667        6.5144035751372567        4.2084071572542958E-002   6.8974915447427074        1.9586928342461676E-007   3.6017449612529245E-009  0.68366928125486559        2.6623730491295823E-003   1.3872234465784986E-010   4.1206813485372441E-006   3.0682891066832440E-024   4.4750565303021080E-002   7.6259076623578119        44.405430289364048        1.8017417416644363        3.3296576897104944E-005   7.9008231875836372E-006   5.6463339060369796E-018   2.6338259258706874E-018   2.3239210511698859E-027   4.5180934272135230E-002  0.66463666930602483       0.84178812825186888        0.0000000000000000        0.0000000000000000        3.0965058567682773E-005   47.837126047979865        1.3781967141401631E-002   9.2810801599264428E-002
   15.848931924611133        6.4327255394868548        4.6991009294885630E-002   8.6894169318017340        3.2500358764849568E-007   4.9872279862697185E-009  0.86106298543039372        2.9773749084259990E-003   1.9655493992704370E-010   5.1876099570456556E-006   8.0448790044186127E-024   4.9973571813268676E-002   9.6004489514426137        55.414573095086887        2.7941958546006536        5.2518729832925202E-005   1.0495960648592353E-005   1.8343314984566932E-017   8.5867391470732028E-018   9.7731270475376548E-027   8.2607514985623964E-002  0.82381166838264230        1.0477571197950877        0.0000000000000000        0.0000000000000000        4.0654284129232316E-005   60.263530328507365        2.2868255233767145E-002  0.12395796836335858     
   19.952623149688797        6.3516690390242729        5.2467072342058191E-002   10.946018653639074        5.3565132404389382E-007   6.8884000731294294E-009   1.0844328411113411        3.3295245533093601E-003   2.7849320394697529E-010   6.5307843557736895E-006   2.0944312674667123E-023   5.5803127679723320E-002   12.086249162948432        68.972464931398903        4.3376969187903924        8.2828630620084107E-005   1.3941132162956659E-005   5.9165709466742506E-017   2.7789588582388971E-017   4.0523386582120941E-026  0.14999334730196445        1.0209631946875670        1.3039552860645474        0.0000000000000000        0.0000000000000000        5.3250204314332922E-005   75.912152311834973        3.7690079925484711E-002  0.16536685287399136     
   25.118864315095809        6.2710731893836051        5.8577548066446737E-002   13.787695231314098        8.7651396703800970E-007   9.4853773103397806E-009   1.3656885150203895        3.7231660329095466E-003   3.9458693973664368E-010   8.2217282842870977E-006   5.4116558081249089E-023   6.2308935827640570E-002   15.215686213461778        85.563388266431900        6.7387456339435232        1.3061625892896961E-004   1.8513456820331959E-005   1.8937483109357497E-016   8.9234493815645678E-017   1.6550467457386218E-025  0.27033880517627534        1.2650858936060130        1.6225645396051531        0.0000000000000000        0.0000000000000000        6.9588943584897078E-005   95.617856970173747        6.1674227226887493E-002  0.22032154174125049     
   31.622776601683810        6.1907211109891085        6.5394779675975567E-002   17.366029258263097        1.4234125647439756E-006   1.3013169787091674E-008   1.7198240308701791        4.1631317471780569E-003   5.5907920873456730E-010   1.0350480756789937E-005   1.3870953538670624E-022   6.9568261903910411E-002   19.155414047381559        105.69761299269059        10.473260994757773        2.0594958426525990E-004   2.4579481560535256E-005   6.0118492976497806E-016   2.8415752317539014E-016   6.6513440568683017E-025  0.48341460726188845        1.5672593070215397        2.0186765120654822        0.0000000000000000        0.0000000000000000        9.0737914334897233E-005   120.43174323616425       0.10015570003098397       0.29309713889744732     
   39.810717055349755        6.1103244459722195        7.2998709640123477E-002   21.871862995273247        2.2930801702912506E-006   1.7773158670081813E-008   2.1657164585007047        4.6547874364244292E-003   7.9215998468638824E-010   1.3030395574529530E-005   3.5253012545663400E-022   7.7666527472122437E-002   24.115237537010842        129.86356906883094        16.278578522996749        3.2468703697175318E-004   3.2623349962868278E-005   1.8919113584407156E-015   8.9689133592300593E-016   2.6276291934879509E-024  0.85722827456600859        1.9411000435365746        2.5109569640518723        0.0000000000000000        0.0000000000000000        1.1805751245905437E-004   151.67714082264951       0.16134819613876122       0.38921602597903615     
   50.118723362727273        5.9424274076230352        8.0997029048683583E-002   27.545945092158259        3.8400519025124821E-006   2.3959831837451721E-008   2.7271520722187788        5.1834409908915529E-003   1.1260804819323214E-009   1.6404168627424071E-005   9.3105496030212404E-022   8.6196874208202559E-002   30.359285314520420        119.51596431944313        25.269560035305730        5.0855610395502933E-004   4.2549121337621708E-005   6.0734422349856001E-015   2.8940810930953349E-015   1.0763285499591094E-023   40.592251978837176        2.3590182145186391        3.0795475993427335        0.0000000000000000        0.0000000000000000        1.5267965667434741E-004   191.02326733794661       0.27019790043839237       0.48042871480308535     
   63.095734448019392        5.7963463824219073        8.9981228734701171E-002   34.690275256240689        6.3176889751276487E-006   3.2012130105778140E-008   3.4340300130333579        5.7765954456843165E-003   1.5997200651249377E-009   2.0651443788728018E-005   2.4143948145199652E-021   9.5778475624174214E-002   38.220075728832377        115.08068442244841        39.203087481810471        7.9752664679297552E-004   5.5680382035812953E-005   1.9214174860672996E-014   9.1937384402294170E-015   4.2851970767729321E-023   79.465524030909805        2.8778910803587245        3.7875431159302444        0.0000000000000000        0.0000000000000000        1.9724061072079561E-004   240.56440611373668       0.44453208967967084       0.59927758589819335     
   79.432823472428254        5.5605303559248576        9.9294022536516729E-002   43.686448786384105        1.0874687015634379E-005   4.1816095457706908E-008   4.3240520697139626        6.4078836285415058E-003   2.2811032838674904E-009   2.5998361919430712E-005   6.5484545598084113E-021  0.10572790452697765        48.116224511637157        77.596739844289147        60.672469640801950        1.2414937228910541E-003   7.1435988168655108E-005   6.2265075255491126E-014   2.9952100461380865E-014   1.7802443225971538E-022   156.74521442788867        3.4374131518508513        4.5853511704160574        0.0000000000000000        0.0000000000000000        2.5324970397388053E-004   302.94632902125386       0.76517653254284490       0.68210951267053943     
   100.00000000000010        4.5773877071193425       0.10310838441029788        55.019853724816656        2.4743115803493653E-005   4.6923328175860128E-008   5.4449179653039437        6.8081186569715138E-003   3.3692269859887084E-009   3.2729503498698719E-005   2.3527660619503857E-020  0.10994923257076808        60.574737679419478        1.3727785660866485        92.721937545064748        1.8050665023941301E-003   7.6496250233260092E-005   2.2069418735797344E-013   1.0611270407298953E-013   8.2302887702304812E-022   280.70090930034979        3.3857439916357372        4.8056546574847916        0.0000000000000000        0.0000000000000000        3.1281444553290876E-004   381.53286549372166        1.7410019734456594       0.29879880781126095     
   125.89254117941688        3.7357821479055557       0.10687942015995563        69.288799531116098        4.0570626193789644E-005   5.1440178860475367E-008   6.8561116290747020        7.2048778889954469E-003   4.9936676875383329E-009   4.1203253277436599E-005   6.0919206043583911E-020  0.11412550130222851        76.259076599492147        6.9861639656110712E-003   141.16131594155854        2.6089698616357264E-003   8.1075366082209501E-005   5.5762042125833114E-013   2.5326262873194375E-013   1.8408201729851424E-021   333.77857948682390        3.3096815576168406        5.0024852254242065        0.0000000000000000        0.0000000000000000        3.8693606010532772E-004   480.47464542145525        2.8546744406919315        8.8556610081073503E-002
   158.48931924611156        3.1880074942513605       0.11285330922267599        87.251114181562471        5.9186318948835014E-005   5.8009547409703026E-008   8.6326878179530127        7.7157442885770807E-003   7.3307070762938884E-009   5.1870780137230501E-005   1.4019620087236227E-019  0.12062092429139029        96.004489425664630        5.1190839310638089E-005   214.80291896568608        3.8412969008194981E-003   9.0522354690093524E-005   1.3239716264970818E-012   5.4062510205148212E-013   3.6109635752492276E-021   385.52809465518658        3.4275097720463865        5.4335273684759668        0.0000000000000000        0.0000000000000000        4.8427771136457805E-004   605.02716408261529        4.1645320221294266        2.7484512419541796E-002
   199.52623149688830        2.7399633069886473       0.11958084878490435        109.86511936221194        8.3788556587647721E-005   6.4908628012272584E-008   10.869349584996234        8.2740236467772916E-003   1.0750606370069414E-008   6.5299921884505324E-005   3.1296324622879533E-019  0.12792017235356615        120.86249139675303        2.0002140511199404E-007   325.59611941715713        5.6647134622958405E-003   1.0186908660547194E-004   3.0760335390209579E-012   1.0482703675762515E-012   6.5973762911687649E-021   432.63995331147055        3.5864738194054451        5.9436307688664529        0.0000000000000000        0.0000000000000000        6.0769176535783965E-004   761.83502776267562        5.8956213732249809        6.8281117158261202E-003
   251.18864315095848        2.3513007592066426       0.12672845985449643        138.33578428332973        1.1612665513428134E-004   7.1398003560581651E-008   13.685254129656006        8.8626488452801105E-003   1.5782215861645610E-008   8.2205483664968282E-005   6.8379265229669989E-019  0.13567331418344150        152.15686177499578        2.6872498005446357E-010   490.87017933527034        8.3311395989688723E-003   1.1437220889102939E-004   6.9802056356477109E-012   1.7550133535416949E-012   1.1049600435229301E-020   466.37109317514108        3.7513454204304728        6.4946458817510857        0.0000000000000000        0.0000000000000000        7.6317697708932976E-004   959.25348514513394        8.1710297669899994        1.1903659817698469E-003
   316.22776601683859        2.0024473423004383       0.13401961090034575        174.17993461913875        1.5701448124070714E-004   7.6666120010129182E-008   17.230406809111155        9.4647926250791114E-003   2.3228526728766098E-008   1.0348721348320376E-004   1.4573801218267332E-018  0.14358789073890807        191.55413986073779        7.1099754566291830E-014   734.93351032020723        1.2176784445347113E-002   1.2719079718680936E-004   1.5300937709159387E-011   2.2690224695636654E-012   1.6307909566451377E-020   473.06835471483760        3.8935101553527676        7.0486928305088021        0.0000000000000000        0.0000000000000000        9.5837392889367421E-004   1207.8002451736334        11.048023372263394        1.2227484158104890E-004
   398.10717055349812        1.6767849061585727       0.14096450857223222        219.30728731270602        2.0504020560718734E-004   7.9514545394296628E-008   21.693664501605543        1.0047949543021578E-002   3.4361166170827830E-008   1.3027756560669664E-004   3.0005101826521264E-018  0.15114273568086048        241.15237435283805        1.2617339856418800E-018   1090.5974075304837        1.7585315037049822E-002   1.3857607084445444E-004   3.1712047240671074E-011   1.7327140788656518E-012   1.9622186057023488E-020   433.19041969491610        3.9663826690037172        7.5329859936218266        0.0000000000000000        0.0000000000000000        1.2022834524051467E-003   1520.7172997520033        14.427261523280473        5.2595522952384278E-006
   501.18723362727354        1.3512926820669962       0.14637051778690408        276.12262177648438        2.5235166569971155E-004   7.7725715983454779E-008   27.312824983547053        1.0530147976129918E-002   5.1386888934821453E-008   1.6400160830836404E-004   5.8274737946174868E-018  0.15706466737134236        303.59285212912584        9.1021713625924342E-026   1598.4154377461959        2.4744776503331341E-002   1.4422411763570793E-004   5.9068679646206099E-011   3.2837596544019789E-013   1.5867273526309416E-020   322.58981832943067        3.8684881436895449        7.7716421623174146        0.0000000000000000        0.0000000000000000        1.5041879234127633E-003   1914.6792613948089        17.756241836101459        3.8790331853261817E-008
   630.95734448019493       0.96688790934305890       0.14593743689071603        347.65621987491096        2.6647164702195040E-004   6.5187009305221672E-008   34.387457841652719        1.0608268324495407E-002   7.9450514655101514E-008   2.0645103402704796E-004   9.7452597908804108E-018  0.15675215624923849        382.20075636507295        1.2619577085917838E-040   2287.0196813513348        3.2081110526623574E-002   1.3041313992215339E-004   8.1552598741796541E-011   6.1138284338565837E-017   3.9289202492074523E-021   132.25478135192049        3.2922469049706726        7.1837415407980245        0.0000000000000000        0.0000000000000000        1.8669177909620719E-003   2410.6972878276097        18.749767289494951        9.6949747897806264E-013
   794.32823472428379       0.48267157321504783       0.12905095972041150        437.72823625545391        1.7889619698110775E-004   3.4757888813786782E-008   43.295140442236885        9.4590978766301310E-003   1.3621917472416683E-007   2.5987025669951016E-004   1.0474329885525580E-017  0.13876992785374115        481.16224454768178        1.2523733821458909E-093   3030.7884754987526        3.0400183120549699E-002   7.7235612002558347E-005   4.5960605390133302E-011   4.9680273212060849E-070   9.7145639465494706E-024   10.855405393909825        1.8663233161988593        4.7499984096873078        0.0000000000000000        0.0000000000000000        2.2858080279023209E-003   3035.2586357974315        12.587688408347304        1.1500533927484933E-029
   1000.0000000000031       0.26510032275109541       0.11864516474200414        551.11121348765789        1.2867828211579521E-004   1.9857100896977850E-008   54.508604298806517        8.6565138194861953E-003   2.2872652710376385E-007   3.2710006600762323E-004   1.2024948839916437E-017  0.12762877862749794        605.74737682159014        9.8556621715615171E-181   3824.8557705156250        2.5730403525344586E-002   5.1102057778218197E-005   3.1107976697300084E-011   0.0000000000000000        3.4700736690479784E-027   1.5852220917490378        1.1970784682967097        3.4129840246975456        0.0000000000000000        0.0000000000000000        2.8594947705090092E-003   3821.4618621925501        9.0542009697729533        8.3686392858961418E-058
   1258.9254117941714       0.17989430694016842       0.11730866255549960        693.84005728350530        1.1741992698189381E-004   1.4392081345873791E-008   68.624672365737879        8.4926570706624956E-003   3.6228727844141277E-007   4.1172024256711350E-004   1.7413368015880220E-017  0.12621303986872920        762.59076580872329        2.5492184013776905E-272   4815.6614306667543        2.3237840060496763E-002   4.3213691098727942E-005   3.4584312961828626E-011   0.0000000000000000        2.9599215024697253E-030  0.47824034400157300       0.97996791765861513        2.9782214492232915        0.0000000000000000        0.0000000000000000        3.6184720504362647E-003   4811.1531850064630        8.2620283646111261        1.7056195115361613E-087
   1584.8931924611190       0.13641329163421687       0.12038074299356175        873.52023432824978        1.2164040688360390E-004   1.1842304149869964E-008   86.395386394350652        8.6492607775520373E-003   5.5610797545889130E-007   5.1822534554161993E-004   2.8544486704349933E-017  0.12954822911665539        960.04489400718535        0.0000000000000000        6062.4972748343980        2.2013979238126799E-002   4.1536301972483440E-005   4.9973026479362602E-011   0.0000000000000000        5.1005346949688673E-033  0.20667051004162096       0.90988039257775288        2.8806804099581882        0.0000000000000000        0.0000000000000000        4.5919853897154698E-003   6057.0683343105757        8.5589943528933095        5.5166534193209015E-117
   1995.2623149688870       0.11051642384421938       0.12625326774050016        1099.7221524103247        1.3583162732653284E-004   1.0503599481543955E-008   108.76722648829144        9.0096770649176032E-003   8.3764576128731920E-007   6.5226954786067493E-004   5.0343797058210273E-017  0.13591521435327844        1208.6249135066764        0.0000000000000000        7632.2406820229189        2.1679287228418755E-002   4.3075491157097235E-005   8.4311676044707628E-011   0.0000000000000000        1.5756272955939004E-035  0.10872905313829523       0.90987917124846451        2.9639673802086448        0.0000000000000000        0.0000000000000000        5.8307173224146558E-003   7625.5688379478370        9.5575324106286708        1.3563393563758078E-145
   2511.8864315095898        9.3565560251154228E-002  0.13432061685630617        1384.4928096701015        1.5934525121765844E-004   9.7871488465509634E-009   136.93163967240159        9.5282326642188442E-003   1.2458782663671601E-006   8.2096736849750283E-004   9.3146182921509451E-017  0.14466981688902253        1521.5686168825259        0.0000000000000000        9608.5856609451439        2.2121260151120783E-002   4.6982162755174733E-005   1.5748464717573207E-010   0.0000000000000000        8.3028003873942843E-038   6.7601683097931006E-002  0.95555878990682663        3.1785980170292585        0.0000000000000000        0.0000000000000000        7.4023444158601050E-003   9600.1892808197281        11.212023539491611        6.6600001615745441E-173
   3162.2776601683922        8.1763251932507053E-002  0.14436597349627692        1742.9979281868357        1.9360394994085242E-004   9.4451988700972869E-009   172.38852861277897        1.0187583018638726E-002   1.8362674565741858E-006   1.0332688185113210E-003   1.7826844570691955E-016  0.15558682533342696        1915.5413975640295        0.0000000000000000        12096.861785464973        2.3368566815377481E-002   5.3133929563789821E-005   3.1614999807892285E-010   0.0000000000000000        7.3408986529506043E-040   4.7807493903203532E-002   1.0392845426760926        3.5124949581157412        0.0000000000000000        0.0000000000000000        9.3935320287635050E-003   12086.089764046494        13.622571287740010        1.3260866607749456E-198
   3981.0717055349896        7.3191391924510740E-002  0.15635705174993933        2194.3297777525027        2.4154921807252819E-004   9.3601279653980227E-009   217.02614075370309        1.0984017795039656E-002   2.6877231161790061E-006   1.3004323875934066E-003   3.4992518459204436E-016  0.16864150193257241        2411.5237426741874        0.0000000000000000        15229.689293605155        2.5560258603132682E-002   6.1770758663410672E-005   6.6982305138023989E-010   0.0000000000000000        1.0860701892476257E-041   3.7710889257212284E-002   1.1606735425819661        3.9714945588016182        0.0000000000000000        0.0000000000000000        1.1914158958913613E-002   15215.657369949724        16.996148289826493        1.8406696170016689E-222
   5011.8723362727451        6.6779413805543308E-002  0.17036582356657201        2762.5239877762124        3.0775682743536340E-004   9.4724447207295761E-009   273.22163018163423        1.1921556591217304E-002   3.9124160161342756E-006   1.6366186761136256E-003   7.0057514340389756E-016  0.18392399883390292        3035.9285208516590        0.0000000000000000        19174.063753550359        2.8956269752927102E-002   7.3398629642829023E-005   1.4798770715436129E-009   0.0000000000000000        2.6901373134509996E-043   3.2711021173402195E-002   1.3235643464317801        4.5731738515596234        0.0000000000000000        0.0000000000000000        1.5103106488943608E-002   19155.556791259594        21.654719969854760        2.6482201181509816E-244
   6309.5734448019621        6.1882576862526545E-002  0.18653294290835934        3477.8395708728276        3.9889552050876860E-004   9.7519262771857746E-009   343.96765238640438        1.3009283545594766E-002   5.6696485118834607E-006   2.0596366199828503E-003   1.4250423346825621E-015  0.20160186307393696        3822.0075632767271        0.0000000000000000        24140.266993748872        3.3976796929149837E-002   8.8786381656129877E-005   3.3806682307274237E-009   0.0000000000000000        1.1126001952124271E-044   3.0872393771947372E-002   1.5350639563720108        5.3452269553208520        0.0000000000000000        0.0000000000000000        1.9135708865235680E-002   24115.606095796487        28.067519625250327        5.0728443381439124E-264
   7943.2823472428536        5.8088370256200492E-002  0.20505082368628993        4378.3703495469990        5.2449185013833492E-004   1.0184627856178099E-008   433.03173608953182        1.4260054370121653E-002   8.1854859927421150E-006   2.5918810416493423E-003   2.9365512816800482E-015  0.22190275909806093        4811.6224454982876        0.0000000000000000        30393.106179193219        4.1274114137893919E-002   1.0900910842232183E-004   7.9343915472377693E-009   0.0000000000000000        7.6104139141285395E-046   3.1424831819535461E-002   1.8054336113715257        6.3258347130085459        0.0000000000000000        0.0000000000000000        2.4233201627338052E-002   30359.950469910080        36.904864908649593        1.4312900116241192E-281
   10000.000000000040        5.5119400876483260E-002  0.22615543344234207        5512.0736078914970        6.9806401476779731E-004   1.0766507297485045E-008   545.15691916150774        1.5689851285824664E-002   1.1780565669470619E-005   3.2615093055602495E-003   6.1163086233560569E-015  0.24510679403372698        6057.4737684657630        0.0000000000000000        38266.057433523201        5.1849871355652159E-002   1.3552611630014106E-004   1.9034707081107730E-008   0.0000000000000000        8.4553195870801694E-047   3.4229040357980897E-002   2.1484093853168460        7.5651884293691012        0.0000000000000000        0.0000000000000000        3.0674651682445937E-002   38221.129030488395        49.117937973298176        0.0000000000000000     
