  0.10000000000000001        8.3230603332519504        4.0120677815105961E-003   5.1110941574508482E-002   6.8353368548989481E-010   2.9787485141096328E-012   5.2011250245604882E-003   2.5060109299574981E-004   4.3461851444410786E-012   1.5771046108020675E-006   4.1820585191496763E-027   4.2642459791171474E-003   6.0574736840642684E-002  0.30741844058929668        4.9013273675130024E-002   1.3195507012645005E-002   1.2787275128007628E-002   8.3122868259385270E-023   3.3653244789426075E-023   2.0807093128006709E-032   1.9143357178509178E-005   6.7813842535440596E-003   7.9076163586117090E-003   0.0000000000000000        0.0000000000000000        3.5117168730522619E-002  0.37813881366647939        8.5731583863823577E-005   1.6490239436846223E-002
  0.13182567385564070        8.1552153320312488        4.5901279277693365E-003   6.8076150019783205E-002   1.1845653358128660E-009   4.4947333207872015E-012   6.9001431492913849E-003   2.8663154074334428E-004   6.6384663723271072E-012   2.0790279055959053E-006   1.2589201350185194E-026   4.8788384964182762E-003   7.9853055006717938E-002  0.36922633457852394        7.5485417946308545E-002   2.2968012581410256E-002   1.7994524257524906E-002   3.2156068961323428E-022   1.3247945147442905E-022   1.0317165424841335E-031   3.7249963076775937E-005   8.7912786318422708E-003   1.0323133214481948E-002   0.0000000000000000        0.0000000000000000        5.1529236295547433E-002  0.47605146102610163        1.5453780567485848E-004   2.3376568045616372E-002
  0.17378008287493754        7.9812668762207029        5.2453682090139054E-003   9.0547441433732764E-002   2.0481201112236653E-009   6.7608472117019907E-012   9.1463474074067116E-003   3.2766675357372339E-004   1.0135888867844782E-011   2.7406912281631913E-006   3.7807424146737681E-026   5.5757756538157921E-003  0.10526682789996732       0.43464294435595630       0.11635959383942061        3.9902000382346918E-002   2.5284674658637849E-002   1.2391680712714430E-021   5.1889981326362313E-022   5.0750866909179848E-031   7.2132711936930653E-005   1.1364514446901513E-002   1.3443426754309630E-002   0.0000000000000000        0.0000000000000000        7.5486580477506476E-002  0.59821408977139567        2.7883990002625320E-004   3.2932155034441420E-002
  0.22908676527677729        7.7996891021728514        5.9870924379909762E-003  0.12029242266925790        3.5334781504915433E-009   1.0137610473639745E-011   1.2114824272424232E-002   3.7435873878111998E-004   1.5472329660409068E-011   3.6129326391982579E-006   1.1328611465589468E-025   6.3650641094112944E-003  0.13876870518541051       0.49911926525258177       0.17957732982705693        6.9194285437099060E-002   3.5469153892915245E-002   4.7558516303113444E-021   2.0222592413213443E-021   2.4753972427320225E-030   1.3898165591651516E-004   1.4646996773761928E-002   1.7462730242249275E-002   0.0000000000000000        0.0000000000000000       0.11038704707377398       0.75052418114095065        5.0360284932767820E-004   4.6049298558878946E-002
  0.30199517204020160        7.6043785552978518        6.8237084506967667E-003  0.15964511043773164        6.0825147129704871E-009   1.5144625131709390E-011   1.6036586497343304E-002   4.2736316313778897E-004   2.3619376148838805E-011   4.7627696670148084E-006   3.3866998277949997E-025   7.2558343835015708E-003  0.18293278071393893       0.55076703141102357       0.27755647085047308       0.11974467109627729        4.9629822090208379E-002   1.8157315029940533E-020   7.8355980410754355E-021   1.1942635177061825E-029   2.6611097463591067E-004   1.8802493792308164E-002   2.2610893552707238E-002   0.0000000000000000        0.0000000000000000       0.16109424114730544       0.94027050507730392        9.0998326724040272E-004   6.3677216487039709E-002
  0.39810717055349720        7.3846541900634755        7.7612799848943972E-003  0.21168735730288610        1.0445775080174644E-008   2.2512413759738207E-011   2.1216431823534391E-002   4.8728076639459013E-004   3.6073158517223789E-011   6.2785483581506266E-006   1.0099898159091899E-024   8.2548392996471386E-003  0.24115237076925963       0.56774159129544222       0.42979796643501644       0.20668774863160930        6.9152415055799082E-002   6.8811896976996896E-020   3.0135647336970007E-020   5.6731088199256256E-029   5.0513285464072401E-004   2.3994566723451870E-002   2.9142108377103421E-002   0.0000000000000000        0.0000000000000000       0.23450754349140840        1.1763997662304597        1.6434936131240058E-003   8.6476620642454843E-002
  0.52480746024977254        7.1176280517578121        8.7973830148960555E-003  0.28049225342248002        1.7888693736520602E-008   3.3197398852840398E-011   2.8056663986483776E-002   5.5440139971822764E-004   5.5165895155152656E-011   8.2767311042009290E-006   3.0033073532854370E-024   9.3600611457184835E-003  0.31790073760096560       0.51283553770361845       0.66713178185195177       0.35533648241550797        9.5583454827924325E-002   2.5759603167205801E-019   1.1458662964920272E-019   2.6258501538853739E-028   9.4529186579162103E-004   3.0305535974054058E-002   3.7266024382305134E-002   0.0000000000000000        0.0000000000000000       0.34021600316026179        1.4695596631250036        2.9605551739917907E-003  0.11354336875792487     
  0.69183097091893642        6.7331104125976564        9.8930992475064570E-003  0.37146489937772176        3.0479593291656133E-008   4.8079668476431598E-011   3.7089227012678506E-002   6.2750274221867069E-004   8.4690834333030705E-011   1.0910844648834884E-005   8.8847192955627321E-024   1.0531512834373962E-002  0.41907478933931203       0.32971174897339317        1.0390715748624355       0.60561208517123211       0.12945000697648823        9.3716721024745617E-019   4.2482615232571887E-019   1.1436275975026291E-027   1.7116938112547971E-003   3.7349463018050741E-002   4.6788492270192751E-002   0.0000000000000000        0.0000000000000000       0.49062767562570969        1.8306286734249666        5.2862602735098468E-003  0.13694917094779813     
  0.91201083935590965        5.3781434936523445        1.0392889625564762E-002  0.49233484456346199        4.8895270497542563E-008   6.0007984055212581E-011   4.9042510886369732E-002   6.7782228103446319E-004   1.3507846268869808E-010   1.4383271119964633E-005   2.4753419267489977E-023   1.1085095177719190E-002  0.55244816514697181        6.7848435208959492E-003   1.6420708374514301       0.95895701483019036       0.14537373436698170        2.5989704654083722E-018   1.2270433898661607E-018   2.7517071614872833E-027   9.3917131406741992E-003   3.7131532784807145E-002   5.0068083261693354E-002   0.0000000000000000        0.0000000000000000       0.68219144824598899        2.2279478642889581        8.6147367594027052E-003   6.9635742490816901E-002
   1.2022644346174127       0.24799917793273926        4.0094049645353347E-003  0.65871491027371154        1.8574654415230997E-008   3.0263273322833768E-012   6.5251498843364550E-002   2.9266540105670353E-004   4.6763457264992423E-010   1.8960554558081722E-005   1.6417953496973843E-023   4.3210309201501202E-003  0.72826851663197700        6.3149293830743967E-200   2.6218928289804921       0.20554300166427175        7.8898512666001064E-003   4.8515812845234191E-020   0.0000000000000000        2.2654809204064272E-037   3.1195056616756359E-006   1.3282932414007446E-003   3.8309781681598871E-003   0.0000000000000000        0.0000000000000000       0.85691797106554424        1.9805124377106145        2.5145303819399125E-003   1.5929680856984187E-064
   1.5848931924611134       0.15554137754440303        3.9577520280712451E-003  0.86968304015400855        2.5595620000257618E-008   2.5385151185951490E-012   8.6118254001615852E-002   2.8578219377344981E-004   8.1335391545117001E-010   2.4994681975861174E-005   3.9318501610097273E-023   4.2685289038205563E-003  0.96004487956870910        0.0000000000000000        3.4876094992167634       0.17186478103200584        6.9084650079389515E-003   8.5450795168694468E-020   0.0000000000000000        4.7554201743732411E-041   1.1983938305995213E-006   1.0463457323265665E-003   3.2506588280791070E-003   0.0000000000000000        0.0000000000000000        1.2567945555908966        2.4105706219971390        3.3061679713426895E-003   2.1192131348273482E-104
   2.0892961308540392       0.11727557826042175        4.1505856772138111E-003   1.1475322657244651        3.8655587621315902E-008   2.6732456439222053E-012  0.11360562679347774        2.9707616034121655E-004   1.3411114221365679E-009   3.2949139079830083E-005   1.0317636912828084E-022   4.4806109766348575E-003   1.2655856316666729        0.0000000000000000        4.6465656742992998       0.16550699587431725        7.3031569230558556E-003   2.0758995264951621E-019   0.0000000000000000        6.4082334624392707E-044   7.5942552292910750E-007   1.0130092525547716E-003   3.2742562253120226E-003   0.0000000000000000        0.0000000000000000        1.8223119528158618        2.9958907985146932        4.8230884250463407E-003   2.4852523662158748E-139
   2.7542287033381663        9.5329367518424996E-002   4.4601314254651770E-003   1.5137535288837716        6.0603888609758566E-008   3.0930397727097261E-012  0.14983614449070545        3.1686120556828227E-004   2.1633049079322469E-009   4.3435029287281882E-005   2.8103457391810453E-022   4.8204276603207403E-003   1.6683667872132875        0.0000000000000000        6.2075955155421374       0.16933139267816646        8.3337518450433499E-003   5.7503290367195094E-019   0.0000000000000000        1.9579617314586675E-046   5.9664656539977411E-007   1.0661962854931705E-003   3.5385631088880641E-003   0.0000000000000000        0.0000000000000000        2.6236494515391571        3.7585124519027726        7.3328787268003700E-003   4.9738836429621051E-172
   3.6307805477010131        8.0821742057800294E-002   4.8577099713764463E-003   1.9965376439919511        9.7023228498813429E-008   3.7732401584277707E-012  0.19759734077194513        3.4287079171799927E-004   3.4469750303747521E-009   5.7257924919808228E-005   7.8161482582041822E-022   5.2578386880142540E-003   2.1993357595734477        0.0000000000000000        8.3174836525281393       0.17940361640828123        9.9255882273365514E-003   1.7141743711000193E-018   0.0000000000000000        9.6785948395493121E-049   5.2906494651639750E-007   1.1756215248469508E-003   3.9785294920004627E-003   0.0000000000000000        0.0000000000000000        3.7569248040325243        4.7431910126810131        1.1407096138046552E-002   2.1151709597010134E-203
   4.7863009232263831        7.0379112720489495E-002   5.3355394272423425E-003   2.6330173134322146        1.5740576228605090E-007   4.7597281088943586E-012  0.26056160181008509        3.7441592119414734E-004   5.4500263332339458E-009   7.5479739382912684E-005   2.2027516401800786E-021   5.7854350878194022E-003   2.8992891854022607        0.0000000000000000        11.172423755691602       0.19417310059747805        1.2149209036502497E-002   5.3534831024071978E-018   0.0000000000000000        6.4438983677793489E-051   5.0621940081350821E-007   1.3350185560074758E-003   4.5873488630085966E-003   0.0000000000000000        0.0000000000000000        5.3551528429189172        6.0114957329879095        1.8008822378849151E-002   5.4186096441656480E-234
   6.3095734448019316        6.2433893024921416E-002   5.8942040603745006E-003   3.4721321221163182        2.5773229019211932E-007   6.1432976103997845E-012  0.34356922459103123        4.1143913444593284E-004   8.5716463303529859E-009   9.9500288034258113E-005   6.2648661087609287E-021   6.4051434828546923E-003   3.8220075053667499        0.0000000000000000        15.040657049716490       0.21304816457146536        1.5159692998737056E-002   1.7267193897436064E-017   0.0000000000000000        5.2048240670020136E-053   5.1048301534415968E-007   1.5472430680941048E-003   5.3828575739961349E-003   0.0000000000000000        0.0000000000000000        7.6020023249021476        7.6447863171184300        2.8737667855354036E-002   3.9708086797233096E-264
   8.3176377110267090        5.6136725276708599E-002   6.5380244296456228E-003   4.5783934469363174        4.2483625523949497E-007   8.0581037523734929E-012  0.45300067042210251        4.5415748275364935E-004   1.3431072712232285E-008   1.3116479383324029E-004   1.7936244516082041E-020   7.1233467062325126E-003   5.0383871489433290        0.0000000000000000        20.283771502771156       0.23562248830797475        1.9187645593606795E-002   5.7008351734676783E-017   0.0000000000000000        4.7139653631629024E-055   5.3432021576349726E-007   1.8198710675633356E-003   6.3972792745735788E-003   0.0000000000000000        0.0000000000000000        10.750541798671765        9.7493151783446788        4.6243481686566862E-002   4.4262263646366582E-294
   10.964781961431852        5.0990660719573491E-002   7.2739019540883389E-003   6.0368426180709260        7.0382875504526688E-007   1.0692470069336095E-011  0.59726690951520256        5.0297301974081931E-004   2.0988802607862220E-008   1.7290559022658337E-004   5.1607233179519268E-020   7.9497805640557414E-003   6.6418878102174679        0.0000000000000000        27.391433122118549       0.26157478719555283        2.4556624998987964E-002   1.9154517671919838E-016   0.0000000000000000        4.5184358422786724E-057   5.7458376883706672E-007   2.1644927318882766E-003   7.6763953466593088E-003   0.0000000000000000        0.0000000000000000        15.148293975606057        12.463598759948567        7.4929979226398102E-002   0.0000000000000000     
   14.454397707459281        4.6685385774821044E-002   8.1107325581075071E-003   7.9595861129295065        1.1706403042822254E-006   1.4304628268678436E-011  0.78745574982616695        5.5842590294227692E-004   3.2734932149600762E-008   2.2792889319954080E-004   1.4906108343876159E-019   8.8970873542493258E-003   8.7557133624973336        0.0000000000000000        37.027560619986261       0.29058425439268037        3.1712105376168996E-002   6.5239599028182080E-016   0.0000000000000000        4.3905774568063089E-059   6.3028929779700375E-007   2.5968067526010241E-003   9.2807372800451284E-003   0.0000000000000000        0.0000000000000000        21.270972307106266        15.968149814500093       0.12213759186937087        0.0000000000000000     
   19.054607179632484        4.3014893949031824E-002   9.0590207180808180E-003   10.494410216568548        1.9531870024264051E-006   1.9242035013403381E-011   1.0381838346188526        6.2116244999852268E-004   5.0982659047016219E-008   3.0046097011909661E-004   4.3185885967118835E-019   9.9806441381984374E-003   11.542278140729485        0.0000000000000000        50.088752798993205       0.32220284446387498        4.1262169830765319E-002   2.2460574551089769E-015   0.0000000000000000        4.1727239599020875E-061   7.0146682721584498E-007   3.1370767895675489E-003   1.1287788702058710E-002   0.0000000000000000        0.0000000000000000        29.767837632003225        20.498239445827597       0.20013125951434305        0.0000000000000000     
   25.118864315095820        3.9837625626474617E-002   1.0130827347282642E-002   13.836136888110810        3.2671890213380209E-006   2.5965123351863324E-011   1.3687197579884378        6.9192941686401497E-004   7.9325018063280207E-008   3.9607258317577506E-004   1.2542533107408750E-018   1.1218829347322433E-002   15.215685937241435        0.0000000000000000        67.785724349700843       0.35584516817614004        5.4036970899623338E-002   7.7998838155699869E-015   0.0000000000000000        3.7672470307815941E-063   7.8879986031103197E-007   3.8111314578826317E-003   1.3795969804734996E-002   0.0000000000000000        0.0000000000000000        41.522381244015307        26.360713121206665       0.32945575090753376        0.0000000000000000     
   33.113112148259148        3.7052905843593179E-002   1.1339720103497505E-002   18.241593659281829        5.4767700016730453E-006   3.5072145323886742E-011   1.8044646163455806        7.7156839263293163E-004   1.2334779376587477E-007   5.2210657552920724E-004   3.6500559519318449E-018   1.2633395071659644E-002   20.058180517663541        0.0000000000000000        91.751009061722158       0.39076627501649930        7.1170042787393306E-002   2.7278618727404417E-014   0.0000000000000000        3.1540114457738344E-065   8.9336908317938101E-007   4.6516636270144823E-003   1.6929717839964543E-002   0.0000000000000000        0.0000000000000000        57.733484531574490        33.956031777262844       0.54460080438558778        0.0000000000000000     
   43.651583224016655        3.4587719640694556E-002   1.2700825828520699E-002   24.049347644371291        9.1971473347373062E-006   4.7322343194776419E-011   2.3789037467351326        8.6101844074740089E-004   1.9174308722348540E-007   6.8824137219873605E-004   1.0639909035001070E-017   1.4250085641466835E-002   26.441831629670364        0.0000000000000000        124.18841108719309       0.42611646061714015        9.4211679909259827E-002   9.5962631146947522E-014   0.0000000000000000        2.4043723957752927E-067   1.0166572954356495E-006   5.7000525108199364E-003   2.0846475966318084E-002   0.0000000000000000        0.0000000000000000        80.023676410718124        43.807228520925243       0.90359223482465256        0.0000000000000000     
   57.543993733715780        3.2387212666682888E-002   1.4230747837180315E-002   31.705720102202264        1.5468579051645170E-005   6.3648142093761641E-011   3.1361796294962057        9.6130834141126896E-004   2.9805541416271815E-007   9.0723353815114237E-004   3.1058811065622127E-017   1.6099289716742727E-002   34.857122725035168        0.0000000000000000        168.06681942029113       0.46092610961771024       0.12527991213088999        3.3924582117595852E-013   0.0000000000000000        1.6443088137761686E-069   1.1603691804466036E-006   7.0085274881771043E-003   2.5745042308377545E-002   0.0000000000000000        0.0000000000000000        110.58352867399087        56.597860160656552        1.5042342459565707        0.0000000000000000     
   75.857757502918517        3.0409941481426353E-002   1.5947620187841325E-002   41.799080013270277        2.6051612117037879E-005   8.5150446149482701E-011   4.1344836208303697        1.0735602744697656E-003   4.6342155430855857E-007   1.1958962169614804E-003   9.0772041854394962E-017   1.8217076679272571E-002   45.950636917787200        0.0000000000000000        227.39542069815877       0.49422699753745070       0.16726820788761054        1.2043195534489580E-012   0.0000000000000000        9.9918708825316233E-072   1.3266356825123276E-006   8.6432169270593811E-003   3.1877189114621375E-002   0.0000000000000000        0.0000000000000000        152.36369703948839        73.221923288376857        2.5117058483204744        0.0000000000000000     
   100.00000000000020        2.8623589514754709E-002   1.7870964245711319E-002   55.105051814887446        4.3928092605148102E-005   1.1306208901251102E-010   5.4505271429214188        1.1989786943110601E-003   7.2088933598127148E-007   1.5763882660715569E-003   2.6556415097890032E-016   2.0646331206093937E-002   60.574736756934094        0.0000000000000000        307.58607039539288       0.52507812741032789       0.22411532798492417        4.2906865008621502E-012   0.0000000000000000        5.3624616553575260E-074   1.5179667293192273E-006   1.0687819314113028E-002   3.9561739899524426E-002   0.0000000000000000        0.0000000000000000        209.33043666107110        94.849355476423995        4.2054796646829216        0.0000000000000000     
   131.82567385564101        2.7002720273216249E-002   2.0021570891336913E-002   72.646110342778528        7.4152562952231127E-005   1.4867621384999950E-010   7.1854358540660579        1.3388424884201175E-003   1.1222417155924742E-006   2.0779125298070371E-003   7.7764591802979836E-016   2.3438325909564066E-002   79.853054915350242        0.0000000000000000        415.96058946186719       0.55267087584235586       0.30115635786296158        1.5334276064767008E-011   0.0000000000000000        2.5372297909663867E-076   1.7374757425871433E-006   1.3248511829315185E-002   4.9203306534104374E-002   0.0000000000000000        0.0000000000000000        286.80492082760554        123.01217711385199        7.0593183391125507        0.0000000000000000     
   173.78008287493799        2.5526984562049618E-002   2.2421247846813659E-002   95.770141715354924        1.2530004596357136E-004   1.9324182622870360E-010   9.4725196840541823        1.4944881720140250E-003   1.7488252042595547E-006   2.7389527719841006E-003   2.2790123011579669E-015   2.6654688790811783E-002   105.26682773551985        0.0000000000000000        562.45041981181589       0.57640614181659167       0.40555591805589630        5.4951919746856319E-011   0.0000000000000000        1.0609283938686270E-078   1.9891167308222399E-006   1.6460228383309058E-002   6.1316269264286141E-002   0.0000000000000000        0.0000000000000000        391.91367709692798        159.71773729130382        11.877960210068082        0.0000000000000000     
   229.08676527677795        2.4179869032988795E-002   2.5092434704040954E-002   126.25400568962216        2.1193037786534208E-004   2.4784931340927039E-010   12.487515738759583        1.6672849165148594E-003   2.7288065245760751E-006   3.6102195424417968E-003   6.6839178675058091E-015   3.0369939162997611E-002   138.76870500875802        0.0000000000000000        760.57556565542870       0.59596072297083080       0.54680808609509002        1.9739949137172329E-010   0.0000000000000000        3.9468469314566654E-081   2.2780309569989730E-006   2.0494792336394216E-002   7.6555829052316032E-002   0.0000000000000000        0.0000000000000000        534.18603827567745        207.59767880094057        20.031325986589000       -0.0000000000000000     
   301.99517204020253        2.2947846360912075E-002   2.8057663268683770E-002   166.44005556073535        3.5878742763444907E-004   3.1334754212492268E-010   16.462091079450772        1.8586003200897095E-003   4.2648057194357065E-006   4.7585287012960773E-003   1.9616056013883551E-014   3.4674792290069555E-002   182.93278047863015        0.0000000000000000        1028.8374389504061       0.61134698098999019       0.73724136793900907        7.1061858365191954E-010   0.0000000000000000        1.3212703038799309E-083   2.6110892659744739E-006   2.5571529516358261E-002   9.5758505928452808E-002   0.0000000000000000        0.0000000000000000        726.34601925054790        270.10397931079086        33.857168704464186       -0.0000000000000000     
   398.10717055349858        2.1819705862435514E-002   3.1338791429095056E-002   219.41610324376705        6.0796213377545640E-004   3.9033925535239229E-010   21.701642856384964        2.0697520417254267E-003   6.6783895736367668E-006   6.2719062454481877E-003   5.7606699190152259E-014   3.9680449716268676E-002   241.15237056789039        0.0000000000000000        1392.7172342301210       0.62293892417882257       0.99236477369854803        2.5630423977323594E-009   0.0000000000000000        4.0453909182048041E-086   2.9976109701846994E-006   3.1971073338305275E-002  0.11999481426358075        0.0000000000000000        0.0000000000000000        985.36130061063056        351.76702260663910        57.355977067173377       -0.0000000000000000     
   524.80746024977441        2.0786122763529414E-002   3.4956012570334163E-002   289.25265385498989        1.0311269833916318E-003   4.7928904915423586E-010   28.608763451189791        2.3019462539906992E-003   1.0482130899139349E-005   8.2663043727338424E-003   1.6928065794101479E-013   4.5524263197058712E-002   317.90073751897074        0.0000000000000000        1887.6104583212318       0.63149625569487966        1.3307063585877767        9.2601920014944174E-009   0.0000000000000000        1.1577344322566812E-088   3.4504878224161205E-006   4.0053540157637298E-002  0.15063857247519272        0.0000000000000000        0.0000000000000000        1333.8318119200721        458.53549716319435        97.395974837783513       -0.0000000000000000     
   691.83097091893910        1.9839340970938792E-002   3.8926594674055799E-002   381.31563215357539        1.7504606857369008E-003   5.8074265905300224E-010   37.714173557103678        2.5562000446726321E-003   1.6497061540177374E-005   1.0894432520494334E-002   4.9775388130231371E-013   5.2377227239222765E-002   419.07478942676931        0.0000000000000000        2563.2152502852718       0.63818075407734132        1.7724307015317387        3.3508779736397406E-008   0.0000000000000000        3.1853208182739434E-091   3.9878734900701730E-006   5.0282534725825577E-002  0.18945840958407756        0.0000000000000000        0.0000000000000000        1801.8267422895979        598.22422430886388        165.81450507650788       -0.0000000000000000     
   912.01083935591339        1.8972950430106716E-002   4.3263345965363777E-002   502.67861963302124        2.9744898894868400E-003   6.9562347436784096E-010   49.717499910867062        2.8332480186423893E-003   2.6045415724384546E-005   1.4357361028971017E-002   1.4645441133831497E-012   6.0453955012977185E-002   552.44816511765134        0.0000000000000000        3490.2435859633210       0.64458319959687549        2.3353629433834864        1.2142655661919191E-007   0.0000000000000000        8.7307564730220838E-094   4.6358067659085415E-006   6.3257087876595702E-002  0.23873945630388280        0.0000000000000000        0.0000000000000000        2429.3131977005578        781.10441390022777        283.10779640275950       -0.0000000000000000     
   1202.2644346174179        1.8181749610950645E-002   4.7972850559713169E-002   662.66626011009885        5.0595884840608542E-003   8.2556115129485669E-010   65.541030788821686        3.1334364712316803E-003   4.1269149763801540E-005   1.8919753317561752E-002   4.3120749648694559E-012   7.0026040348506596E-002   728.26851636291963        0.0000000000000000        4770.9511606981059       0.65279166246174858        3.0258740522533363        4.4059646419855723E-007   0.0000000000000000        2.4927258978873365E-096   5.4324448711078465E-006   7.9754541419551087E-002  0.30144666790888303        0.0000000000000000        0.0000000000000000        3269.3648310368817        1020.6819341024860        484.96365382883045       -0.0000000000000000     
   1584.8931924611206        1.7461664381746227E-002   5.3053568159570422E-002   873.57055802266507        8.6157101631588809E-003   9.7322386794450927E-010   86.400579555436238        3.4566115407467790E-003   6.5660051662852712E-005   2.4929835578824354E-002   1.2705465734500051E-011   8.1440015279141548E-002   960.04487917812799        0.0000000000000000        6556.0971287706925       0.66553772548586554        3.8200347258186693        1.6007109529960471E-006   0.0000000000000000        7.8368496232295401E-099   6.4350635599584187E-006  0.10078864922436431       0.38144599323581474        0.0000000000000000        0.0000000000000000        4392.3979361846705        1334.7238077718016        833.94319119724253       -0.0000000000000000     
   2089.2961308540494        1.6809725999575670E-002   5.8494008458830515E-002   1151.5950571857952        1.4688590641058910E-002   1.1426621927550500E-009   113.89890090059930        3.8020153481810887E-003   1.0494800508520824E-004   3.2845532522597178E-002   3.7467077707920084E-011   9.5141556329608773E-002   1265.5856312914837        0.0000000000000000        9073.0672183788374       0.68649544424031395        4.6270013183662044        5.8226823595407927E-006   0.0000000000000000        2.9067215706251696E-101   7.7320825385743993E-006  0.12768920962285002       0.48380735170591699        0.0000000000000000        0.0000000000000000        5891.7598222459155        1746.6124822214995        1440.6198294892949       -0.0000000000000000     
   2754.2287033381804        1.6224083479331963E-002   6.4271296874323813E-002   1518.0993605773419        2.5074568231719965E-002   1.3397072375135807E-009   150.14883744867029        4.1682103149051439E-003   1.6859857264779499E-004   4.3268594360429943E-002   1.1058849262802893E-010  0.11170810154965891        1668.3667866696649        0.0000000000000000        12673.880117563673       0.72085108548870569        5.2209384615945549        2.1207666584599762E-005   0.0000000000000000        1.3850760358056633E-103   9.4643635890036612E-006  0.16221238692233092       0.61522417141380659        0.0000000000000000        0.0000000000000000        7891.0957341318253        2287.1328361764072        2502.3701966510057       -0.0000000000000000     
   3630.7805477010324        1.5704054433964297E-002   7.0350625885837015E-002   2001.2394642455115        4.2866260397696504E-002   1.5724948427632685E-009   197.93565846155190        4.5530629698431226E-003   2.7235033473794383E-004   5.6989021772165784E-002   3.2676046183639519E-010  0.13189271062784591        2199.3357589167144        0.0000000000000000        17919.716275494855       0.77639402319201956        5.1189708316496967        7.7353338082809513E-005   0.0000000000000000        9.4142284984196668E-106   1.1864503294490494E-005  0.20669546262873473       0.78460158177491912        0.0000000000000000        0.0000000000000000        10554.053420522427        2996.8303371881093        4375.7191254825257       -0.0000000000000000     
   4786.3009232264094        1.5250190830287464E-002   7.6686197032048500E-002   2638.1296771063498        7.3401783182203542E-002   1.8522062209154388E-009   260.93106385046883        4.9538244003151455E-003   4.4252720497863911E-004   7.5042661897994162E-002   9.6667393200996355E-010  0.15668268333035781        2899.2891845446152        0.0000000000000000        25734.441247367646       0.86562982989171278        3.3697170386650570        2.8260624262435401E-004   0.0000000000000000        1.0361403870872012E-107   1.5332311474267963E-005  0.26427627945178278        1.0038900405610487        0.0000000000000000        0.0000000000000000        14097.059530488696        3929.1225012771788        7713.7624207851950       -0.0000000000000000     
   6309.5734448019684        1.4864331102507095E-002   8.3224288900982976E-002   3477.6917714741021       0.12592257671495374        2.1941342884691088E-009   343.97529628788794        5.3673449482680713E-003   7.2337149507922501E-004   9.8785486113303261E-002   2.8638115306653078E-009  0.18737711996255429        3822.0075045492690        0.0000000000000000        37692.256956928009        1.0100138476053544       -1.7999948859210393        1.0345468751385175E-003   0.0000000000000000        2.1466952208271942E-109   2.0586399092361473E-005  0.33920720226371653        1.2892772743858731        0.0000000000000000        0.0000000000000000        18806.133637494622        5154.4028822506252        13732.559501170426       -0.0000000000000000     
   8317.6377110267604        1.4549598287774187E-002   8.9908902734951571E-002   4584.4094484190819       0.21648129863449672        2.6192087698734639E-009   453.44903732038603        5.7904471051973749E-003   1.1894808718785586E-003  0.12998873649373274        8.4979246585061391E-009  0.22568808633388168        5038.3871476865770        0.0000000000000000        56573.570945502965        1.2488319698257160       -13.549968203714577        3.7964933602132513E-003   0.0000000000000000        9.9532472072840754E-111   2.8983654090382921E-005  0.43730683288787547        1.6629018944250087        0.0000000000000000        0.0000000000000000        25059.014120107950        6765.4510465760441        24738.908600940242       -0.0000000000000000     
   10964.781961431918        1.4310280178719263E-002   9.6689896082740368E-002   6043.2751076552431       0.37306450993081780        3.1561413377782983E-009   597.76366189244618        6.2204436114038668E-003   1.9667704621568896E-003  0.17095978447211901        2.5262363227160659E-008  0.27387012416626322        6641.8878089072450        0.0000000000000000        87471.600122604170        1.6588266593990801       -37.277588135838499        1.3973833976389776E-002   0.0000000000000000        1.2475496307289394E-111   4.3227558342121518E-005  0.56661026939907078        2.1553178011281195        0.0000000000000000        0.0000000000000000        33354.283129228279        8884.5583745355179        45199.875538244800       -0.0000000000000000     
   14454.397707459368        1.4151530966699057E-002  0.10353266756465151        7966.3063460364392       0.64465331468580112        3.8443857965132270E-009   788.00751976375534        6.6557318305410645E-003   3.2674589967387883E-003  0.22469409537395207        7.5249089087141565E-008  0.33488249476914467        8755.7133608289623        0.0000000000000000        140058.04513434204        2.4001088480048867       -81.786141075151534        5.1617402406243428E-002   0.0000000000000000        5.1182271767356637E-112   6.9024182061828973E-005  0.73830096400606648        2.8090212398345291        0.0000000000000000        0.0000000000000000        44349.730757055426        11672.905059076551        83959.622638404209       -0.0000000000000000     
   19054.607179632600        1.4078866727393228E-002  0.11042755983950554        10501.128108798357        1.1173027532554161        4.7381450616857847E-009   1038.7979005855705        7.0963366935155097E-003   5.4477203064624948E-003  0.29506400945950900        2.2461290321871417E-007  0.41258790599253004        11542.278138786971        0.0000000000000000        233342.08617182382        3.8300787153986180       -160.62373699776757       0.19144152268184900        0.0000000000000000        8.1647916265470996E-112   1.1916956602617600E-004  0.96803476958994805        3.6834536762084111        0.0000000000000000        0.0000000000000000        58912.934132244271        15342.888042501065        158934.31276369764       -0.0000000000000000     
   25118.864315095976        1.4097509840841892E-002  0.11739680288181709        13842.271356246836        1.9427472330256337        5.9117040149714581E-009   1369.4041428591195        7.5442483468275597E-003   9.1012957233676771E-003  0.38704994132239345        6.7183132941745426E-007  0.51199099255103808        15215.685934623234        0.0000000000000000        405893.38032165496        6.8032637929280071       -292.93299852962798       0.71310235337852346        0.0000000000000000        5.7491430684857003E-111   2.2420020675989634E-004   1.2778033813115135        4.8620271935388510        0.0000000000000000        0.0000000000000000        78187.994544749527        20174.316123067809        307251.79159685696       -0.0000000000000000     
   33113.112148259344        1.4211745689538700E-002  0.12449756898973426        18246.041085966175        3.3893735772921376        7.4664423900711105E-009   1805.2281809550159        8.0034302535280932E-003   1.5209118908925418E-002  0.50701879123844162        2.0132224112061883E-006  0.63951979048170404        20058.180515075019        0.0000000000000000        738218.73298286088        13.506700852942034       -501.85273811166678        2.6675009477978424        0.0000000000000000        1.8915516666621021E-109   4.6164944015901965E-004   1.6985400853033501        6.4619218530327744        0.0000000000000000        0.0000000000000000        103683.63547787235        26535.673896834738        607521.90861618600       -0.0000000000000000     
   43651.583224016918        1.4424509319959724E-002  0.13182137701849250        24050.068736654805        5.9331521930523543        9.5399969289905500E-009   2379.7562853349168        8.4794164858930168E-003   2.5374514132992243E-002  0.66305255969548715        6.0417297927183396E-006  0.80335335319987267        26441.831627169329        0.0000000000000000        1402468.9373879111        29.913142599804129       -805.43422880562696        10.015244988969911        0.0000000000000000        2.8311547025995916E-107   1.0405315827580720E-003   2.2737609745971139        8.6477335160371194        0.0000000000000000        0.0000000000000000        137389.50461440426        34912.030198711516        1229412.8141008350       -0.0000000000000000     
   57543.993733716139        1.4737346971322266E-002  0.13949160580012604        31699.002315606129        10.419988878984789        1.2318180209981032E-008   3137.1319589825339        8.9783325528149036E-003   4.2186268549981906E-002  0.86532717737972065        1.8147700677047515E-005   1.0137971157326615        34857.122722284985        0.0000000000000000        2774018.4331473545        73.325658667736178       -1188.0355775675712        37.704497476725344        0.0000000000000000        1.7300595108512580E-104   2.5567536244092974E-003   3.0646735891472305        11.650556394130330        0.0000000000000000        0.0000000000000000        181929.67759175593        45941.652034557192        2545084.8089718116       -0.0000000000000000     
   75857.757502918976        1.5150709771224456E-002  0.14766118296638711        41778.220483776320        18.355794979142857        1.6050355756442432E-008   4135.5476757007564        9.5047167603467802E-003   6.9767941640494838E-002   1.1265371764041803        5.4520711415271751E-005   1.2837030761309141        45950.636915335090        0.0000000000000000        5683433.5250500813        196.47392251026446       -1524.7545001331209        142.13675026313871        0.0000000000000000        3.6317302326126983E-101   6.7972117095271220E-003   4.1573753721706721        15.794774418115525        0.0000000000000000        0.0000000000000000        240765.21512394233        60464.009663700206        5381038.1070746332       -0.0000000000000000     
   100000.00000000081        1.5664349316409927E-002  0.15651170986871593        55058.004238618298        32.424941760995488        2.1068885518217670E-008   5451.7160645224349        1.0056252092911395E-002  0.11459093681828147        1.4623545237981401        1.6369491120421108E-004   1.6289224857597675        60574.736754624690        0.0000000000000000        11986102.046004359        566.63663311780942       -1398.5461787054721        535.67883496461479        0.0000000000000000        2.1156503072088865E-097   1.9359064461517497E-002   5.6729970848999525        21.535668993728400        0.0000000000000000        0.0000000000000000        318461.40296314674        79582.656830452688        11587788.993996372       -0.0000000000000000     
