  0.10000000000000001        8.6015304489135733        4.0657054429964271E-003   5.1057250046298568E-002   2.7602283672745041E-008   3.0668569973195640E-012   5.1993060103057943E-003   2.5242010438127522E-004   2.3409204932720964E-011   8.5445440226486645E-006   6.0146644719305368E-024   4.3266700914003512E-003   6.0574736808549412E-002  0.48917371460817288       0.26514886416612637        8.7879843265828775E-002  0.52587651243013267        1.2456835463486625E-019   4.9783943934106408E-020   1.3109002032795467E-027   8.0759552844801780E-004   7.0823714400062056E-003   8.1656202016707792E-003   0.0000000000000000        0.0000000000000000        1.4154337915568718       0.15101712941378398        1.9421818467612196E-003  0.18438313449254093     
  0.13182567385564070        8.5198967437744137        4.6723833782032417E-003   6.7993801006892909E-002   4.7966235052799924E-008   4.6727758104659962E-012   6.8973068550705410E-003   2.8946782906890832E-004   3.5680331466075030E-011   1.1263897953934476E-005   1.8155388664906989E-023   4.9731151052260841E-003   7.9853055001705697E-002  0.69011261749864561       0.40810128556830200       0.15365065874961636       0.74767527910499176        4.8980040753394992E-019   1.9844390031334334E-019   6.7165526178610833E-027   1.5992507066411382E-003   9.3130290024897189E-003   1.0772795886693848E-002   0.0000000000000000        0.0000000000000000        2.0822916148777382       0.20669327097450624        3.3750522993507464E-003  0.27168662255491632     
  0.17378008287493754        8.4306337203979478        5.3634798873537989E-003   9.0429167646761718E-002   8.3103488784858806E-008   7.0990753414711550E-012   9.1422110492862182E-003   3.3180308892108776E-004   5.4360348614460159E-011   1.4848702137888276E-005   5.4634217219893716E-023   5.7101316784127750E-003  0.10526682787930039       0.96163966778200416       0.62868926994960272       0.26817671619317457        1.0613814824713141        1.9175811333342838E-018   7.8682117417532309E-019   3.4117810823355508E-026   3.1509270703040364E-003   1.2213680208667328E-002   1.4179401624703943E-002   0.0000000000000000        0.0000000000000000        3.0586438749586380       0.28319064764312135        5.8474178888266596E-003  0.39861505729270164     
  0.22908676527677729        8.3325969810485816        6.1498802053053829E-003  0.12012935492999829        1.4353764572062099E-007   1.0755129448764980E-011   1.2109032323318685E-002   3.8015063887433397E-004   8.2794311457628917E-011   1.9574390635502860E-005   1.6389097651066096E-022   6.5496052348152194E-003  0.13876870517278814        1.3204724162887760       0.96964211782911669       0.46729560668048220        1.5041731874002475        7.4728492882411820E-018   3.1029339854489616E-018   1.7171893076699826E-025   6.1753370382134649E-003   1.5974436970243890E-002   1.8620103614725308E-002   0.0000000000000000        0.0000000000000000        4.4854601516625880       0.38838922761157341        1.0099751641952063E-002  0.58199764790025066     
  0.30199517204020160        8.2231162643432594        7.0430971770485745E-003  0.15942523956074742        2.4713140545697457E-007   1.6246794018278158E-011   1.6028645048066142E-002   4.3530454714373426E-004   1.2608141662201654E-010   2.5804055559249278E-005   4.9003258032817991E-022   7.5042057797515575E-003  0.18293278059581677        1.7771810129296384        1.4976791968161325       0.81291287807703361        2.1273228634380623        2.8971225781404346E-017   1.2167191865138354E-017   8.5536223405096870E-025   1.2032213138752664E-002   2.0829908550731503E-002   2.4390110475546893E-002   0.0000000000000000        0.0000000000000000        6.5660161967860393       0.53316221880845871        1.7388928218177006E-002  0.84449542352670071     
  0.39810717055349720        8.0989491100311284        8.0553142953810747E-003  0.21139249561322915        4.2411570495967366E-007   2.4465714496205288E-011   2.1205579401336955E-002   4.9813311892596174E-004   1.9200288455544735E-010   3.4016344361607305E-005   1.4603220797635255E-021   8.5874637586686436E-003  0.24115237066028308        2.3275397277644414        2.3173274010045390        1.4117212893825037        3.0010304787955691        1.1166575600198883E-016   4.7420552061025741E-017   4.2112324322209120E-024   2.3292478481087401E-002   2.7066495718100096E-002   3.1858110498511172E-002   0.0000000000000000        0.0000000000000000        9.5922531344525215       0.73250874894112261        2.9842089620735274E-002   1.2156861270011095     
  0.52480746024977254        7.9543735294342035        9.1981735917549146E-003  0.28009004733008258        7.2554584544005431E-007   3.6706133891865030E-011   2.8041527933711032E-002   5.6953737519587866E-004   2.9246544223755667E-010   4.4842235849827964E-005   4.3376172505751937E-021   9.8125532028006199E-003  0.31790073732243523        2.9281580805902543        3.5930085438039785        2.4468424378302713        4.2192002270508961        4.2749551342232267E-016   1.8358437619071525E-016   2.0451986518374928E-023   4.4753501044243166E-002   3.5015314845060291E-002   4.1468387345683720E-002   0.0000000000000000        0.0000000000000000        13.980564102804673        1.0070680210811103        5.1051644375284262E-002   1.7307303032340249     
  0.69183097091893642        7.7807111730575560        1.0481330030252450E-002  0.37087425393142071        1.2377382985838798E-006   5.4811597997572646E-011   3.7066336021638946E-002   6.5039364511376035E-004   4.4575726184745487E-010   5.9113519456425704E-005   1.2846579711651253E-020   1.1190837194822636E-002  0.41907478910502299        3.4648314597825385        5.5845288984953774        4.2308025882426685        5.9035128662538821        1.6235648981967559E-015   7.0543104333350483E-016   9.7723584181578168E-023   8.5226266322685637E-002   4.5030535783053889E-002   5.3731678998653699E-002   0.0000000000000000        0.0000000000000000        20.319808612578573        1.3851434794910857        8.7091085761298564E-002   2.4244091863412391     
  0.91201083935590965        7.5609868078231823        1.1906882184117316E-002  0.49081673456694302        2.1075188025833443E-006   8.1287581221347332E-011   4.8979004559900147E-002   7.4132850305698417E-004   6.8021352252096923E-010   7.7926702887023689E-005   3.7970780291496653E-020   1.2726137390061324E-002  0.55244816485162263        3.6948525318831353        8.7048625104223536        7.2907063674578811        8.1979264777964804        6.1032774840955588E-015   2.6863860769516610E-015   4.5720073615458574E-022  0.16043490678738700        5.7388385052621706E-002   6.9146159506593627E-002   0.0000000000000000        0.0000000000000000        29.428828621557976        1.9051814588915306       0.14829152575252291        3.3070647963297435     
   1.2022644346174127        7.2565770101547233        1.3452982245310762E-002  0.64926419275663749        3.5885174969889588E-006   1.1910445152137579E-010   6.4702136390839909E-002   8.4202773579039646E-004   1.0406561252132259E-009   1.0272725739430542E-004   1.1221770498366236E-019   1.4397737238495464E-002  0.72826851616357258        3.2028125676700312        13.616458804508333        12.490621784532376        11.224618853728808        2.2586324841317294E-014   1.0098364108967178E-014   2.0696573791319886E-021  0.29657391944219391        7.1941932297208494E-002   8.7892316345253893E-002   0.0000000000000000        0.0000000000000000        42.403153656251632        2.6181147841520178       0.25249916354996449        4.2835712980479705     
   1.5848931924611134        6.7528512735366810        1.5005019414656080E-002  0.85862357188686145        6.1258249914281222E-006   1.6957617067991625E-010   8.5455785694348821E-002   9.4825034155034636E-004   1.6028934327501745E-009   1.3542066838981558E-004   3.3246853512131801E-019   1.6088690424596243E-002  0.96004487898739954        1.6050949567716746        21.404772818919994        21.108151797239518        14.846205018616240        8.0621776957110696E-014   3.6854206652980595E-014   8.6680295258492566E-021  0.52528728723763796        8.6660429218366142E-002  0.10845562247905156        0.0000000000000000        0.0000000000000000        60.513067554240649        3.5850541438720578       0.43103194778538062        4.8447472978463724     
   2.0892961308540392        5.0839379091262824        1.5364911818537571E-002   1.1362981371372753        9.9398997943181941E-006   1.9992048049701254E-010  0.11289637713412634        1.0063256288426491E-003   2.5918650978609826E-009   1.7851872972667195E-004   9.3683141104068682E-019   1.6549756177106890E-002   1.2655856315183704        9.1521563382588583E-003   34.223999383180882        32.509628336262907        15.521554463243605        2.0999388639435994E-013   1.0009263303141628E-013   1.7992917179432699E-020   3.5689882632255343        7.9805772223068186E-002  0.10956939988230022        0.0000000000000000        0.0000000000000000        82.311989946725689        4.7723434346171221       0.69940201934133983        1.7615340335338077     
   2.7542287033381663        3.1479984064102178        1.4635749413440733E-002   1.5035503812959845        1.3825378582415948E-005   1.9137748714168585E-010  0.14914871856338355        1.0042869094519398E-003   4.4116990160542390E-009   2.3533252473571399E-004   2.2644638880110191E-018   1.5875368847628388E-002   1.6683667869394256        1.0921283676415205E-008   55.589895807260362        45.540083651957382        13.107346750969802        3.6746950741494578E-013   1.4639040910103901E-013   1.3033193218510377E-020   1.9112043313312939        5.8156224836950411E-002   9.2539177860330557E-002   0.0000000000000000        0.0000000000000000        109.17974383781737        6.2015237448920262       0.97279629561532033        5.5402418231061561E-002
   3.6307805477010131        1.4240109009742739        1.2518975517432250E-002   1.9888441430574637        1.6214671635430175E-005   1.2654382281063315E-010  0.19703999030305136        9.0022099780112587E-004   8.2250027682236815E-009   3.1022627750798028E-004   4.6210597539201865E-018   1.3729422792741357E-002   2.1993357592190192        4.3195655885519355E-028   91.669872849568691        52.964779317630949        7.9064430216852069        3.6659112721821517E-013   4.0673663064416941E-015   1.0643732994248218E-021  0.33609882544984693        2.9640231858829785E-002   5.8751380844191112E-002   0.0000000000000000        0.0000000000000000        144.04425205652501        7.7803036107137693        1.1409143270497621        9.6974704101446798E-008
   4.7863009232263831       0.70207474195957187        1.1175307906385388E-002   2.6271382106227663        1.9824516548014498E-005   8.6002438108734196E-011  0.26011806309681723        8.1795426375313746E-004   1.5184703774154627E-008   4.0895353873390963E-004   9.8280024428715884E-018   1.2402215708872436E-002   2.8992891849228180        7.6002507329405761E-065   146.56468481073631        58.954195060659885        5.2670076203673126        4.2438694219883751E-013   3.8279248441453417E-030   2.9759362878786514E-023   8.6468241335483087E-002   1.7185602703382871E-002   4.0374005399020932E-002   0.0000000000000000        0.0000000000000000        199.62180439644587        9.9130130723966339        1.3949141533672984        2.6844500646771768E-019
   6.3095734448019316       0.42405463686585426        1.0759213480960077E-002   3.4672140189943912        2.6804496137942425E-005   7.1395247846856328E-011  0.34319158485437151        7.8907832490346060E-004   2.6669025243785714E-008   5.3909910654588195E-004   2.3100281779847891E-017   1.2087390912409421E-002   3.8220075046469026        1.6045833524101529E-112   225.67276116313329        67.757931778248263        4.3665229211305645        6.9974886387834621E-013   4.9555414782148116E-104   7.9758989408747246E-025   4.2754449996528235E-002   1.2765524736338974E-002   3.3347021966789576E-002   0.0000000000000000        0.0000000000000000        283.04299164203223        12.956914992409351        1.8860470542188195        1.4798431317564517E-034
   8.3176377110267090       0.29197057478129862        1.0844895935163440E-002   4.5740100662391328        3.8679102796848365E-005   6.8347266472483770E-011  0.45266203198210625        7.9279515172328183E-004   4.5268775453770940E-008   7.1066091783878111E-004   5.7924224797037778E-017   1.2348352004725503E-002   5.0383871475137187        4.6468013375663384E-167   339.05269885027428        79.580830871598167        4.1593147562167552        1.4496776921489031E-012   0.0000000000000000        2.2512031014453113E-026   2.8056730672527754E-002   1.1067040288010574E-002   3.1018886547545390E-002   0.0000000000000000        0.0000000000000000        402.93877755800207        17.201932365805543        2.7215810181396907        4.0099188996869771E-052
   10.964781961431852       0.21769126420468093        1.1226314581207458E-002   6.0327754743562290        5.8068934337880686E-005   7.1621832482760692E-011  0.59695331469903989        8.1656681684934133E-004   7.5256454695256477E-008   9.3681796317078461E-004   1.5107585521389469E-016   1.2979699361227583E-002   6.6418878083220010        7.5207914908174918E-227   501.29140268035422        94.256201277768383        4.3075103351148858        3.4504319947039820E-012   0.0000000000000000        6.2891200091302782E-028   2.1195975370198107E-002   1.0523759519443884E-002   3.1023259872665045E-002   0.0000000000000000        0.0000000000000000        572.77479014696314        23.056742832480051        4.0859093931841013        1.9310241148558977E-071
   14.454397707459281       0.17087433281727135        1.1812314315134916E-002   7.9557079957035599        8.9437877041249309E-005   7.9655143808999345E-011  0.78715981341052044        8.5436097691765818E-004   1.2348342029905719E-007   1.2349423166707471E-003   4.0417068057859086E-016   1.3901617608723320E-002   8.7557133601602164        2.8213449766965257E-291   732.72384708721233        111.63016000385201        4.7068970369379137        8.9818615605171810E-012   0.0000000000000000        1.6359711327721574E-029   1.7782200576618688E-002   1.0616350163294746E-002   3.2520071708239756E-002   0.0000000000000000        0.0000000000000000        811.72390024947470        31.104561152159615        6.2931249914620402        2.7218409866213971E-092
   19.054607179632484       0.13895310512650760        1.2559248427141474E-002   10.490633499776795        1.4019711671814744E-004   9.2293277357503477E-011   1.0379018697878635        9.0312560519847170E-004   2.0091548692218392E-007   1.6279328982189527E-003   1.1003101093258238E-015   1.5090306930558899E-002   11.542278137830435        0.0000000000000000        1061.5122833145947        131.47957346094944        5.3359337024029418        2.4863364443279300E-011   0.0000000000000000        3.7804066575400452E-031   1.5770371860542205E-002   1.1150715204523208E-002   3.5211276236659900E-002   0.0000000000000000        0.0000000000000000        1146.3609408652108        42.163908983867103        9.8647017140509945        1.3427369751729924E-114
   25.118864315095820       0.11592815423384309        1.3444313884504188E-002   13.832384765840100        2.2258423638575652E-004   1.1009787776577811E-010   1.3684505010771277        9.6118408363710410E-004   3.2513240454259225E-007   2.1459732388785465E-003   3.0335573239584997E-015   1.6551471207019840E-002   15.215685933358140        0.0000000000000000        1526.5064816813385        153.44350824397125        6.2123928520838350        7.1955287255590915E-011   0.0000000000000000        7.4922897997586693E-033   1.4529302824823986E-002   1.2057707357472988E-002   3.9032841576208933E-002   0.0000000000000000        0.0000000000000000        1613.1880759004180        57.377854171658207        15.661713661412870        2.4261871925338532E-138
   33.113112148259148        9.8613504037726674E-002   1.4454212398075424E-002   18.237776489216071        3.5681494884613144E-004   1.3413410398929284E-010   1.8042086742717787        1.0275075180056373E-003   5.2439154393068119E-007   2.8288478993464079E-003   8.4437760071551010E-015   1.8310567815427468E-002   20.058180513301622        0.0000000000000000        2181.1092228606067        176.99132990797585        7.3808901348627538        2.1534784180745577E-010   0.0000000000000000        1.2411000195063638E-034   1.3749597045851734E-002   1.3327663553478667E-002   4.4048506706928794E-002   0.0000000000000000        0.0000000000000000        2262.1032547888744        78.342300263659538        25.106600762395214        1.6000728026194478E-163
   43.651583224016655        8.5173326554475348E-002   1.5579620027665426E-002   24.045334543579006        5.7634953539627894E-004   1.6591846707540264E-010   2.3786634144492615        1.1013467864841443E-003   8.4426948112978795E-007   3.7289948187785417E-003   2.3679522908992671E-014   2.0409961632928110E-002   26.441831623913210        0.0000000000000000        3098.5005849335193        201.42423361569013        8.9113151148258947        6.6163652501402136E-010   0.0000000000000000        1.6873988840825691E-036   1.3235590454945774E-002   1.4986544154634004E-002   5.0412025045865588E-002   0.0000000000000000        0.0000000000000000        3161.0723619391601        107.28841528020446        40.553731651602668        3.8096656624641062E-190
   57.543993733715780        7.4479708293220023E-002   1.6812042485444351E-002   31.701296345166991        9.3669857892310197E-004   2.0742107122586236E-010   3.1359589127412968        1.1820199153280001E-003   1.3585892399354869E-006   4.9155269224537522E-003   6.6809858239625911E-014   2.2909589323226103E-002   34.857122717466908        0.0000000000000000        4378.7305683577415        225.90987937046313        10.902650779689177        2.0763042112594688E-009   0.0000000000000000        1.8611939619448159E-038   1.2861716126436312E-002   1.7087436281013054E-002   5.8357187007740854E-002   0.0000000000000000        0.0000000000000000        4402.3804216171175        147.34132362796274        65.909002220270182        3.2901822046891078E-218
   75.857757502918517        6.5802761588885927E-002   1.8141689184604445E-002   41.793877707918568        1.5301682779472912E-003   2.6107713185325513E-010   4.1342884059567382        1.2687682927119922E-003   2.1875389175467321E-006   6.4795299158040085E-003   1.8945102944133819E-013   2.5889987393120449E-002   45.950636907908518        0.0000000000000000        6158.3841880530545        249.54332075250466        13.490805594561781        6.6308222142224536E-009   0.0000000000000000        1.6556613130363660E-040   1.2559645811307698E-002   1.9708773236825551E-002   6.8201502954883572E-002   0.0000000000000000        0.0000000000000000        6110.9644339759989        202.88647149940959        107.66736140943202        1.0647947194112329E-247
   100.00000000000020        5.8649568525404899E-002   1.9555834078388505E-002   55.098433606696332        2.5105953370547734E-003   3.2978578338647177E-010   5.4503654652319700        1.3606473622522841E-003   3.5279733241121710E-006   8.5410397381000414E-003   5.3953383892553665E-013   2.9457521178740828E-002   60.574736744043051        0.0000000000000000        8623.8242617907727        271.42600221247477        16.860728172212273        2.1491836480314210E-008   0.0000000000000000        1.1869692042692696E-042   1.2291063346670000E-002   2.2956242358596772E-002   8.0358764714033526E-002   0.0000000000000000        0.0000000000000000        8455.4855799595935        280.08763514167941        176.65323442081075        1.3802903427869939E-278
   131.82567385564101        5.2675078994609062E-002   2.1037454372943645E-002   72.636972943255984        4.1349081161621802E-003   4.1688900295113856E-010   7.1853182468558590        1.4564378113577515E-003   5.7045714153805843E-006   1.1258229391432966E-002   1.5422822369506564E-012   3.3752121575734359E-002   79.853054898528470        0.0000000000000000        12029.410959139834        290.74807979712898        21.263939702579670        7.0552784324711742E-008   0.0000000000000000        6.8841651327048164E-045   1.2034131842864679E-002   2.6967252305222268E-002   9.5358955920245972E-002   0.0000000000000000        0.0000000000000000        11662.995453923048        387.61681111464600        290.94489341711642        0.0000000000000000     
   173.78008287493799        4.7630340592724675E-002   2.2564156085234464E-002   95.756583248304992        6.8330766081545402E-003   5.2614661123130413E-010   9.4724595787650152        1.5545779286458546E-003   9.2570748688669786E-006   1.4839499772092380E-002   4.4233167941407998E-012   3.8958233785972698E-002   105.26682771430019        0.0000000000000000        16722.707090791610        306.86217565133484        27.043510919778139        2.3420038258158505E-007   0.0000000000000000        3.2553550792382037E-047   1.1776429877739936E-002   3.1917747394830706E-002  0.11387587902053942        0.0000000000000000        0.0000000000000000        16038.297210228289        537.67655364685811        480.79635378106633        0.0000000000000000     
   229.08676527677795        4.3331113363463375E-002   2.4107521054297743E-002   126.23276239006417        1.1326033195017224E-002   6.6175280664637790E-010   12.487529877330978        1.6531259378965565E-003   1.5090614583825671E-005   1.9559383151246629E-002   1.2724131242677271E-011   4.5320030143440930E-002   138.76870498077739        0.0000000000000000        23179.571381478749        319.33904922250889        34.669542322248944        7.8510650826247138E-007   0.0000000000000000        1.2694636450136664E-049   1.1511289410294282E-002   3.8031579285395647E-002  0.13676386205950294        0.0000000000000000        0.0000000000000000        21989.412881331267        747.41842350554577        796.93464236431453        0.0000000000000000     
   301.99517204020253        3.9638129594823102E-002   2.5633113010875577E-002   166.40554811488212        1.8824780264003485E-002   8.2846724476791562E-010   16.462199885543217        1.7497676898669220E-003   2.4737479634004070E-005   2.5779444446020240E-002   3.6702140123391063E-011   5.3162325146762737E-002   182.93278044165407        0.0000000000000000        32053.402376149235        328.00032750854581        44.789628208875584        2.6550325029795275E-006   0.0000000000000000        4.1428293062056971E-052   1.1236048884602851E-002   4.5592965124941334E-002  0.16510583535692527        0.0000000000000000        0.0000000000000000        30060.960454121825        1040.8838007758304        1324.5696237126040        0.0000000000000000     
   398.10717055349858        3.6444282441036188E-002   2.7101445837805323E-002   219.35882224366512        3.1367128358476680E-002   1.0319419125376355E-009   21.701870684217454        1.8418890258164048E-003   4.0817592665665539E-005   3.3975719055867562E-002   1.0613233159325513E-010   6.2919053919489293E-002   241.15237051946318        0.0000000000000000        44244.950570205307        332.92920978687653        58.300805008297147        9.0493311984752302E-006   0.0000000000000000        1.1520373120079322E-054   1.0951483975791956E-002   5.4962895702543105E-002  0.20027619031308858        0.0000000000000000        0.0000000000000000        40977.749298139752        1451.6090790353196        2207.0879353731357        0.0000000000000000     
   524.80746024977441        3.3666066207832038E-002   2.8470191738250987E-002   289.15642559321532        5.2388158962664313E-002   1.2793001679068203E-009   28.609138621308844        1.9267297763809939E-003   6.7856147024959138E-005   4.4774672344774676E-002   3.0762663202896721E-010   7.5171593859406652E-002   317.90073745396410        0.0000000000000000        61002.569917820903        334.46352211848773        76.452324391839824        3.1061945772082693E-005   0.0000000000000000        2.7899681739227196E-057   1.0661972580396781E-002   6.6600737635421819E-002  0.24402320624911830        0.0000000000000000        0.0000000000000000        55701.576336595965        2026.0378266565576        3686.1925096072669        0.0000000000000000     
   691.83097091893910        3.1237701984902735E-002   2.9697739973797960E-002   381.15298519813302        8.7688351945785448E-002   1.5799741524314105E-009   37.714728071603723        2.0016246240404760E-003   1.1374730660582681E-004   5.9000217563745877E-002   8.9363282053448895E-010   9.0699582161584316E-002   419.07478933822614        0.0000000000000000        84068.468850144141        333.17746903968310        100.99263239646459        1.0730249334236536E-004   0.0000000000000000        6.0416002517724361E-060   1.0376100923612823E-002   8.1092787034321490E-002  0.29857773393053227        0.0000000000000000        0.0000000000000000        75505.142440356387        2827.8632307751341        6170.0230075411146        0.0000000000000000     
   912.01083935591339        2.9106996212243753E-002   3.0747865092822079E-002   502.40292468014803       0.14707968988378958        1.9467606850765792E-009   49.718268766130848        2.0643123763029727E-003   1.9239176220335524E-004   7.7734989347525013E-002   2.6013579146529193E-009  0.11054716681665006        552.44816500351556        0.0000000000000000        115896.01766189291        329.85845625629753        134.37970924621533        3.7281913137447882E-004   0.0000000000000000        1.2080744477962982E-062   1.0107480478783454E-002   9.9190214640126159E-002  0.36679738978644472        0.0000000000000000        0.0000000000000000        102068.35400312710        3943.3967487534810        10348.980798339775        0.0000000000000000     
   1202.2644346174179        2.7232334966646243E-002   3.1594777158975192E-002   662.19837702590837       0.24719014643882381        2.3970460275239076E-009   65.542050860801496        2.1132633488644866E-003   3.2847249705517622E-004  0.10239981861063453        7.5874716558780622E-009  0.13610785911847423        728.26851622009531        0.0000000000000000        159979.18781208282        325.48480943275598        180.08231644936231        1.3021461769050248E-003   0.0000000000000000        2.3203511482415805E-065   9.8756099892009265E-003  0.12185975198132656       0.45235895545322924        0.0000000000000000        0.0000000000000000        137604.21054493033        5488.0675304520064        17393.061414906708        0.0000000000000000     
   1584.8931924611206        2.5580427209586559E-002   3.2227396573240238E-002   872.77611199136902       0.41625178409470609        2.9541864267191355E-009   86.401888082604600        2.1479474702632479E-003   5.6612815019460865E-004  0.13485612167355182        2.2171668671126490E-008  0.16923146571705530        960.04487898620653        0.0000000000000000        221362.27074281638        321.21029804838491        243.01210550100561        4.5696272773244721E-003   0.0000000000000000        4.4924546706868448E-068   9.7067444877639401E-003  0.15035164324051695       0.56001614283208856        0.0000000000000000        0.0000000000000000        185024.17606246832        7614.2794191805351        29288.759884348725        0.0000000000000000     
   2089.2961308540494        2.4124544432359920E-002   3.2651622244965831E-002   1150.2456906601708       0.70229301238917585        3.6490961935188726E-009   113.90053377247257        2.1689628767721817E-003   9.8472382892456230E-004  0.17753653387946153        6.4899959300017868E-008  0.21235711900119952        1265.5856310425434        0.0000000000000000        307443.73419939406        318.36376899938767        330.14506916182347        1.6104922341545938E-002   0.0000000000000000        9.2931798583870210E-071   9.6349887470304971E-003  0.18629087982206499       0.69594556689831144        0.0000000000000000        0.0000000000000000        248156.48505865733        10521.159014862611        49415.503294617869       -0.0000000000000000     
   2754.2287033381804        2.2843099539345525E-002   3.2889855103526565E-002   1515.8065213261491        1.1871848691309981        4.5221569888266729E-009   150.15082748948595        2.1779788668729104E-003   1.7275075530582508E-003  0.23360923868589847        1.9026540599911994E-007  0.26867707265629792        1668.3667863878675        0.0000000000000000        429265.40341038129        318.47828367703607        451.41835251627799        5.6975576703923891E-002   0.0000000000000000        2.1996789597352416E-073   9.7042367257885800E-003  0.23179964294163322       0.86821102518098203        0.0000000000000000        0.0000000000000000        332035.26617199933        14467.206297604602        83533.990481104076       -0.0000000000000000     
   3630.7805477010324        2.1718472520190973E-002   3.2977970131736048E-002   1997.3410245209182        2.0107723872275960        5.6255903797864979E-009   197.93803376665366        2.1775076134111773E-003   3.0535277500028683E-003  0.30718041610285446        5.5852521779254779E-007  0.34233589384800167        2199.3357585397721        0.0000000000000000        603609.30572657078        323.37334055231503        621.02845450883751       0.20223047847287495        0.0000000000000000        6.4406843730977229E-076   9.9720698509500171E-003  0.28966129049446460        1.0873853335090586        0.0000000000000000        0.0000000000000000        443283.77075291751        19787.372273309829        141484.14945457224       -0.0000000000000000     
   4786.3009232264094        2.0736034298910452E-002   3.2960827521796895E-002   2631.4953955010128        3.4124051829607507        7.0264081879555072E-009   260.93384677095150        2.1705728598022016E-003   5.4311372476774740E-003  0.40353594488706507        1.6411577183789653E-006  0.43866734526866419        2899.2891840382676        0.0000000000000000        856448.48251617362        335.32684358296427        859.31337529686925       0.71972037959953472        0.0000000000000000        2.5398479075353480E-078   1.0517333915065834E-002  0.36353927171479933        1.3673805004551987        0.0000000000000000        0.0000000000000000        590621.75206471584        26916.464232515558        240107.35773592474       -0.0000000000000000     
   6309.5734448019684        1.9883339838254407E-002   3.2887782158716579E-002   3466.3889238596016        5.8025145230680790        8.8099528127047388E-009   343.97850284055585        2.1603557050027923E-003   9.7047178686975825E-003  0.52941623268452920        4.8247851414349694E-006  0.56446437054824861        3822.0075038841578        0.0000000000000000        1228682.1035764255        357.39260721190198        1195.4785653952397        2.5662356002856148        0.0000000000000000        1.4731752134914602E-080   1.1454017825085573E-002  0.45826802179209630        1.7265508915764149        0.0000000000000000        0.0000000000000000        785535.91981686850        36420.980645003256        408282.82564891141       -0.0000000000000000     
   8317.6377110267604        1.9149468535273169E-002   3.2809369122529596E-002   4565.1273216747777        9.8860942874945614        1.1083845426245181E-008   453.45267733836062        2.1498536941395230E-003   1.7387396362056655E-002  0.69330460807606198        1.4181831264915953E-005  0.72826383089273106        5038.3871468109437        0.0000000000000000        1785744.7829620452        393.95300029310960        1671.5289277619029        9.1577027516836846        0.0000000000000000        1.3695008376070883E-082   1.2955790570518794E-002  0.58023706588822022        2.1891498152003175        0.0000000000000000        0.0000000000000000        1043164.4230848042        49041.664707588163        695616.09786297218       -0.0000000000000000     
   10964.781961431918        1.8524493286356802E-002   3.2775692176192452E-002   6010.3335420711655        16.875804204999181        1.3981857538352052E-008   597.76774008484210        2.1414919784501123E-003   3.1163470959294393E-002  0.90568810975977632        4.1638464573573489E-005  0.94060529391441894        6641.8878077501604        0.0000000000000000        2633810.0023273658        451.66041807097611        2347.9000880116732        32.659805586476445        0.0000000000000000        2.2045209677278972E-084   1.5299063534770634E-002  0.73789395594083029        2.7872365523402181        0.0000000000000000        0.0000000000000000        1383462.6103336709        65749.465473886157        1187433.6545859617       -0.0000000000000000     
   14454.397707459368        1.7999068672152362E-002   3.2836413779378980E-002   7909.9471118311003        28.859618281432610        1.7666816929265963E-008   788.01203803263343        2.1364613104328471E-003   5.5723866917065996E-002   1.1792199844804681        1.2194809914759022E-004   1.2141928595702798        8755.7133593016897        0.0000000000000000        3947236.0748018017        541.04298211793878        3311.4442228407111        116.18211585077066        0.0000000000000000        6.5398707711341793E-086   1.8939457850738070E-002  0.94239594829433893        3.5631469962525166        0.0000000000000000        0.0000000000000000        1832739.0988253825        87818.324935554949        2030651.7893663258       -0.0000000000000000     
   19054.607179632600        1.7564134101461827E-002   3.3041851449174896E-002   10404.571410759720        49.434344277970105        2.2331213951771726E-008   1038.8028623422681        2.1332636822290921E-003   9.9096601814667368E-002   1.5286816180268052        3.5559290524207911E-004   1.5638567331582092        11542.278136773060        0.0000000000000000        6015169.3816663334        679.27250362234997        4686.6203461521345        411.18919207043422        0.0000000000000000        3.7270585892551256E-087   2.4650250038851719E-002   1.2084434763275733        4.5726528909419377        0.0000000000000000        0.0000000000000000        2425679.9846450826        116919.22479616928        3478352.9943219982       -0.0000000000000000     
   25118.864315095976        1.7210725320350083E-002   3.3444547676607213E-002   13676.651003634062        84.794899202976765        2.8193847142625719E-008   1369.4095610771017        2.1244313352374962E-003  0.17464629709995735        1.9706223907239029        1.0296821024717202E-003   2.0061913697357476        15215.685932096130        0.0000000000000000        9320692.4685157631        894.99188532024789        6650.9685981704406        1442.9043012698041        0.0000000000000000        4.1489478477663062E-088   3.3778045168535206E-002   1.5553279465545482        5.8889326272509370        0.0000000000000000        0.0000000000000000        3208016.8933465355        155241.09213249473        5966430.7447352158       -0.0000000000000000     
   33113.112148259344        1.6929872663442661E-002   3.4100739480597872E-002   17961.708506806764        145.60086095889935        3.5490851789845854E-008   1805.2340924204100        2.0898599662149387E-003  0.30385307430201536        2.5225687499613589        2.9504648483248881E-003   2.5587593494081720        20058.180511744420        0.0000000000000000        14674915.051997464        1236.7959999231141        9456.2130111633323        4997.8210768344625        0.0000000000000000        8.9299105954385189E-089   4.8722732860999485E-002   2.0082156232824633        7.6074359722852165        0.0000000000000000        0.0000000000000000        4240044.2537048347        205645.31460859368        10244925.832220314       -0.0000000000000000     
   43651.583224016918        1.6712548371971933E-002   3.5071351350073832E-002   23561.713230511188        250.15927947895759        4.4459941589417505E-008   2379.7627750847278        1.9867395991800098E-003  0.51976351910417995        3.2017500861640920        8.3254807382001413E-003   3.2388081771133459        26441.831622644782        0.0000000000000000        23442853.021252237        1788.1338757408089        13456.624748705985        16986.617428401318        0.0000000000000000        3.5808563426529937E-089   7.3848510073479187E-002   2.5996564297826663        9.8516009874523398        0.0000000000000000        0.0000000000000000        5601256.3198633064        271861.56588222232        17601978.776945874       -0.0000000000000000     
   57543.993733716139        1.6549621733399585E-002   3.6422363674710384E-002   30860.315234325379        429.81506309064878        5.5317833477367191E-008   3137.1391865779051        1.7468771066528029E-003  0.87051802596245609        4.0233905287432954        2.2976954153252283E-002   4.0615597695246581        34857.122716325364        0.0000000000000000        37920249.820146076        2693.2565044285402        19146.571281158027        56201.954065902479        0.0000000000000000        2.5126506414612127E-089  0.11722039975487818        3.3712466364592051        12.779156084976490        0.0000000000000000        0.0000000000000000        7396460.2011047229        358733.16268218897        30243114.044344861       -0.0000000000000000     
   75857.757502918976        1.6431803625531753E-002   3.8224377068263905E-002   40339.048879530674        737.99631412557756        6.8233970292587942E-008   4135.5558598930302        1.3154360398005430E-003   1.4214670418875697        4.9988452390658873        6.1405173810548531E-002   5.0383850521739522        45950.636907487962        0.0000000000000000        61953621.310162790        4201.4823231241498        27209.680255927957        179000.15019289756        0.0000000000000000        2.8293501918788792E-089  0.19389910344982700        4.3753564793328010        16.588675010549839        0.0000000000000000        0.0000000000000000        9763835.3054265510        472520.01407328743        51927697.768234827       -0.0000000000000000     
   100000.00000000081        1.6349628645126815E-002   4.0549434158319818E-002   52592.549917593497        1265.2100815859926        8.3313501987673031E-008   5451.7253678697916        7.4629605686500817E-004   2.2533159336072419        6.1345926019085830       0.15665917665303783        6.1758883321237681        60574.736744365488        0.0000000000000000        101945208.14074472        6740.3215618198346        38584.089044092914        540356.07884913811        0.0000000000000000        4.5907402184030820E-089  0.33208986759704295        5.6770174899820347        21.526752428428857        0.0000000000000000        0.0000000000000000        12885564.079841238        621266.12536716857        89024085.178210974       -0.0000000000000000     
