  0.10000000000000001        9.0798288869857782        2.3297235667423619E-003   5.2793286982056986E-002   4.8132073439867095E-011   3.1482105904397364E-012   5.3115919180203013E-003   1.4013419519524258E-004   2.1757989112731725E-011   8.4839456191733154E-006   3.3581106037011357E-026   2.4783417075567777E-003   6.0574736758279041E-002  0.74253096737548563        5.5029943773409411E-002   9.3394494558221824E-002  0.48451299113355228        7.4416488499526198E-022   3.0125227014400359E-022   1.4565798193079251E-032   8.4581157709524809E-007   2.0501318392101303E-007   1.1541351594070290E-009   7.4733159928795595E-006  -1.0766711221604858E-011   1.3880595185554698       0.11007097743554041        2.0039770413984289E-006  0.12309935183883638     
  0.14677992676220694        8.9477463150024406        2.8136413812911050E-003   7.8095873101804089E-002   1.0637929042882310E-010   5.5889638130782528E-012   7.8327369200183357E-003   1.6930265503540184E-004   3.8951486215563349E-011   1.2452722200341685E-005   1.5981383399141708E-025   2.9953967585268485E-003   8.8911554270907495E-002   1.2089451033801424       0.10763158852897055       0.20152592061083915       0.78710855012191128        5.1037801851656449E-021   2.0941981760428726E-021   1.4785111696756551E-031   2.2304182787306230E-006   2.9711548882607920E-007   1.6928696584412891E-009   2.0414209997786919E-005  -3.7457993924475700E-011   2.3513293232150323       0.16277886259635893        4.4290976985637576E-006  0.20967442399015859     
  0.21544346900318834        8.8015971875190715        3.3921982567300013E-003  0.11536672748491948        2.3464068840969781E-010   9.8836948604971007E-012   1.1540958513202000E-002   2.0442931285152862E-004   6.9705551651919776E-011   1.8278084061178279E-005   7.5894324872487360E-025   3.6149056536427080E-003  0.13050431403698440        1.9317436890017221       0.21225557372912382       0.43391595094569052        1.2753399435415207        3.4850034792414313E-020   1.4483015276500624E-020   1.4877221569556972E-030   5.8501310557809413E-006   4.2882568895431876E-007   2.4765237107070035E-009   5.4669141809600983E-005  -1.2739132905472050E-010   3.9672590674660100       0.24040757541503305        9.7692561102403075E-006  0.35456161337797004     
  0.31622776601683783        8.6385205101966847        4.0824435821981081E-003  0.17023182031805509        5.1656625503753102E-010   1.7410548733504684E-011   1.6993192592253042E-002   2.4667903215557933E-004   1.2472555058207091E-010   2.6828536020506350E-005   3.5968569935276276E-024   4.3559511503741934E-003  0.19155413655779432        3.0097483464313228       0.42204604789241540       0.93233373337320880        2.0601850376951689        2.3682015610142403E-019   9.9637922409386370E-020   1.4826773751193626E-029   1.5256726079915763E-005   6.1621421898085106E-007   3.6136273362963482E-009   1.4274750685059674E-004  -4.2444417883412128E-010   6.6638554870803155       0.35466970418519950        2.1507216321143306E-005  0.59434972856567803     
  0.46415888336127775        8.4526750862598448        4.9032435564965830E-003  0.25095510456678816        1.1362720823858064E-009   3.0535800790237638E-011   2.5007280353516247E-002   2.9739056097033125E-004   2.2321688759524204E-010   3.9378865421718813E-005   1.7029520386155184E-023   5.2400129828886338E-003  0.28116302131031545        4.5142038675022196       0.84597669594829428        1.9987728055481928        3.3151587664348172        1.6015583822436453E-018   6.8219694107869347E-019   1.4634859933371934E-028   3.9562417921773236E-005   8.8089280524706326E-007   5.2584326019257307E-009   3.5957343572275607E-004  -1.3866956847925343E-009   11.136266383648760       0.52276934602627567        4.7308644800601552E-005  0.98468324382138517     
  0.68129206905796103        8.2346434760093690        5.8745573389766617E-003  0.36967413665837662        2.5042610382604709E-009   5.3269351540660752E-011   3.6784124137436487E-002   3.5805331887796586E-004   3.9973893516950080E-010   5.7800197827169619E-005   8.0768603470365909E-023   6.2904108556817977E-003  0.41269087646218983        6.3772406762559051        1.7087888963313731        4.2736936949008113        5.3062797488210149        1.0790559778106445E-017   4.6560555716316143E-018   1.4336285035119363E-027   1.0210867575264340E-004   1.2508598663309852E-006   7.6278777432779850E-009   8.5738621204462981E-004  -4.4363490618245861E-009   18.500501838649768       0.76997421108249542        1.0426481278875971E-004   1.6041024330164382     
  0.99999999999999967        7.9649351555109025        7.0135533605348126E-003  0.54421654012055598        5.5702910990415414E-009   9.2212655914348335E-011   5.4087101164981034E-002   4.3015967605414832E-004   7.1687213590199582E-010   8.4838958100630777E-005   3.8653783910721290E-022   7.5285519946895916E-003  0.60574736546270824        8.1053012385993846        3.4760916352496718        9.1039678410939491        8.4220879651076963        7.2704012795832511E-017   3.1825775098832501E-017   1.4039156201257017E-026   2.6320170063317622E-004   1.7584439811172005E-006   1.1017928650982940E-008   1.8537965221226303E-003  -1.3826409924326766E-008   30.516546012012665        1.1333965134213380        2.3191885739830482E-004   2.5415593061829425     
   1.4677992676220690        7.5933039116859433        8.3196250641550812E-003  0.80077549347169796        1.2760543313882748E-008   1.5736911173579572E-010   7.9505813450180957E-002   5.1458213508136783E-004   1.2897592022134742E-009   1.2452632307759695E-004   1.9047422506056352E-021   8.9587335223140462E-003  0.88911553964220191        8.1981184649725058        7.1147764914560065        19.263163220311572        13.146653617347924        4.9533636149156966E-016   2.2074531650106484E-016   1.4038748836995413E-025   6.8430033909636556E-004   2.4248104652113773E-006   1.5794126607356812E-008   3.1768698119293620E-003  -4.1291264181942261E-008   49.859977735367416        1.6675609179403965        5.3128473405034062E-004   3.8020034014401833     
   2.1544346900318829        6.9091090363264085        9.6775122281858809E-003   1.1779116824208942        3.2620168761309776E-008   2.5717919994524146E-010  0.11684643280780563        6.0744531198356612E-004   2.3453402172557297E-009   1.8277919372622153E-004   1.0472250891799853E-020   1.0467736733895668E-002   1.3050431380092067        3.7482113964250723        14.619200931671019        39.930215358099865        19.460417658541150        3.5519733961021280E-015   1.6294398043217482E-015   1.5444802775235636E-024   1.8554779376917963E-003   3.1469149527423764E-006   2.2121735276456184E-008   1.2052615496183621E-003  -1.0917823177703342E-007   79.980606197266980        2.4527250973775043        1.3581394818961185E-003   4.6744494469292235     
   3.1622776601683777        4.4881713891029360        9.8251090217921205E-003   1.7333172495841995        1.4394712681534417E-007   3.0928301970625524E-010  0.17174775638843076        6.5095991897592270E-004   4.6169669261952196E-009   2.6828199220972951E-004   9.9481056274888857E-020   1.0744350932977773E-002   1.9155413628076519        8.8540028006750993E-004   29.679102468558749        71.295551022297005        19.690959115160240        2.8877668210450649E-014   1.3754106386651846E-014   1.9067497233606961E-023   5.2399781592697148E-002   2.6557451834779002E-006   2.6272236361741667E-008  -1.0739369230172414E-002  -1.2761690450031303E-007   117.90870820482134        3.6088601667504920        5.9932331332787558E-003  0.81559214967191307     
   4.6415888336127757        1.8619275960326194        8.4722957877835670E-003   2.5501092792146176        9.6202891417027323E-007   2.2692816926698074E-010  0.25244552192282455        6.0118753723914454E-004   1.0303172111233576E-008   3.9378058528869467E-004   1.4336889075058646E-018   9.4672639103114062E-003   2.8116302085202931        1.8856663061045485E-019   58.358769768542878        100.79722484213281        12.138819206154810        2.0329016372806173E-013   2.1158215382425004E-014   7.1314762071646324E-023   4.1286326143802454E-002   1.3131081925311602E-006   2.5224720273267516E-008  -1.2745292273941796E-002  -1.0513952251386366E-007   165.97383017824083        5.3090215099541878        4.0054037139439939E-002   3.1564282043471821E-005
   6.8129206905796078       0.85929063983261567        7.7081049618748483E-003   3.7477691423778414        4.8691230147017028E-006   1.7121710221318321E-010  0.37085975618124389        5.6201859876192444E-004   2.2828222255434004E-008   5.7798314953781064E-004   1.5644440379705216E-017   8.8481067101745820E-003   4.1269087603657519        3.4616714426640280E-051   112.16830904237608        138.34001058394239        8.4847965462173729        1.2376977303834715E-012   1.6036600768318563E-021   5.2215120621215432E-023   3.0285456568864898E-002   7.6586237373894247E-007   2.5446392189504148E-008  -2.4894114210615048E-002  -1.9210050268814323E-007   250.99364465599726        7.8021338778085862       0.20272575095684181        4.7635878834882863E-015
   9.9999999999999929       0.46988435110077253        7.4795660458048304E-003   5.5047882964499681        1.6592432255248843E-005   1.4927642559316685E-010  0.54462422144364275        5.4838748500416119E-004   4.8871764967687305E-008   8.4834787909382687E-004   1.1488265048104817E-016   8.8763014099028179E-003   6.0574736562889306        2.5527397276942694E-100   210.28328627042072        188.02937576492815        7.1565936395693797        6.2674126538587141E-012   1.8280306008435328E-076   7.4827143613676841E-024   2.7242169106136270E-002   5.5571153438756813E-007   2.7696250188438810E-008  -6.4737376041766839E-002  -4.8913704001604122E-007   393.28058372903871        11.459736035145804       0.69082528393502030        1.0878383755484899E-030
   14.677992676220683       0.29247336571570481        7.5813387347677483E-003   8.0832828456233887        4.3627166418630098E-005   1.4811463375583685E-010  0.79964994140058510        5.5401467551145149E-004   1.0171874534451681E-007   1.2451744107871557E-003   6.5069730331312715E-016   9.3805278210663551E-003   8.8911553947670914        2.8892671896431624E-166   384.34371363666708        249.77631192548284        6.9506537573055072        2.8772258244295838E-011   0.0000000000000000        2.9267112080922336E-025   2.6164383702376708E-002   4.7272622202061411E-007   3.1966393166561763E-008 -0.18702048409050365       -1.4005600402495002E-006   622.26539610770624        16.827466370221568        1.8164154094344092        6.7346757403466050E-052
   21.544346900318821       0.19929267997387795        7.8924932862641951E-003   11.867799392257176        1.0035474748049956E-004   1.6174685299027168E-010   1.1739659757864320        5.7280485147415171E-004   2.0783328813454506E-007   1.8276075578480401E-003   3.2235040352863680E-015   1.0292905695586387E-002   13.050431375676308        4.7204898329753320E-248   685.46615822381466        320.67709470118541        7.4461866562857955        1.2932092176583877E-010   0.0000000000000000        4.1079354178339759E-027   2.3766474737189316E-002   4.4821180084533791E-007   3.8468106149230958E-008 -0.56381059083844665       -4.2032732378666099E-006   984.16509568870731        24.705858331969299        4.1782660827506053        2.5473972038899830E-078
   31.622776601683778       0.14470532474864739        8.3419108239793302E-003   17.422651343711205        2.1659860560684172E-004   1.8893870101289230E-010   1.7233867290210321        6.0043290722616867E-004   4.2024941088438773E-007   2.6824458432340593E-003   1.4980920115799323E-014   1.1624789574439558E-002   19.155413613674657        0.0000000000000000        1193.7380102295945        394.86478626336827        8.5479971173554947        5.9008967486123857E-010   0.0000000000000000        2.3824552290560149E-029   2.1306158482912358E-002   4.5807605231249587E-007   4.7692525000769397E-008  -1.7335362849653280       -1.2890265730483391E-005   1550.1501268417410        36.269707536648852        9.0180746810607868        1.0384204949702986E-109
   46.415888336127772       0.11005846328072949        8.8813677697595177E-003   25.576046258384878        4.5367693499531996E-004   2.3120364216863153E-010   2.5298333980576730        6.3369552704265007E-004   8.4613619100325285E-007   3.9370627501447803E-003   6.7556978179781924E-014   1.3452126046946948E-002   28.116302073609344        0.0000000000000000        2031.2314828166359        464.38306875376162        10.329054547320936        2.7671288668172169E-009   0.0000000000000000        6.1414113087930251E-032   1.8391717941695789E-002   4.9423764403813791E-007   6.0450545435168120E-008  -5.3848539482639524       -3.9975751915325504E-005   2428.4443664787550        53.243232550083754        18.888821880455001        7.3229113500766441E-146
   68.129206905796110        8.6770611385436486E-002   9.4716931495888793E-003   37.543523709985699        9.3722119759833170E-004   2.9206536363544867E-010   3.7135478225463787        6.6992409588199464E-004   1.7043179750093110E-006   5.7783554610479201E-003   3.0045062361204622E-013   1.5919972706518792E-002   41.269087592172752        0.0000000000000000        3381.4661664398859        521.77331888757317        13.001533373348583        1.3375897962366577E-008   0.0000000000000000        7.5893779441133031E-035   1.5680175759933950E-002   5.5592706653309541E-007   7.7968564095240432E-008  -16.824883491944668       -1.2476810577327611E-004   3782.2533541981334        78.157108882627810        39.021168806397945        1.9293911157444816E-186
   100.00000000000000        7.0481076613432406E-002   1.0076405883268745E-002   55.109082973480859        1.9255378164097124E-003   3.7703326099315113E-010   5.4510194180516329        7.0667003301276533E-004   3.4469468102498050E-006   8.4805205627573807E-003   1.3288403577671708E-012   1.9263596479038893E-002   60.574736543081585        0.0000000000000000        5523.1049487642176        563.60490389989877        16.951556072985820        6.6685078012169226E-008   0.0000000000000000        5.1138518905541030E-038   1.3278337613209245E-002   6.4710777910286915E-007   1.0205955305600225E-007  -52.758967498117052       -3.9094877784316733E-004   5856.0195761010582        114.72567760796210        80.169693525677076        8.3305398395171908E-231
   146.77992676220691        5.8784600587423477E-002   1.0660362425928336E-002   80.890947954059456        3.9530292256531744E-003   4.9416963338372702E-010   8.0012979032509186        7.4165627075076701E-004   7.0198762346455834E-006   1.2445741417140072E-002   5.8726572811065185E-012   2.3847760113819175E-002   88.911553934458354        0.0000000000000000        8896.2357867053197        593.28229646959380        22.832488339148330        3.4300919845039071E-007   0.0000000000000000        2.3312897451044135E-041   1.1355976518346677E-002   7.7629131880138702E-007   1.3540212125510359E-007  -165.83252477739796       -1.2281704449048187E-003   9013.5430305309546        168.40051436070951        164.58422099939031        7.4365983017332631E-278
   215.44346900318823        5.0274943028534830E-002   1.1193633269608093E-002   118.73146378707558        8.1342622708194777E-003   6.5564253255675481E-010   11.744614746006816        7.7305907232926518E-004   1.4422521383035460E-005   1.8263731367739108E-002   2.6013915389868218E-011   3.0230423709676466E-002   130.50431374996597        0.0000000000000000        14246.405697142898        622.76047151198270        31.751875734690195        1.8225034017751434E-006   0.0000000000000000        1.0076126879875956E-044   1.0070129053181916E-002   9.5803575995899735E-007   1.8200801016904237E-007  -522.10510435300671       -3.8652411281404771E-003   13792.966345577315        247.18276850887736        338.66969931808313        0.0000000000000000     
   316.22776601683762        4.4118310269568611E-002   1.1661670322448678E-002   174.26896395525480        1.6819450852927964E-002   8.8130465875522534E-010   17.239071408475400        8.0020977289732044E-004   2.9900306000625123E-005   2.6798760508351217E-002   1.1579033567630406E-010   3.9260640603697217E-002   191.55413614553140        0.0000000000000000        22972.838212129496        676.25007482330977        45.651498323109891        1.0033777463903614E-005   0.0000000000000000        6.9680461361680759E-048   9.6329220432886230E-003   1.2169264049794911E-006   2.4806711067373511E-007  -1645.7897664256682       -1.2180638251253042E-002   20985.854743683969        362.81510871800555        700.27719458848094        0.0000000000000000     
   464.15888336127728        3.9859570019900717E-002   1.2081161624659593E-002   255.77618167105169        3.5043486942368550E-002   1.2064266495283692E-009   25.303846256809159        8.2467816095723129E-004   6.2398780649628485E-005   3.9316689564569920E-002   5.1927576178746908E-010   5.2222529350186744E-002   281.16302074153117        0.0000000000000000        38062.570895552955        805.35715638565887        68.132093648052148        5.7626102674694119E-005   0.0000000000000000        1.7529710675373000E-050   1.0574969917480850E-002   1.5966622275933275E-006   3.4359013285155004E-007  -5192.9850863801976       -3.8426233384479751E-002   31751.482791932456        532.53033553463240        1459.0342419133092        0.0000000000000000     
   681.29206905796013        3.7337264710322393E-002   1.2516831554422715E-002   375.38850920836200        7.3836210567109067E-002   1.6980526265627348E-009   37.141326055471232        8.5140997385886228E-004   1.3026093576549213E-004   5.7670334504845919E-002   2.3544134869177575E-009   7.1038576033127493E-002   412.69087592649572        0.0000000000000000        66785.852073148169        1148.4543870550958        106.36199883501526        3.4948511287563242E-004   0.0000000000000000        5.4814568479905634E-052   1.4649317527148155E-002   2.1803320291579070E-006   4.8571461881471160E-007  -16400.233353658274      -0.12134181873464478        47784.545254572913        781.61576505753021        3074.1678100613158        0.0000000000000000     
   999.99999999999795        3.6649656075280729E-002   1.3090036572710175E-002   550.90094382774282       0.15803534603120159        2.4895168241172044E-009   54.516371594839221        8.8928683538571230E-004   2.6919023330026403E-004   8.4570474039633942E-002   1.0838905923872727E-008   9.8549797447729834E-002   605.74736543805261        0.0000000000000000        128772.05584838726        2189.8137765106935        175.69326272417879        2.2783486000085133E-003   0.0000000000000000        9.9447421164361611E-052   2.9042939194602456E-002   3.1349603527411142E-006   7.0525770951896497E-007  -51843.633698668331      -0.38356785849997055        71566.609800123784        1147.1716657285224        6579.7956028560984        0.0000000000000000     
   1467.7992676220661        3.8161367808379511E-002   1.3974259175760343E-002   808.39090686269083       0.34513131749057474        3.8547001483525341E-009   80.019444829804513        9.5076558341220245E-004   5.4368494847820852E-004  0.12398387717000657        5.0875722437021053E-008  0.13890890192917912        889.11553935223560        0.0000000000000000        280430.66444978211        6133.3953153680377        311.24875631131005        1.6288027929849933E-002   0.0000000000000000        3.8919006577960227E-049   9.3828297912751671E-002   4.8102989023191476E-006   1.0593047569468664E-006  -164072.31411409238       -1.2139818578517241        106748.74882459731        1683.6139492399668        14369.529236732038        0.0000000000000000     
   2154.4346900318778        4.2651133147650733E-002   1.5401168158418330E-002   1186.0311469872354       0.77135564527614908        6.3843463919481220E-009   117.45282587089584        1.0521792560871858E-003   1.0599958889972239E-003  0.18172129913488663        2.4412823674642254E-007  0.19817464654939215        1305.0431374960979        0.0000000000000000        686869.77965119027        25903.304253524879        599.37798563192405       0.13005304880334351        0.0000000000000000        4.7480245604503422E-044  0.55453124952346433        7.9808778093134458E-006   1.6565983282003009E-006  -520049.38151275512       -3.8486728548993381        158733.83903926477        2470.7160815504299        32115.362863344402        0.0000000000000000     
   3162.2776601683695        5.1840972425272872E-002   1.7729602945834054E-002   1739.5934992469863        1.7657082005882023        1.1467104304530091E-008   172.39749840932268        1.2177735894392885E-003   1.9726662450734607E-003  0.26631274500699981        1.1980501706462648E-006  0.28526012154227315        1915.5413614340205        0.0000000000000000        1808259.6951438964        155560.67073056111        1274.1486346523279        1.1808267774721741        0.0000000000000000        7.9663123938916871E-037   6.9414035718883378        1.4532716382148617E-005   2.7153012936845047E-006  -1652379.5629490223       -12.233754926010615        235570.33329223600        3625.3250157400134        73515.193568554052        0.0000000000000000     
   4641.5888336127628        6.9073056698596258E-002   2.1499269164501220E-002   2550.3311178924896        4.1154404501731818        2.2509227430418518E-008   253.04523059787991        1.4787544269183274E-003   3.4853137391127852E-003  0.39029960124160318        5.9736651707198710E-006  0.41327762483302272        2811.6302074143068        0.0000000000000000        4669767.2147526620        1125150.9914530132        3019.6917353066410        12.248311084201479        0.0000000000000000        1.7688931093713954E-028   187.49780381568786        2.9333108628958261E-005   4.6787791772178774E-006  -5272057.9042010577       -39.063887503959492        349376.10203729477        5318.3720703795161        171346.20613618518        1.1826573790186351E-232
   6812.9206905795872        9.7493025598078015E-002   2.7000787861388129E-002   3736.3800027438037        9.5399905419038724        4.6550548204265899E-008   371.41994787507031        1.8267996268813030E-003   5.9734721996052400E-003  0.57200295800638279        2.9547744982595789E-005  0.60083054549465220        4126.9087592901697        0.0000000000000000        10555685.741488026        7272495.7695620041        7683.4329712050021        135.66723908487154        0.0000000000000000        7.5813897924826258E-021   5910.4068646901997        6.3282585219086131E-005   8.3025371894243176E-006  -16918311.884115826       -125.52353153436211        518476.86331602396        7799.6829175379198        397197.14225521852        1.2086299424325131E-161
   9999.9999999999600       0.13811251178750356        3.4071273279181302E-002   5469.3866763494243        21.440148980488992        9.5875963363341959E-008   545.17043812026975        2.1707269533026985E-003   1.0262906965397440E-002  0.83799248029936813        1.4136385347807319E-004  0.87423448053185215        6057.4736544309053        0.0000000000000000        20407479.170371771        35753946.273609281        19755.190354154103        1459.2080318360274        0.0000000000000000        6.2824387220440291E-015   125412.62173331210        1.3755693281926028E-004   1.4724125643256085E-005  -54633298.527168110       -406.11730053442830        770253.83453666035        11434.291416016853        892659.78484679444        7.5506918070419912E-111
