  0.10000000000000001        8.8250694732666020        4.1120124603719237E-003   5.1010942517979496E-002   2.7855527678710841E-008   3.1356815926510442E-012   5.1977970725530023E-003   2.5392904147446564E-004   2.3294404693222619E-011   8.5445441389683669E-006   6.0697344680127997E-024   4.3744860459853574E-003   6.0574736803434247E-002  0.66743875839732325       0.25049451537042494        8.8765360685953268E-002  0.52173922106241588        1.2980581770518412E-019   5.1334479704974724E-020   1.4217295533277286E-027   8.1542261622394438E-004   6.9053684721201384E-003   7.8912997700166260E-003   0.0000000000000000        0.0000000000000000        1.3583353290511786       0.37247984255015293        1.9600008764117816E-003  0.18899114868079181     
  0.13182567385564070        8.7056706428527839        4.7170590758896149E-003   6.7949124669805072E-002   4.8311097465625541E-008   4.7614275185930265E-012   6.8958420225432547E-003   2.9093265693147692E-004   3.5532975453318645E-011   1.1263898111458626E-005   1.8285589601909366E-023   5.0192556309325504E-003   7.9853055047364341E-002  0.89480778405769379       0.38591571193857310       0.15496868969424077       0.73860009769275448        5.0679534527847076E-019   2.0356570836988182E-019   7.1847357278028379E-027   1.6035346812488269E-003   9.0312430190673167E-003   1.0369418253110302E-002   0.0000000000000000        0.0000000000000000        1.9973987507412454       0.46946746363422065        3.3993178827988841E-003  0.27498401109612930     
  0.17378008287493754        8.5839830169677747        5.4062148466834711E-003   9.0386431818486032E-002   8.3555692527050520E-008   7.2121177185045300E-012   9.1407957198205401E-003   3.3321842310399409E-004   5.4171828167904223E-011   1.4848702315834403E-005   5.4930546491441637E-023   5.7542819721032997E-003  0.10526682791947908        1.1928834952539034       0.59508144265861784       0.27012010608868831        1.0445514112232457        1.9719183949815755E-018   8.0344439074801475E-019   3.6059487706875205E-026   3.1401565101637999E-003   1.1788159095857266E-002   1.3600729945407421E-002   0.0000000000000000        0.0000000000000000        2.9329309836173008       0.59069757335533757        5.8792363394133927E-003  0.39901307354394405     
  0.22908676527677729        8.4567641353607144        6.1899145037067086E-003  0.12008931958703149        1.4409477543601950E-007   1.0896109633804496E-011   1.2107687694798933E-002   3.8149528074638039E-004   8.2556801115147708E-011   1.9574390859079178E-005   1.6452437323115782E-022   6.5909841753121678E-003  0.13876870525583440        1.5727659627765640       0.91871074887784288       0.47010064536647067        1.4751858298860119        7.6417258528792219E-018   3.1552415464548814E-018   1.7951549165001542E-025   6.1200823124611566E-003   1.5350832273355279E-002   1.7802503409790997E-002   0.0000000000000000        0.0000000000000000        4.2998966845923698       0.74212847686560268        1.0138953007765381E-002  0.57663762730159651     
  0.30199517204020160        8.3215344696044902        7.0797626290091701E-003  0.15938857292062006        2.4776149811578503E-007   1.6418480262037804E-011   1.6027391114859145E-002   4.3655848736327195E-004   1.2578722797505553E-010   2.5804055825090995E-005   4.9127437094093587E-022   7.5421251721975334E-003  0.18293278067484786        2.0408414810768245        1.4204594160817083       0.81687055267583497        2.0797910702238762        2.9479830827791068E-017   1.2326305111510903E-017   8.8556693046689176E-025   1.1865906333081102E-002   1.9938270915470017E-002   2.3251022624205874E-002   0.0000000000000000        0.0000000000000000        6.2931763092017876       0.93122477749414168        1.7433263481817798E-002  0.82896638594304095     
  0.39810717055349720        8.1744793605804453        8.0877977237218436E-003  0.21136001090847267        4.2473543459228978E-007   2.4667732430756953E-011   2.1204443790671591E-002   4.9926874168007833E-004   1.9164838499882594E-010   3.4016344688111266E-005   1.4624354374569112E-021   8.6210828100900336E-003  0.24115237063541536        2.5855600253424864        2.2001965851228746        1.4171235229047563        2.9255954949030172        1.1313254956191400E-016   4.7883065357102193E-017   4.3227480235853886E-024   2.2870880007473449E-002   2.5815479158071208E-002   3.0289279902258104E-002   0.0000000000000000        0.0000000000000000        9.1927293919617252        1.1673186725379006        2.9885695709877657E-002   1.1831635537469583     
  0.52480746024977254        8.0091138877868637        9.2253417300048463E-003  0.28006287832831617        7.2600828281515983E-007   3.6930257142102251E-011   2.8040553208603335E-002   5.7051212241386964E-004   2.9205973684386430E-010   4.4842236224778266E-005   4.3403297062860750E-021   9.8406960886434948E-003  0.31790073740590385        3.1529152944508132        3.4152466710877527        2.4538065271351730        4.1021402049786868        4.3144592143462055E-016   1.8483843585457839E-016   2.0834383679607763E-023   4.3774650624253050E-002   3.3285712035191158E-002   3.9327897783664197E-002   0.0000000000000000        0.0000000000000000        13.397974795033605        1.4620343434713376        5.1084182895858941E-002   1.6708158633661283     
  0.69183097091893642        7.8156153039932246        1.0501334544655920E-002  0.37085424909945386        1.2378739663461434E-006   5.5030137654925082E-011   3.7065596810760298E-002   6.5113288870077954E-004   4.4534594427376478E-010   5.9113519879636432E-005   1.2847870834726572E-020   1.1211580953236338E-002  0.41907478909150353        3.6152491078772666        5.3145897385677001        4.2387099764889342        5.7244748278363389        1.6328387929653062E-015   7.0839768164216737E-016   9.8859452743336302E-023   8.3070524109843419E-002   4.2665494822202332E-002   5.0832215039697218E-002   0.0000000000000000        0.0000000000000000        19.473674874333156        1.8297805819560498        8.7100631763657774E-002   2.3212910194403862     
  0.91201083935590965        7.5745288476943973        1.1915867098412117E-002  0.49080774982777559        2.1073731340807274E-006   8.1417231004308383E-011   4.8978661450132639E-002   7.4167165239279209E-004   6.7995731085766564E-010   7.7926703142323702E-005   3.7967995688952595E-020   1.2735465453947232E-002  0.55244816477498138        3.7135641310146994        8.2946581230786052        7.2961864166810244        7.9252587281684876        6.1164970674478847E-015   2.6906750129862971E-015   4.5923320335925333E-022  0.15581953036908242        5.4172645266911512E-002   6.5232038013151944E-002   0.0000000000000000        0.0000000000000000        28.203546320431439        2.2880345943372844       0.14828127606721492        3.1356701806454557     
   1.2022644346174127        7.2404600753784170        1.3440522930769824E-002  0.64927665072900864        3.5890990592271020E-006   1.1886811939377230E-010   6.4702630128289515E-002   8.4153404787607518E-004   1.0411541925227798E-009   1.0272725689966520E-004   1.1223656983393062E-019   1.4384784235545563E-002  0.72826851603406251        3.0274491249363358        12.992684854010951        12.478884510624507        10.802011951447517        2.2527417122109595E-014   1.0078577381089602E-014   2.0584388238365922E-021  0.28660758543099285        6.7538388914023584E-002   8.2574220969773238E-002   0.0000000000000000        0.0000000000000000        40.626711945739181        2.8566291908392771       0.25254008406346534        3.9982601813009264     
   1.5848931924611134        6.6706453695297245        1.4929629095116472E-002  0.85869896043304117        6.1266444889978094E-006   1.6771826471500507E-010   8.5458911705147980E-002   9.4512440434093821E-004   1.6072298411053434E-009   1.3542066453913547E-004   3.3252568092526925E-019   1.6010174163996548E-002  0.96004487892662460        1.2735585866269137        20.457643617507742        20.998096397760968        14.126258445364964        7.9410343548224699E-014   3.6409291793703875E-014   8.3930194805466927E-021  0.50065278341701558        8.0271851332917477E-002  0.10087067052040374        0.0000000000000000        0.0000000000000000        57.882337594916486        3.5508860043171073       0.43108961016296432        4.3269975342666696     
   2.0892961308540392        4.8255901203155531        1.5049710622736981E-002   1.1366137487138810        9.7344927603292651E-006   1.9048104392515376E-010  0.11291113740125895        9.9156545254717402E-004   2.6236685815841793E-009   1.7851869862531782E-004   9.1763603991160455E-019   1.6219794773909470E-002   1.2655856311759448        2.6333059200004220E-003   32.784885500734617        31.770930977459365        14.123568012704988        1.9270774666778021E-013   9.1759927788277942E-014   1.4800388589497735E-020   3.0862743455011299        7.0175055221990079E-002   9.7958825275271277E-002   0.0000000000000000        0.0000000000000000        78.171205459091865        4.2806289394472268       0.68494894664126182        1.2008290377700572     
   2.7542287033381663        2.8074447135925293        1.4013541053185636E-002   1.5041741152420649        1.3062317257412369E-005   1.7066967904878922E-010  0.14918276666296881        9.7023892434007475E-004   4.5404584423835784E-009   2.3533239583926066E-004   2.1403645359200408E-018   1.5219112373364971E-002   1.6683667865170742        1.1782299292272350E-010   53.406834416788527        43.138889724687388        11.142722984971360        3.0100695450980960E-013   1.0489021270544905E-013   7.7001154500888504E-021   1.3185293540843699        4.7355350225431365E-002   7.7927072747780587E-002   0.0000000000000000        0.0000000000000000        103.17079909478700        5.0561431988832624       0.91910494634298212        1.4081537955190361E-002
   3.6307805477010131        1.2747623629570008        1.2030837044373022E-002   1.9893340201589813        1.5345024395275438E-005   1.1203864258775958E-010  0.19707152159365621        8.6868986235276251E-004   8.4759973007023211E-009   3.1022602649192100E-004   4.3748876879004774E-018   1.3209752933217706E-002   2.1993357587081537        2.6721847281601920E-032   87.712975339050104        49.741540535783791        6.7632341570322474        3.0219174757369902E-013   6.4331364381918205E-016   5.2838928764730876E-022  0.23646906683279126        2.4311763572540314E-002   4.9568958600671599E-002   0.0000000000000000        0.0000000000000000        137.56257896273920        5.8851299670383339        1.0797232639138417        4.3807032066728000E-009
   4.7863009232263831       0.65879028177261367        1.0931095785799013E-002   2.6273836601717240        1.9205361015885670E-005   7.9830912320600155E-011  0.26013536789791525        8.0064967381810750E-004   1.5462726202473945E-008   4.0895326067584304E-004   9.5230511939509698E-018   1.2140698720292964E-002   2.8992891842512885        1.2041393471665511E-069   139.48858125690907        56.264461394710764        4.7485571884180038        3.7976149447422015E-013   3.8824850022655102E-034   1.6686039162855655E-023   7.1235380401280413E-002   1.4922631354101937E-002   3.5554920016130226E-002   0.0000000000000000        0.0000000000000000        192.23320375177306        7.0381009393549725        1.3513484597066041        7.2371942653981188E-021
   6.3095734448019316       0.40863506945967670        1.0624091195567920E-002   3.4673501219444640        2.6313600893334633E-005   6.8263389691710171E-011  0.34320160565808738        7.7905779721183007E-004   2.6960982835019409E-008   5.3909881455858932E-004   2.2679973840061832E-017   1.1942247807338338E-002   3.8220075037971180        4.3342491410263603E-117   214.50653713394260        65.423158807972598        4.0564965091093557        6.5591306224141764E-013   3.4242632619942178E-116   5.0351051199035885E-025   3.7926526588821861E-002   1.1443917438367888E-002   3.0113593392375630E-002   0.0000000000000000        0.0000000000000000        273.58236292624599        8.6315686400882310        1.8515061501384780        4.6080812883762608E-036
   8.3176377110267090       0.28513548049330711        1.0758348244093868E-002   4.5740975219318889        3.8224341741597943E-005   6.6375637491640138E-011  0.45266861159152932        7.8621589972905324E-004   4.5592331337094223E-008   7.1066059415872060E-004   5.7247742974745681E-017   1.2255224737981641E-002   5.0383871463507246        2.8189223753298133E-171   322.54962211385453        77.369883737276439        3.9248042609148994        1.3909081832580338E-012   0.0000000000000000        1.5378376780139487E-026   2.5744559762216714E-002   1.0086467565470870E-002   2.8390462263227386E-002   0.0000000000000000        0.0000000000000000        390.47025462777867        10.747854397000639        2.6895826271154926        1.6065351237248869E-053
   10.964781961431852       0.21412582451477646        1.1164000424048384E-002   6.0328387404732586        5.7591969339537347E-005   7.0157164215954806E-011  0.59695812217794875        8.1175979204847195E-004   7.5638295320861179E-008   9.3681758119526027E-004   1.4984364041777735E-016   1.2912577797292116E-002   6.6418878068059835        8.8390317381766834E-231   477.71323102476549        92.017778168234528        4.1011352168800519        3.3522905341202498E-012   0.0000000000000000        4.5182623094803949E-028   1.9860930655895143E-002   9.6832492487835646E-003   2.8622972604025829E-002   0.0000000000000000        0.0000000000000000        556.32548157785266        13.512211253903230        4.0523486642130546        9.5520645526712712E-073
   14.454397707459281       0.16877086868509650        1.1763093057415514E-002   7.9557583178155680        8.8886169391456132E-005   7.8420628347374782E-011  0.78716364555438700        8.5052943842477764E-004   1.2396159197805963E-007   1.2349418383684960E-003   4.0169604196032519E-016   1.3848564334208788E-002   8.7557133582045790        5.0393173876483623E-295   699.71444443941027        109.24716281788528        4.5067893448210707        8.7895242896364281E-012   0.0000000000000000        1.2121181976332121E-029   1.6885483214297583E-002   9.8293041210526459E-003   3.0165913738998813E-002   0.0000000000000000        0.0000000000000000        790.16943282573175        17.101211927340035        6.2543051389146367        1.5405444859403901E-093
   19.054607179632484       0.13758342271298168        1.2517244171404160E-002   10.490676885088364        1.3950491775669959E-004   9.1142140824339030E-011   1.0379051585882020        8.9983759411655458E-004   2.0154879335914815E-007   1.6279322647346677E-003   1.0949207939613649E-015   1.5045014030255384E-002   11.542278135277600        0.0000000000000000        1015.9284117303882        128.83830098665396        5.1289938885893491        2.4436575275827426E-011   0.0000000000000000        2.8466752106167307E-031   1.5094649611162260E-002   1.0370667456025185E-002   3.2794002153252282E-002   0.0000000000000000        0.0000000000000000        1118.3857883277030        21.752038291186430        9.8159964593260618        7.9844328259350769E-116
   25.118864315095820       0.11496010066429152        1.3406017151117968E-002   13.832424919739873        2.2165346755358619E-004   1.0893152202850893E-010   1.3684535095355195        9.5817665741470962E-004   3.2601630626268365E-007   2.1459723547810937E-003   3.0209810524194422E-015   1.6510166163313772E-002   15.215685930019033        0.0000000000000000        1464.1840457146461        150.41824167076049        5.9886905189219268        7.0908194092768637E-011   0.0000000000000000        5.6663391836112352E-033   1.3971743937238884E-002   1.1254652176480766E-002   3.6473635410677836E-002   0.0000000000000000        0.0000000000000000        1577.2781775187227        27.778111036140945        15.596221894470512        1.3890203837131135E-139
   33.113112148259148        9.7880653632339082E-002   1.4417267693728565E-002   18.237816083695137        3.5548722883382730E-004   1.3286859909973513E-010   1.8042115811737522        1.0246019837412605E-003   5.2568568976010309E-007   2.8288466048806784E-003   8.4126490450778615E-015   1.8270716282350503E-002   20.058180509004028        0.0000000000000000        2096.5370789740577        173.43595107668341        7.1313442589870828        2.1255752947520834E-010   0.0000000000000000        9.3312113140185527E-035   1.3254130094934225E-002   1.2478992306015775E-002   4.1281749361609318E-002   0.0000000000000000        0.0000000000000000        2216.5663447694287        35.591358207053311        25.013178285615698        8.0774349769418252E-165
   43.651583224016655        8.4586273240158313E-002   1.5542278147243483E-002   24.045375855931088        5.7436058954373100E-004   1.6446800954710686E-010   2.3786663533700918        1.0984096729289828E-003   8.4624522832258699E-007   3.7289928427201328E-003   2.3598634056702317E-014   2.0369680662892600E-002   26.441831618300441        0.0000000000000000        2984.3669109928501        197.17073399729463        8.6265309968258208        6.5368230395298341E-010   0.0000000000000000        1.2496940646007178E-036   1.2765875420963156E-002   1.4073141212928689E-002   4.7377604930609135E-002   0.0000000000000000        0.0000000000000000        3104.0914125385511        45.732350144612887        40.413783284474476        1.5539705541457056E-191
   57.543993733715780        7.3987776987138210E-002   1.6772887356228439E-002   31.701341685758436        9.3360096799994098E-004   2.0568768231217955E-010   3.1359619916460462        1.1789432833963743E-003   1.3617128282893852E-006   4.9155237986055330E-003   6.6591361472443556E-014   2.2867354438230347E-002   34.857122709980111        0.0000000000000000        4225.2828879030922        220.77259856785250        10.572186999865004        2.0523761118886384E-009   0.0000000000000000        1.3464369957020357E-038   1.2396526630143638E-002   1.6091865513372956E-002   5.4996939243754248E-002   0.0000000000000000        0.0000000000000000        4332.1092059027824        58.910420793055799        65.691044757959446        9.9542060327814519E-220
   75.857757502918517        6.5376033852517140E-002   1.8099497997859725E-002   41.793929823036194        1.5251998975301724E-003   2.5894325582775169E-010   4.1342917175527854        1.2654596609646496E-003   2.1926177027204206E-006   6.4795248356558643E-003   1.8884330835789730E-013   2.5844482494480240E-002   45.950636898042859        0.0000000000000000        5952.5217571087815        243.32911575658750        13.102615739558876        6.5557695509790314E-009   0.0000000000000000        1.1610195141113246E-040   1.2085642228125261E-002   1.8614482202300452E-002   6.4457868888092087E-002   0.0000000000000000        0.0000000000000000        6025.6737877867472        76.056820940884819        107.31777083321968        2.2004983556797101E-249
   100.00000000000020        5.8269712039269506E-002   1.9509493939616422E-002   55.098496213407437        2.5024536514546853E-003   3.2710799101387115E-010   5.4503690927954374        1.3570237071585389E-003   3.5364168509506658E-006   8.5410312931311159E-003   5.3780721739892782E-013   2.9407548939906075E-002   60.574736731152555        0.0000000000000000        8347.7845014610411        263.94722077131769        16.400634598400568        2.1248799859172699E-008   0.0000000000000000        8.0117372416951508E-043   1.1799645884608793E-002   2.1747310340722702E-002   7.6174773791534131E-002   0.0000000000000000        0.0000000000000000        8353.7663727523668        98.395039607915209        176.08036030061098        1.8017383295449808E-280
   131.82567385564101        5.2330488722363941E-002   2.0985919273610810E-002   72.637051545284919        4.1213636363105636E-003   4.1349296700760660E-010   7.1853222672232366        1.4524225550632912E-003   5.7188608851500111E-006   1.1258215099868959E-002   1.5373029607825958E-012   3.3696556928543064E-002   79.853054881609452        0.0000000000000000        11658.862278444809        281.83750719263730        20.715096301206724        6.9746606119578311E-008   0.0000000000000000        4.4440204241888270E-045   1.1519853464207547E-002   2.5628534048228773E-002   9.0679325862020085E-002   0.0000000000000000        0.0000000000000000        11544.016448280519        127.53383224374005        289.99186202292026        0.0000000000000000     
   173.78008287493799        4.7313438700293788E-002   2.2506430103971773E-002   95.756686475463056        6.8103114465464061E-003   5.2182334537514923E-010   9.4724640635721560        1.5500998611914362E-003   9.2816160026749044E-006   1.4839475227999182E-002   4.4088113001908344E-012   3.8896005193162393E-002   105.26682769189347        0.0000000000000000        16223.966869395994        296.38739472076509        26.385808007880954        2.3147729763520212E-007   0.0000000000000000        1.9982632843953312E-047   1.1236119534888877E-002   3.0435324502561967E-002  0.10864909368158691        0.0000000000000000        0.0000000000000000        15902.104580189452        165.59031252352329        479.19452676783402        0.0000000000000000     
   229.08676527677795        4.3036802365917531E-002   2.4042664665519683E-002   126.23290425226755        1.1287511182509175E-002   6.5625611634762552E-010   12.487534892389961        1.6481198148196102E-003   1.5133301614631527E-005   1.9559340460188392E-002   1.2681593012774682E-011   4.5250124940527686E-002   138.76870495150288        0.0000000000000000        22505.548338605069        307.21409828513663        33.878913303295747        7.7578184127035760E-007   0.0000000000000000        7.3719353647760671E-050   1.0943526230462875E-002   3.6393476703048530E-002  0.13094516306132950        0.0000000000000000        0.0000000000000000        21837.242238887538        215.35285625334811        794.22411470360089        0.0000000000000000     
   301.99517204020253        3.9362902879456652E-002   2.5560277620723680E-002   166.40575180836566        1.8759326074897605E-002   8.2151221468943362E-010   16.462205488111646        1.7441768413243089E-003   2.4812583498319038E-005   2.5779369336863082E-002   3.6576887380346561E-011   5.3083823798911071E-002   182.93278040308914        0.0000000000000000        31137.731658919394        314.19383948558851        43.837232065844560        2.6227713484303867E-006   0.0000000000000000        2.2660533960287939E-052   1.0640848205314695E-002   4.3790123801752512E-002  0.15866113791266884        0.0000000000000000        0.0000000000000000        29895.514645844167        280.49668541894624        1319.9640650065523        0.0000000000000000     
   398.10717055349858        3.6185701313142984E-002   2.7019938048361301E-002   219.35912657974885        3.1255680910192901E-002   1.0232033898353635E-009   21.701876918732431        1.8356699978212346E-003   4.0951125316347802E-005   3.3975585516526977E-002   1.0576276131898142E-010   6.2831193562709511E-002   241.15237046834787        0.0000000000000000        42993.622267173378        317.46794676885298        57.152060056033243        8.9368604792486239E-006   0.0000000000000000        5.9150848693842403E-055   1.0330076413587169E-002   5.2990407662077202E-002  0.19318697131037402        0.0000000000000000        0.0000000000000000        40803.383353724850        365.86904368699322        2199.2461490379587        0.0000000000000000     
   524.80746024977441        3.3422453575953096E-002   2.8379569586412461E-002   289.15689578037592        5.2198332760472498E-002   1.2684100920617187E-009   28.609145512430317        1.9198590745181966E-003   6.8095851560253116E-005   4.4774432631626240E-002   3.0653571216475914E-010   7.5073861292556901E-002   317.90073738698811        0.0000000000000000        59282.228401641449        317.43112438278484        75.065841254694988        3.0667736733475512E-005   0.0000000000000000        1.3416965169413200E-057   1.0016610049555829E-002   6.4459455695364279E-002  0.23629278416482632        0.0000000000000000        0.0000000000000000        55524.333925041690        477.86609133689620        3672.8357523074851        0.0000000000000000     
   691.83097091893910        3.1007948913237666E-002   2.9597930559234129E-002   381.15373076082193        8.7365417577841165E-002   1.5665161437192990E-009   37.714735616305248        1.9941066850345745E-003   1.1418127316741902E-004   5.8999783587541391E-002   8.9041592996477284E-010   9.0591820831810096E-002   419.07478924952716        0.0000000000000000        81690.445028607064        314.70731002501424        99.319237984146270        1.0591619136302122E-004   0.0000000000000000        2.7195557095999091E-060   9.7097902010857030E-003   7.8791623898114810E-002  0.29024011645889586        0.0000000000000000        0.0000000000000000        75332.619389846994        624.93033949614744        6147.3003489903658        0.0000000000000000     
   912.01083935591339        2.8890421905341548E-002   3.0639280337545489E-002   502.40412893486678       0.14653177867729283        1.9302605658847621E-009   49.718276926900643        2.0561870403740428E-003   1.9318305913432706E-004   7.7734198043305947E-002   2.5918946055021743E-009  0.11042966542122548        552.44816488649985        0.0000000000000000        112595.11809059992        310.11943936311491        132.36212778873511        3.6793684827458357E-004   0.0000000000000000        5.0971108627013514E-063   9.4235625640863661E-003   9.6749900718846829E-002  0.35793157433030059        0.0000000000000000        0.0000000000000000        101909.42967686833        818.20607887737458        10310.428075256730        0.0000000000000000     
   1202.2644346174179        2.7028560078060305E-002   3.1478388330762025E-002   662.20034508845379       0.24626420890646522        2.3769568018273924E-009   65.542059560587276        2.1046100606965865E-003   3.2992341387227850E-004  0.10239836769950796        7.5597316654564678E-009  0.13598136609096656        728.26851606524542        0.0000000000000000        155386.20438519516        304.65869543081550        177.65684407582643        1.2849550692708533E-003   0.0000000000000000        9.2099323180817728E-066   9.1771146517145349E-003  0.11931963506158730       0.44311465818109486        0.0000000000000000        0.0000000000000000        137468.78090709026        1072.4015273423140        17327.909593126198        0.0000000000000000     
   1584.8931924611206        2.5389239010633443E-002   3.2104722464472907E-002   872.77934851560212       0.41469472600610080        2.9298654178868991E-009   86.401897208211835        2.1388831854290183E-003   5.6879906029720238E-004  0.13485345081541486        2.2090710325788422E-008  0.16909705646531678        960.04487878147609        0.0000000000000000        214968.95270542699        299.45977891547915        240.11515788114119        4.5091858567280286E-003   0.0000000000000000        1.6875734048632438E-068   8.9954886288722332E-003  0.14778250818128821       0.55066224500099525        0.0000000000000000        0.0000000000000000        184923.11684366618        1406.9213822032561        29179.200472892204        0.0000000000000000     
   2089.2961308540494        2.3945748020274094E-002   3.2524599564117414E-002   1150.2510259419139       0.69968870704090846        3.6197696977788270E-009   113.90054318370537        2.1596317568787493E-003   9.8965294745572731E-004  0.17753160495799694        6.4664787604374735E-008  0.21221583627899310        1265.5856307710221        0.0000000000000000        298558.32911831804        295.79150766593472        326.73046953991161        1.5892894752521078E-002   0.0000000000000000        3.3302733331757619E-071   8.9104232690592131E-003  0.18381909282172312       0.68696143258196418        0.0000000000000000        0.0000000000000000        248102.13451509728        1847.3535235452659        49232.256334663529       -0.0000000000000000     
   2754.2287033381804        2.2676358950143822E-002   3.2760591595128279E-002   1515.8153186991767        1.1828505826810547        4.4868624226097552E-009   150.15083699220315        2.1685341410813993E-003   1.7366185377942355E-003  0.23360012833120269        1.8958507038028026E-007  0.26852925406741235        1668.3667859824779        0.0000000000000000        416955.43759215996        295.07700349425033        447.49693163043537        5.6233388612356119E-002   0.0000000000000000        7.5880215243752150E-074   8.9620234058494421E-003  0.22965185760292675       0.86045582201984094        0.0000000000000000        0.0000000000000000        332042.72637076455        2427.4203703730150        83229.016712935190       -0.0000000000000000     
   3630.7805477010324        2.1563152569125579E-002   3.2848420087404677E-002   1997.3555313408169        2.0035834467325522        5.5830761809793894E-009   197.93804325068663        2.1680886715245984E-003   3.0703925807892551E-003  0.30716355316929272        5.5656164064796969E-007  0.34218006192822198        2199.3357579937278        0.0000000000000000        586625.86533492780        298.96451630648914        616.75257468039410       0.19963491672150480        0.0000000000000000        2.1570708019885128E-076   9.2022503775456409E-003  0.28824589366567788        1.0824068836009266        0.0000000000000000        0.0000000000000000        443373.30472910742        3191.5403968237733        140978.31341968261       -0.0000000000000000     
   4786.3009232264094        2.0591050242498108E-002   3.2832450021784150E-002   2631.5193639076015        3.4004847664164282        6.9749536917257691E-009   260.93385614761195        2.1612819705293155E-003   5.4624285292031727E-003  0.40350465919155176        1.6354844287957719E-006  0.43849839118386524        2899.2891833200388        0.0000000000000000        833122.27442120214        309.47780400767033        855.15037268499248       0.71062703949785999        0.0000000000000000        8.3076775990880661E-079   9.7016547535581747E-003  0.36359321412666934        1.3679725782097427        0.0000000000000000        0.0000000000000000        590822.55782412516        4198.1900844120801        239268.60044711843       -0.0000000000000000     
   6309.5734448019684        1.9747014698721838E-002   3.2761236679100768E-002   3466.4287711459929        5.7826536229716696        8.7470389543872672E-009   343.97851207068760        2.1512384045620754E-003   9.7630465292430132E-003  0.52935792040733209        4.8082867197385170E-006  0.56427039549099489        3822.0075029377072        0.0000000000000000        1196774.7299296688        329.28676678192113        1192.5585551616998        2.5341754324010570        0.0000000000000000        4.7092222348920427E-081   1.0561420192000834E-002  0.46112015325006828        1.7377533086983958        0.0000000000000000        0.0000000000000000        785891.64217124856        5524.3129427061758        406885.35143681674       -0.0000000000000000     
   8317.6377110267604        1.9019391470910932E-002   3.2684280966826532E-002   4565.1944282864688        9.8526028273341275        1.1005554103401876E-008   453.45268645495867        2.1408858169724453E-003   1.7497042646538299E-002  0.69319501030374442        1.4133167297295659E-005  0.72802017708754341        5038.3871455628805        0.0000000000000000        1742225.2152525880        362.16021113981890        1672.3320610681128        9.0432032564808207        0.0000000000000000        4.2453729210959780E-083   1.1934034520399076E-002  0.58827910213190071        2.2200377144380945        0.0000000000000000        0.0000000000000000        1043740.9276504515        7271.0926151282129        693259.53538733348       -0.0000000000000000     
   10964.781961431918        1.8397373278022308E-002   3.2650504538479098E-002   6010.4490325471561        16.818120639189875        1.3881792435749259E-008   597.76774919621323        2.1325767579142992E-003   3.1372340816242877E-002  0.90547938668686401        4.1491480213268394E-005  0.94026246798325741        6641.8878061030455        0.0000000000000000        2574497.9659582619        413.70206524378744        2357.5991504679487        32.242193465950379        0.0000000000000000        6.4988317482726398E-085   1.4058381050859131E-002  0.75542017283202689        2.8541113214004068        0.0000000000000000        0.0000000000000000        1384358.7446285381        9571.4943255940088        1183374.8609115123       -0.0000000000000000     
   14454.397707459368        1.7870585344893244E-002   3.2708346979423375E-002   7910.1521389866075        28.757167523121549        1.7534209171729045E-008   788.01204730900827        2.1274444592377386E-003   5.6128937936959077E-002   1.1788153722626853        1.2148903256199129E-004   1.2136511637013463        8755.7133571332961        0.0000000000000000        3866192.1385877114        492.54158641012924        3340.4974227774319        114.61378388573101        0.0000000000000000        1.7707240293158408E-086   1.7319740208167320E-002  0.97709238780853591        3.6951962178458828        0.0000000000000000        0.0000000000000000        1834101.3242514671        12600.085346478740        2023443.0378971444       -0.0000000000000000     
   19054.607179632600        1.7428803029697515E-002   3.2907014178131987E-002   10404.949614324587        49.245308313195927        2.2147700882595663E-008   1038.8028719550239        2.1239870812036076E-003   9.9897835452065237E-002   1.5278818769274580        3.5410001861442401E-004   1.5629128781867936        11542.278133907263        0.0000000000000000        5903580.3020649999        612.26235288400244        4755.7108039256800        405.09172269512715        0.0000000000000000        8.7898870402979926E-088   2.2353821901852193E-002   1.2740075490079299        4.8219073611622774        0.0000000000000000        0.0000000000000000        2427721.7974773343        16585.771265451982        3465051.8405652195       -0.0000000000000000     
   25118.864315095976        1.7061809512185153E-002   3.3298266297180336E-002   13677.377507248590        84.431718424791626        2.7928218509393753E-008   1369.4095710773411        2.1148733105306062E-003  0.17625687427701070        1.9690168702262156        1.0246249631468431E-003   2.0044300098339267        15215.685928315123        0.0000000000000000        9164727.1925011631        794.53211366063431        6800.2583854572022        1418.3786532918989        0.0000000000000000        7.9211865828183074E-089   3.0229513095995430E-002   1.6760258264351826        6.3475894656397180        0.0000000000000000        0.0000000000000000        3211043.8265401502        21828.227416292761        5940876.2245785994       -0.0000000000000000     
   33113.112148259344        1.6759382606141106E-002   3.3938161407509895E-002   17963.155389018724        144.87749835881024        3.5090955233277442E-008   1805.2341024098059        2.0804522564515562E-003  0.30711004868639202        2.5193294700372664        2.9327697788279722E-003   2.5553480837012277        20058.180506759814        0.0000000000000000        14451488.118950985        1074.1560195280688        9762.3431102481263        4896.6380540653245        0.0000000000000000        1.2567208028401019E-089   4.2772781413515822E-002   2.2267074137054101        8.4376028056101440        0.0000000000000000        0.0000000000000000        4244485.0450314712        28718.954421278086        10194027.807724381       -0.0000000000000000     
   43651.583224016918        1.6511370246690603E-002   3.4888302868021706E-002   23564.671596161079        248.68018451041291        4.3841167371517623E-008   2379.7627837730529        1.9789250834695545E-003  0.52629321855600875        3.1952832571628620        8.2626094860323348E-003   3.2321504851143534        26441.831616182910        0.0000000000000000        23111224.162430387        1507.1183980232022        14063.277387429729        16565.226986540278        0.0000000000000000        3.3202122832070371E-090   6.3142310794711207E-002   2.9902420306363355        11.335643468461150        0.0000000000000000        0.0000000000000000        5607700.7777320649        37768.023823137635        17497905.091174006       -0.0000000000000000     
   57543.993733716139        1.6307801493017447E-002   3.6216295330841190E-002   30866.449738551091        426.74790917788943        5.4348534689854009E-008   3137.1391910726411        1.7434962510402157E-003  0.88329821265078656        4.0108317595023921        2.2755535648838528E-002   4.0487915510842738        34857.122707771094        0.0000000000000000        37405653.871529020        2183.0494069007873        20318.184347363956        54467.628265251857        0.0000000000000000        1.3526238067817716E-090   9.6847397497210511E-002   4.0619460979522275        15.403622690660200        0.0000000000000000        0.0000000000000000        7405704.4846563973        49637.670314909687        30027299.631261859       -0.0000000000000000     
   75857.757502918976        1.6139012787703456E-002   3.7995023686772288E-002   40351.796875443222        731.62242447553774        6.6720149074192809E-008   4135.5558574989109        1.3193065396577923E-003   1.4455844738004680        4.9754777614060837        6.0655218163693500E-002   5.0147920916325139        45950.636896223441        0.0000000000000000        61116515.458241239        3243.8255721883711        29423.530095862705        172120.88334406048        0.0000000000000000        7.7348166527001744E-091  0.15352344489793188        5.5840098197486396        21.181506135232645        0.0000000000000000        0.0000000000000000        9776934.6471441407        65183.879203134784        51479211.225659736       -0.0000000000000000     
   100000.00000000081        1.5995866938125349E-002   4.0298632824538605E-002   52618.826945705281        1252.0716845349839        8.0987756707784541E-008   5451.7253598251145        7.5617677308620714E-004   2.2968660501107370        6.0934034392193022       0.15429822099426593        6.1344582488169266        60574.736729409960        0.0000000000000000        100526606.14454195        4910.2105284692143        42683.098098592229        514785.93536023470        0.0000000000000000        5.5862907130779411E-091  0.24995863783380814        7.7684680634619410        29.474630021535184        0.0000000000000000        0.0000000000000000        12903887.385090208        85506.940202259269        88099627.022844404       -0.0000000000000000     
