  0.10000000000000001        8.4085086975097632        4.0300650947901646E-003   5.1092945579784735E-002   2.6058479633369455E-012   3.0043866955899706E-012   5.2004498239354314E-003   2.5127628653263446E-004   4.9919326866298113E-013   1.8155794405578053E-007   2.0429162818692676E-031   4.2815229392668547E-003   6.0574736790254657E-002  0.35553614717147319        5.6373823224083767E-003   1.4746484602416313E-003   1.2928617331341139E-005   4.1126901318128495E-027   1.6584329805797628E-027   3.9743850170282103E-039   7.3976092267883662E-008   6.8726251229880835E-003   7.9859454088595603E-003   0.0000000000000000        0.0000000000000000        3.5187026616957445E-005  0.37861827479560145        2.3529436468770693E-005   1.7069981258694385E-003
  0.13182567385564070        8.2597369918823222        4.6156562611884807E-003   6.8050624015690439E-002   5.0442302576842231E-012   4.5434627748821632E-012   6.8991737952439234E-003   2.8760088222740273E-004   7.6204904699655518E-013   2.3933992418676337E-007   6.8691639364420423E-031   4.9034964833400705E-003   7.9853054964438702E-002  0.44402637690348662        8.6803595492366426E-003   2.5694879422161051E-003   1.8243834423090639E-005   1.7827164940829097E-026   7.3094019741459952E-027   2.4746094916411625E-038   1.6134785935419952E-007   8.9386865369409235E-003   1.0450539358969613E-002   0.0000000000000000        0.0000000000000000        5.1659975375707340E-005  0.47683386697925967        4.6828131440045249E-005   2.4424996505600419E-003
  0.17378008287493754        8.1132540817260725        5.2827083178140413E-003   9.0510105366276739E-002   9.7660590652886003E-012   6.8562194756791603E-012   9.1449132340510799E-003   3.2910090487668392E-004   1.1625787388205076E-012   3.1551138787192777E-007   2.3099798963104288E-030   5.6121247340785970E-003  0.10526682784255065       0.55357384278570754        1.3376765602358875E-002   4.4708155312209634E-003   2.5738652917833335E-005   7.7279735490050130E-026   3.2168416792078873E-026   1.5407203892040135E-037   3.5165164792223814E-007   1.1609996607189567E-002   1.3657085022544001E-002   0.0000000000000000        0.0000000000000000        7.5738986439878483E-005  0.59952239229444881        9.2871985876258179E-005   3.4884947609776888E-003
  0.22908676527677729        7.9675341033935538        6.0420975349960004E-003  0.12023742456588171        1.8906141780644101E-011   1.0325105604872619E-011   1.2112687356584896E-002   3.7649561006533903E-004   1.7727317758761009E-012   4.1592487961387061E-007   7.7667796105165460E-030   6.4190090699409530E-003  0.13876870510534020       0.68726827691089243        2.0636525979638203E-002   7.7688685358103240E-003   3.6301561365290966E-005   3.3485076594820999E-025   1.4132719916105369E-025   9.5823456278553870E-037   7.6550987492505722E-007   1.5058115652282019E-002   1.7823166825096440E-002   0.0000000000000000        0.0000000000000000        1.1087663669578868E-004  0.75270951937054020        1.8349765984166589E-004   4.9701750193975134E-003
  0.30199517204020160        7.8225770568847643        6.9065428427127892E-003  0.15956228797431410        3.6591823756215042E-011   1.5520714388034232E-011   1.6033331662258329E-002   4.3061792486724339E-004   2.7019622723321980E-012   5.4829554038859227E-007   2.6105711873481934E-029   7.3377090631204208E-003  0.18293278047733610       0.84970944168331819        3.1879254755933291E-002   1.3484303621533075E-002   5.1190206027336565E-005   1.4500025543151832E-024   6.1982130894477729E-025   5.9512691503188406E-036   1.6643535341112299E-006   1.9505383447096493E-002   2.3231924877481241E-002   0.0000000000000000        0.0000000000000000        1.6206334335876075E-004  0.94397759375535828        3.6108930564415038E-004   7.0635255475167977E-003
  0.39810717055349720        7.6783829421997059        7.8905020699487748E-003  0.21155815582144813        7.0794157354212695E-011   2.3292480284236873E-011   2.1211295037877897E-002   4.9241745979994658E-004   4.1168104662451293E-012   7.2279375757564920E-007   8.7704463463453652E-029   8.3836423235062966E-003  0.24115237053066305        1.0460816504309816        4.9326598929060397E-002   2.3380746736433120E-002   7.2181646067514258E-005   6.2739900191671371E-024   2.7135322338442467E-024   3.6896741686891508E-035   3.6137344205080374E-006   2.5237088483947547E-002   3.0249298864337432E-002   0.0000000000000000        0.0000000000000000        2.3649070941075861E-004   1.1828777497221830        7.0734679345195461E-004   1.0013034876179688E-002
  0.52480746024977254        7.5341888275146482        9.0100262395294509E-003  0.28027964554737916        1.3688057130181049E-010   3.4900562222243926E-011   2.8048103370259644E-002   5.6296189329414119E-004   6.2708028636944148E-012   9.5282694455269738E-007   2.9443728938270356E-028   9.5739409597681447E-003  0.31790073732422353        1.2800565019184953        7.6467257747696665E-002   4.0502340601687094E-002   1.0177896208741806E-004   2.7115062352022603E-023   1.1855724410779928E-023   2.2817724552394911E-034   7.8332286675476260E-006   3.2614827724624963E-002   3.9344233976650662E-002   0.0000000000000000        0.0000000000000000        3.4448489724127834E-004   1.4814468977932471        1.3783629659314953E-003   1.4151718369132826E-002
  0.69183097091893642        7.3899947128295889        1.0283601997628108E-002  0.37107445670136485        2.6445133818223765E-010   5.2216780738691355E-011   3.7073252272083405E-002   6.4347731486843920E-004   9.5496901697664670E-012   1.2560693337981250E-006   9.8757678839686498E-028   1.0928335381830346E-002  0.41907478881484750        1.5560986030335695       0.11879810782400768        7.0102950738948802E-002   1.4353118239286556E-004   1.1702628841862353E-022   5.1689295012502423E-023   1.4069846883706316E-033   1.6948823030669642E-005   4.2103581725314157E-002   5.1123567326547464E-002   0.0000000000000000        0.0000000000000000        5.0083795048157839E-004   1.8549230765283107        2.6694270827628524E-003   1.9938618941269810E-002
  0.91201083935590965        7.2448469333648671        1.1731556722409109E-002  0.49099627408284419        5.1039917667288093E-010   7.8006832391703279E-011   4.8984998992964490E-002   7.3533395576344919E-004   1.4540919682059764E-011   1.6558200432817624E-006   3.3086401829371517E-027   1.2468546498215839E-002  0.55244816477477954        1.8740428556929629       0.18501468185191394       0.12123808963289337        2.0244263495338091E-004   5.0416922333098174E-022   2.2481077047641234E-022   8.6429080187903125E-033   3.6591543603625278E-005   5.4288488261452779E-002   6.6361015043015378E-002   0.0000000000000000        0.0000000000000000        7.2664028046719609E-004   2.3225715692315183        5.1316772652659701E-003   2.7985458415191247E-002
   1.2022644346174127        7.0974103584289541        1.3376314239752494E-002  0.64934803619043824        9.8387201838051575E-010   1.1634418272368715E-010   6.4704098826484410E-002   8.4006515048943621E-004   2.2139476372528991E-011   2.1827931177836618E-006   1.1069423089926507E-026   1.4218562183359713E-002  0.72826851637490864        2.2266654884555419       0.28892823110044635       0.20949942558733195        2.8557066505136513E-004   2.1670567911480334E-021   9.7500773397594101E-022   5.2836249207265069E-032   7.8786347771407959E-005   6.9903105360595186E-002   8.6040344878437855E-002   0.0000000000000000        0.0000000000000000        1.0518371685011830E-003   2.9087887561232169        9.7772709020956475E-003   3.9091988167288032E-002
   1.5848931924611134        6.9458730249404894        1.5242267301733566E-002  0.85839857274694198        1.8938693136308562E-009   1.7319778824434574E-010   8.5444663913468069E-002   9.5937193929994846E-004   3.3709972896635488E-011   2.8774773419543341E-006   3.6974873058206344E-026   1.6204516718375469E-002  0.96004487968918228        2.5945489304698195       0.45256995040199044       0.36169352688735740        4.0284513243993032E-004   9.2877943931690611E-021   4.2147308929362437E-021   3.2105197961001997E-031   1.6907978041567180E-004   8.9856257679593585E-002  0.11140225519608847        0.0000000000000000        0.0000000000000000        1.5187357201064263E-003   3.6444857932579873        1.8428311298118852E-002   5.4266328210539436E-002
   2.0892961308540392        6.7872785720825188        1.7354835670375091E-002   1.1343280869499901        3.6398429647307316E-009   2.5723432654527573E-010  0.11280760804366605        1.0950944748150651E-003   5.1336337124485195E-011   3.7932470368106532E-006   1.2328880188580097E-025   1.8453723392226964E-002   1.2655856324185322        2.9355961078808672       0.71124504716313686       0.62379933948389010        5.6813009996349291E-004   3.9661009361600950E-020   1.8147659281756528E-020   1.9358142996627580E-030   3.6135609667554161E-004  0.11524295422230195       0.14398248315671058        0.0000000000000000        0.0000000000000000        2.1867266850917285E-003   4.5687859836571540        3.4284538041564672E-002   7.4680324113615915E-002
   2.7542287033381663        6.6160003776550296        1.9737561888026452E-002   1.4984762079468927        6.9840463695964660E-009   3.8081189821013955E-010  0.14890390526285674        1.2490998510598429E-003   7.8211191809286683E-011   5.0004630091708717E-006   4.1033338172007697E-025   2.0991662202095467E-002   1.6683667889169285        3.1649665828954663        1.1218136379486741        1.0743316687138571        8.0038846997894202E-004   1.6852739778694805E-019   7.7748296157077553E-020   1.1550218567659880E-029   7.6798262230894424E-004  0.14729627636870743       0.18560111559678263        0.0000000000000000        0.0000000000000000        3.1384099134003063E-003   5.7310005022250303        6.2788399427386302E-002  0.10141177941987047     
   3.6307805477010131        6.4204990978240968        2.2404282451263462E-002   1.9789912421249687        1.3379691932873745E-008   5.6087063927483144E-010  0.19651725695694647        1.4229538586436547E-003   1.1925906966313367E-010   6.5918780385995042E-006   1.3632048262502173E-024   2.3833828187945716E-002   2.1993357621512062        3.1252551906741406        1.7763688355802769        1.8461459292858180        1.1242090521220494E-003   7.1084459491655989E-019   3.3072140587769867E-019   6.7827585222700699E-029   1.6184094388602777E-003  0.18715710534969060       0.23818382123379681        0.0000000000000000        0.0000000000000000        4.4868640955231269E-003   7.1926170915820489       0.11279372047843958       0.13454956455735884     
   4.7863009232263831        6.1701620931625367        2.5328269380100476E-002   2.6130248509518927        2.5590630372036265E-008   8.1769671356759266E-010  0.25931944007637137        1.6165767207842216E-003   1.8223043546007667E-010   8.6897627426841078E-006   4.5204177659678210E-024   2.6953535863627382E-002   2.8992891883104095        2.5361580761323275        2.8252484775908115        3.1581382913585272        1.5650759587241768E-003   2.9563653809022597E-018   1.3884453167876524E-018   3.8617826207522031E-028   3.3546745681157018E-003  0.23481394336158387       0.30277835023207827        0.0000000000000000        0.0000000000000000        6.3805399814750507E-003   9.0271859070586533       0.19752406386782828       0.16972337180147815     
   6.3095734448019316        5.7004821891784676        2.8180763542053146E-002   3.4498459854804926        4.8838359760171289E-008   1.1550158923477252E-009  0.34216407638940549        1.8165860789569187E-003   2.8091251741010435E-010   1.1455298507063473E-005   1.4955781961455961E-023   3.0008804919517129E-002   3.8220075091676273       0.91015235789054627        4.5204116376889454        5.3089807275711713        2.0867620754549234E-003   1.1677533367471471E-017   5.5579943482781059E-018   1.9584471713224375E-027   6.3412588699194319E-002  0.28017440804821986       0.37073878889493367        0.0000000000000000        0.0000000000000000        8.9602245040517770E-003   11.291934520332415       0.32847201666658399       0.17391856889077650     
   8.3176377110267090        1.3712255554199220        1.8922902380820523E-002   4.5660093736370184        2.5993720419394233E-008   4.1182946424208047E-010  0.45209285756743905        1.3619686025245251E-003   6.0599882077686000E-010   1.5100788824855865E-005   1.3908976727901114E-023   2.0299971772169904E-002   5.0383871541752434        9.2009801474874305E-029   7.6903435814832752        4.6172726836594444        6.0033398024472533E-004   2.4098165917370808E-018   1.6286692137096933E-020   4.2159224100789227E-030   9.2119159644324063E-004   6.5082985302331933E-002  0.13026109993040186        0.0000000000000000        0.0000000000000000        1.0269197808051260E-002   12.326806933979263       0.16717158928410916        1.2320355202804419E-009
   10.964781961431852       0.32081148386001584        1.3222727773870083E-002   6.0308951879263635        1.0357951284486368E-008   1.1213745642221401E-010  0.59680221551058577        9.6766464461400695E-004   1.3764059208147624E-009   1.9906139129278284E-005   9.6774932390670437E-024   1.4210298557613367E-002   6.6418878165713364        5.2385588856484185E-151   11.395361093170898        2.6088370261800740        1.7662835127246155E-004   3.5906880824048800E-019   1.2826420857907930E-253   3.9172517810386368E-036   1.1428506324581184E-005   1.6216238113023387E-002   4.4679914813800445E-002   0.0000000000000000        0.0000000000000000        1.3961966731387799E-002   13.978203681627869        7.2690324906437939E-002   7.9525731972240843E-049
   14.454397707459281       0.17501998066902158        1.2458160701345866E-002   7.9552410170848731        1.0197064268411679E-008   7.8466643229386705E-011  0.78711252467965498        9.0164795475115465E-004   2.4891948927850624E-009   2.6240727384757308E-005   1.6569177770500552E-023   1.3386049383481778E-002   8.7557133708147550        3.7417925152361993E-284   15.268950485110416        1.9694576232585510        1.3256404719727322E-004   3.7943627172635311E-019   0.0000000000000000        1.3227790756436429E-040   2.2680176134223903E-006   1.0900207154800723E-002   3.3267437856223506E-002   0.0000000000000000        0.0000000000000000        1.9882287990098085E-002   17.198267234006618        6.4204051612658256E-002   5.4078100814993768E-092
   19.054607179632484       0.12075645470619199        1.2698045721859527E-002   10.490775087309354        1.2980792552377224E-008   7.2844040818100402E-011   1.0378958657753885        9.0912733662901148E-004   4.2109391929312959E-009   3.4591086212677156E-005   3.6650163047403800E-023   1.3641764144701215E-002   11.542278152104815        0.0000000000000000        20.023436363834517        1.6436092160544149        1.2814910137927570E-004   6.9468937889056832E-019   0.0000000000000000        1.9191322182051341E-044   9.0765553720623238E-007   9.5618129435252296E-003   3.0785059643874339E-002   0.0000000000000000        0.0000000000000000        2.8163375446100796E-002   21.609908378628699        6.9304443761356277E-002   8.9197146040457341E-135
   25.118864315095820        9.2349165081977824E-002   1.3387532666527814E-002   13.832886700850255        1.8437675806788531E-008   7.6615666702425977E-011   1.3684622474256545        9.4943473766580743E-004   6.9152894013553510E-009   4.5598568450370284E-005   9.0418110724816002E-023   1.4382565972643993E-002   15.215685952555454        0.0000000000000000        26.060495659726939        1.4357462676936343        1.3835150928276008E-004   1.6130514369640894E-018   0.0000000000000000        5.5895402943877693E-048   4.9801946041858484E-007   9.4124986364652937E-003   3.1359636299510503E-002   0.0000000000000000        0.0000000000000000        3.9647703985106773E-002   27.415260891388666        8.1687045660230370E-002   2.9123721551532071E-177
   33.113112148259148        7.4803223237395272E-002   1.4380124660582224E-002   18.238564180674114        2.7765134580494701E-008   8.6253787061396054E-011   1.8042248532641671        1.0113245580891917E-003   1.1169216330225608E-008   6.0108567104434547E-005   2.3643300737924844E-022   1.5451557785775850E-002   20.058180538687221        0.0000000000000000        33.809708680148439        1.2854281644707657        1.5892964931198396E-004   4.2646355099269671E-018   0.0000000000000000        2.3999670831558960E-051   3.2640929745800619E-007   9.8769191016207097E-003   3.3715730979352564E-002   0.0000000000000000        0.0000000000000000        5.5514005423750935E-002   34.981890289300232       0.10113551489207466        1.1992724129385562E-219
   43.651583224016655        6.2855591669678690E-002   1.5629432846409656E-002   24.046437382080789        4.3293131767647161E-008   1.0114595931565817E-010   2.3786737695719697        1.0909864455942175E-003   1.7850473701479861E-008   7.9235397133359397E-005   6.4001575173078799E-022   1.6799654689137231E-002   26.441831657531029        0.0000000000000000        43.808165937284272        1.1675143371214325        1.9004538478375113E-004   1.2216230856915971E-017   0.0000000000000000        1.3008002853810528E-054   2.3908669112288814E-007   1.0793439328091988E-002   3.7524986919778631E-002   0.0000000000000000        0.0000000000000000        7.7360636599990415E-002   44.817393242541186       0.12923841359207933        4.5554112633344320E-262
   57.543993733715780        5.4176497124135498E-002   1.7125293729008791E-002   31.702856403916609        6.8979449664485528E-008   1.2161521462108265E-010   3.1359536053539507        1.1873204067876289E-003   2.8323129873495027E-008   1.0444780464224559E-004   1.7699640516522323E-021   1.8417061940438666E-002   34.857122761365254        0.0000000000000000        56.746987057220572        1.0693653018846530        2.3377949401648385E-004   3.6892065219113658E-017   0.0000000000000000        8.1097196483169249E-058   1.8893335059917312E-007   1.2129975443691413E-002   4.2782023232103818E-002   0.0000000000000000        0.0000000000000000       0.10734450561568444        57.595013645195863       0.16886809509847289        0.0000000000000000     
   75.857757502918517        4.7574789939448234E-002   1.8874928482659321E-002   41.796204649187793        1.1135834978540613E-007   1.4838392827835556E-010   4.1342566493484876        1.3005158422018479E-003   4.4708107281537172E-008   1.3768165155976294E-004   4.9584843303241743E-021   2.0313125976420932E-002   45.950636965577843        0.0000000000000000        73.524415138909561       0.98393978381485225        2.9372965036179014E-004   1.1547262807116838E-016   0.0000000000000000        5.4682888270162534E-061   1.5760086492406553E-007   1.3913930477154378E-002   4.9646985210722326E-002   0.0000000000000000        0.0000000000000000       0.14836860326862927        74.199271391019110       0.22437133598229905        0.0000000000000000     
   100.00000000000020        4.2377875678241250E-002   2.0896047159467853E-002   55.102114310199212        1.8106020134980922E-007   1.8233615655899262E-010   5.4502945790395927        1.4315216272067243E-003   7.0303005355195599E-008   1.8148839875937347E-004   1.3987289680408332E-020   2.2509057185433952E-002   60.574736820145880        0.0000000000000000        95.313977920879040       0.90712035076369002        3.7517255287908025E-004   3.7030016741087404E-016   0.0000000000000000        3.8205930959897123E-064   1.3673199903124173E-007   1.6211473701644125E-002   5.8401676318178844E-002   0.0000000000000000        0.0000000000000000       0.20433154145016960        95.789219270862731       0.30208349116194899        0.0000000000000000     
   131.82567385564101        3.8176442162133756E-002   2.3213922682426530E-002   72.643065816754003        2.9514972276312305E-007   2.2433817726737295E-010   7.1851928540698236        1.5818148165559090E-003   1.1023543693358620E-007   2.3923074663401606E-004   3.9548691560731425E-020   2.5034968245616455E-002   79.853054998622270        0.0000000000000000        123.64947437765520       0.83638452660060181        4.8548785330830877E-004   1.2064406422478795E-015   0.0000000000000000        2.6791864170375263E-067   1.2205405431641570E-007   1.9122283381046535E-002   6.9443265704666371E-002   0.0000000000000000        0.0000000000000000       0.28045896151119443        123.88261396098923       0.41114496608045753        0.0000000000000000     
   173.78008287493799        3.4707114000804715E-002   2.5860287204055976E-002   95.766952460000141        4.8067031688630924E-007   2.7507335570145729E-010   9.4722608281075935        1.7533079734933046E-003   1.7248020941027021E-007   3.1534038428163852E-004   1.1168643108268623E-019   2.7928935561830921E-002   105.26682784462591        0.0000000000000000        160.53877740079781       0.77020745298472004        6.3479384489492868E-004   3.9681586493319236E-015   0.0000000000000000        1.8414188665732429E-070   1.1119753317758475E-007   2.2781386743346531E-002   8.3297288192654320E-002   0.0000000000000000        0.0000000000000000       0.38374290601532579        160.46702155382533       0.56472356023743142        0.0000000000000000     
   229.08676527677795        3.1792755411937837E-002   2.8873013567070623E-002   126.25064760245502        7.7998648607617817E-007   3.3489755739498402E-010   12.487234659235336        1.9483159003684299E-003   2.6944521601081495E-007   4.1565751452307497E-004   3.1417745560781599E-019   3.1236986981962128E-002   138.76870515113075        0.0000000000000000        208.61503833049008       0.70772276867382233        8.3676977126556521E-004   1.3114143157378389E-014   0.0000000000000000        1.2195316796925724E-073   1.0277662913983278E-007   2.7365023756486126E-002  0.10064296360090709        0.0000000000000000        0.0000000000000000       0.52352408831257602        208.14598793224354       0.78181099826694356        0.0000000000000000     
   301.99517204020253        2.9309501731768248E-002   3.2296092271563284E-002   166.43653244052868        1.2588816510061962E-006   4.0374669304619085E-010   16.461780071768906        2.1695440255388985E-003   4.2044930925173821E-007   5.4787806831273688E-004   8.7874787249943720E-019   3.5013514365414923E-002   182.93278066635801        0.0000000000000000        271.32875663821949       0.64844335039906797        1.1096010641939850E-003   4.3397505292823039E-014   0.0000000000000000        7.6873832577817938E-077   9.5953574855595488E-008   3.3099420805527781E-002  0.12234840383623861        0.0000000000000000        0.0000000000000000       0.71226336443880067        270.33111112558697        1.0898515481820181        0.0000000000000000     
   398.10717055349858        2.7168191356933671E-002   3.6179972334379494E-002   219.41247428228675        2.0190677134884068E-006   4.8114688439580104E-010   21.701292419320509        2.4201043522557443E-003   6.5559844272149375E-007   7.2214261566508797E-004   2.4415254834275696E-018   3.9322219302300329E-002   241.15237081642931        0.0000000000000000        353.20642558209039       0.59214912292441468        1.4769300943467043E-003   1.4348033480020189E-013   0.0000000000000000        4.5767845300087740E-080   9.0231591364869880E-008   4.0273279138070800E-002  0.14951919871537597        0.0000000000000000        0.0000000000000000       0.96656292829363644        351.49459681184373        1.5286473876082762        0.0000000000000000     
   524.80746024977441        2.5303003722685388E-002   4.0582031862449290E-002   289.24908409184235        3.2179238899992294E-006   5.6633681798564649E-010   28.608361745265960        2.7035405699486151E-003   1.0218625567147675E-006   9.5181175180964340E-004   6.7380974641345530E-018   4.4237384184207550E-002   317.90073784538845        0.0000000000000000        460.19241743351074       0.53879391051824643        1.9684534023303793E-003   4.7339843315515738E-013   0.0000000000000000        2.5648093190235355E-083   8.5336548467164419E-008   4.9254165084186535E-002  0.18356160210948372        0.0000000000000000        0.0000000000000000        1.3085177825066925        457.50124795306550        2.1562123692318260        0.0000000000000000     
   691.83097091893910        2.3664165955909991E-002   4.5567080088002525E-002   381.31248296174573        5.1002074453056346E-006   6.5847233533274691E-010   37.713705755322707        3.0238547384341071E-003   1.5926273249406818E-006   1.2544867036950839E-003   1.8484118362173969E-017   4.9845421530131717E-002   419.07478985230978        0.0000000000000000        600.09233535595513       0.48841083254554801        2.6193691841438762E-003   1.5583775204070331E-012   0.0000000000000000        1.3526093131582551E-086   8.1136534177677731E-008   6.0509485956622866E-002  0.22626313585689231        0.0000000000000000        0.0000000000000000        1.7675037862450429        596.04490049674769        3.0576448842630706       -0.0000000000000000     
   912.01083935591339        2.2213354515901299E-002   5.1207988156280700E-002   502.67660862624120        8.0496609232703060E-006   7.5686113640560289E-010   49.716947421185786        3.3855434624499980E-003   2.4827436923312374E-006   1.6533522989272507E-003   5.0467464651636822E-017   5.6246883917657947E-002   552.44816567836756        0.0000000000000000        783.16541381957541       0.44107400808359509        3.4670929473442258E-003   5.1208268603695256E-012   0.0000000000000000        6.7305827542674089E-090   7.7589844936549611E-008   7.4633808966864237E-002  0.27989725002391991        0.0000000000000000        0.0000000000000000        2.3825421352939897        777.22241184473296        4.3587904416059216       -0.0000000000000000     
   1202.2644346174179        2.0920531639625546E-002   5.7586302267100174E-002   662.66674147899005        1.2673527669810340E-005   8.6115766630694588E-010   65.540370340749362        3.7936322605769883E-003   3.8723139649712220E-006   2.1789433857703241E-003   1.3737272338428340E-016   6.3558877913447484E-002   728.26851710132246        0.0000000000000000        1022.9007555721420       0.39685630730798682        4.5420213822717900E-003   1.6812337747672031E-011   0.0000000000000000        3.1744985535393497E-093   7.4704451495555593E-008   9.2383775032409160E-002  0.34735699420129551        0.0000000000000000        0.0000000000000000        3.2054255042499107        1014.2885748840200        6.2475357749538070       -0.0000000000000000     
   1584.8931924611206        1.9761829514405686E-002   6.4792891260604960E-002   873.57601154027020        1.9941594329555491E-005   9.7148446991302227E-010   86.399782117438178        4.2537126689011426E-003   6.0444035038572047E-006   2.8714671018172078E-003   3.7346282073252100E-016   7.1918071031323305E-002   960.04488014482638        0.0000000000000000        1337.0535115313594       0.35581366599920095        5.8462306479607779E-003   5.5209162633976842E-011   0.0000000000000000        1.4277887951434227E-096   7.2513076689954254E-008  0.11472318559724295       0.43232746537684602        0.0000000000000000        0.0000000000000000        4.3048497730176880        1324.6492785797222        9.0075281028785223       -0.0000000000000000     
   2089.2961308540494        1.8718000514447337E-002   7.2928488805393085E-002   1151.6099387750398        3.1415671954290912E-005   1.0884708731400692E-009   113.89793050019519        4.7719716614107758E-003   9.4450543067001283E-006   3.7838538780224779E-003   1.0157801794520687E-015   8.1484314344826336E-002   1265.5856325670459        0.0000000000000000        1749.0054020774260       0.31796359994736723        7.3084463992440308E-003   1.8152577468058763E-010   0.0000000000000000        6.1648466239621018E-100   7.1056766139682374E-008  0.14288063295903652       0.53950619851202852        0.0000000000000000        0.0000000000000000        5.7718738123420374        1731.1682151422963        13.072398765533981       -0.0000000000000000     
   2754.2287033381804        1.7773356376826994E-002   8.2104174527056512E-002   1518.1315798409696        4.9629868888543806E-005   1.2132384328509114E-009   150.14764985551324        5.3552177156221464E-003   1.4779150141778608E-005   4.9857627326258015E-003   2.7682554072753638E-015   9.2445154975304450E-002   1668.3667883484632        0.0000000000000000        2289.5837883213230       0.28328410531937986        8.6937499001984945E-003   5.9808249489189702E-010   0.0000000000000000        2.5734385931166494E-103   7.0379979447938103E-008  0.17842386488208151       0.67488738210875565        0.0000000000000000        0.0000000000000000        7.7271321671388735        2263.8865580354882        19.114646242256157       -0.0000000000000000     
   3630.7805477010324        1.6914973674865903E-002   9.2441661064915887E-002   2001.3029512660569        7.8723171163897304E-005   1.3473615933366072E-009   197.93419985812844        6.0108941766155487E-003   2.3164202610554880E-005   6.5688338308453574E-003   7.5679388367442384E-015  0.10502138907237679        2199.3357611257693        0.0000000000000000        2999.4806718019522       0.25171236677212450        9.4282836693375827E-003   1.9755543994810033E-009   0.0000000000000000        1.0460139671829401E-106   7.0530933181495702E-008  0.22335535693907016       0.84612702724373923        0.0000000000000000        0.0000000000000000        10.330361727224233        2962.2864016207350        28.194273432103714       -0.0000000000000000     
   4786.3009232264094        1.6132118659432301E-002  0.10407334242922540        2638.2488464652001        1.2549589235008737E-004   1.4928340729999587E-009   260.92926957780804        6.7470778735650083E-003   3.6378149243497216E-005   8.6535676783171984E-003   2.0771770271580153E-014  0.11947398798110760        2899.2891874550960        0.0000000000000000        3932.5020206735917       0.22315026326208345        8.2666936582363494E-003   6.5429102617737015E-009   0.0000000000000000        4.1699989910564561E-110   7.1566484802806329E-008  0.28023560866450009        1.0630138785777119        0.0000000000000000        0.0000000000000000        13.792982168646338        3878.2704346757278        42.012926893234564       -0.0000000000000000     
   6309.5734448019684        1.5415810342055917E-002  0.11714197679923977        3477.9093017579899        2.0118030603500652E-004   1.6520578014225057E-009   343.97308981334487        7.5724548842873449E-003   5.7260533414673174E-005   1.1398319111478357E-002   5.7267184153876225E-014  0.13611275079500545        3822.0075083636302        0.0000000000000000        5159.9479174628013       0.19747043810747580        2.6715349366901032E-003   2.1721822993842826E-008   0.0000000000000000        1.6426530075328152E-113   7.3558906633923753E-008  0.35234222434745655        1.3380767969991574        0.0000000000000000        0.0000000000000000        18.394706226206139        5080.0850366215072        63.358600408828352       -0.0000000000000000     
   8317.6377110267604        1.4758501993068423E-002  0.13179992373244298        4584.7998779858608        3.2441822963032955E-004   1.8278663472853097E-009   453.44632970024986        8.4962694128834764E-003   9.0365182341171303E-005   1.5011029878769285E-002   1.5861908770371871E-013  0.15530722302409575        5038.3871527157153        0.0000000000000000        6776.6014894995305       0.17452584442755867       -1.2330148357532694E-002   7.2245264372900353E-008   0.0000000000000000        6.4459858256990854E-117   7.6605119161439872E-008  0.44387595302162786        1.6873711238358806        0.0000000000000000        0.0000000000000000        24.505466796985321        6657.4863131463708        96.902749806991551       -0.0000000000000000     
   10964.781961431918        1.4153839764123403E-002  0.14820779910078005        6043.9686752132347        5.2628332635999882E-004   2.0235868782632485E-009   597.76035172710590        9.5282376647620060E-003   1.4302739381447563E-004   1.9764488406948992E-002   4.4136163561320091E-013  0.17750052517249107        6641.8878155437587        0.0000000000000000        8909.0225122926022       0.15415884980134026       -4.6232755616705909E-002   2.4050980824511436E-007   0.0000000000000000        2.5436444026525339E-120   8.0838248938570857E-008  0.56022813925388282        2.1314990506737983        0.0000000000000000        0.0000000000000000        32.614358232744081        8728.5437660622974        150.66381413939288       -0.0000000000000000     
   14454.397707459368        1.3596491795850853E-002  0.16653247843726549        7967.5309471772289        8.5877616021748902E-004   2.2431469391257434E-009   788.00349394700606        1.0678424045937057E-002   2.2711753752063430E-004   2.6016099314326253E-002   1.2334205804366425E-012  0.20322700179752878        8755.7133695790380        0.0000000000000000        11727.303315866582       0.13621156238965029      -0.11682646019608418        8.0056116691396301E-007   0.0000000000000000        1.0213568948591566E-123   8.6444142729820239E-008  0.70832971708192538        2.6969405817631729        0.0000000000000000        0.0000000000000000        43.367829452239953        11448.601970242278        238.75813723814809       -0.0000000000000000     
   19054.607179632600        1.3082032713185074E-002  0.18694441420498897        10503.283394634460        1.4092318008692565E-003   2.4912335661378907E-009   1038.7930357258915        1.1957079480185057E-002   3.6193614929680564E-004   3.4233361305573085E-002   3.4604484298933935E-012  0.23313485499074713        11542.278150317637        0.0000000000000000        15462.214735836245       0.12053634610401968      -0.25697963924854739        2.6610802886897566E-006   0.0000000000000000        4.2397205756677971E-127   9.3686541529780290E-008  0.89710938831338582        3.4178002871998672        0.0000000000000000        0.0000000000000000        57.620078679900239        15022.086210341919        386.68685718635976       -0.0000000000000000     
   25118.864315095976        1.2606883599314646E-002  0.20961440096611753        13846.060004103456        2.3248202162035147E-003   2.7735198504688225E-009   1369.3983073595098        1.3374453731702847E-002   5.7901308003634156E-004   4.5026470907408356E-002   9.7419317781408352E-012  0.26801532560522873        15215.685949958097        0.0000000000000000        20431.206145766526       0.10700783750934147      -0.52675218251597378        8.8217264915226365E-006   0.0000000000000000        1.8607170279310466E-130   1.0294873924478410E-007   1.1381008055622313        4.3381214292145867        0.0000000000000000        0.0000000000000000        76.499537378101408        19718.056471041040        641.70629190875206       -0.0000000000000000     
   33113.112148259344        1.2168308812482792E-002  0.23471019122910686        18252.701939041890        3.8543260535610175E-003   3.0969836100071931E-009   1805.2212367966656        1.4940612088482517E-002   9.3008633691957839E-004   5.9189650230442210E-002   2.7505104875200365E-011  0.30884045354803158        20058.180535293977        0.0000000000000000        27079.721694469994        9.5537820549222593E-002  -1.0349057385571898        2.9128134390200374E-005   0.0000000000000000        8.9228971267116490E-134   1.1480615441098509E-007   1.4462575271310529        5.5149913476985191        0.0000000000000000        0.0000000000000000        101.49656605504900        25890.702112481838        1093.5446527601607       -0.0000000000000000     
   43651.583224016918        1.1764476694151652E-002  0.26239384391432091        24061.791665200399        6.4196150538669474E-003   3.4703581637309771E-009   2379.7480902371667        1.6665319289879760E-002   1.5003805668019343E-003   7.7752867242303625E-002   7.7838010763548453E-011  0.35681203044650428        26441.831653830879        0.0000000000000000        36050.406583485674        8.6096075853180201E-002  -1.9768826797479748        9.5676385424778027E-005   0.0000000000000000        4.9116358869600390E-137   1.3015809709994396E-007   1.8410657682530205        7.0227814461501215        0.0000000000000000        0.0000000000000000        134.57911099850529        34006.349105586210        1916.4512513974523       -0.0000000000000000     
   57543.993733716139        1.1394592149266601E-002  0.29282141334596262        31719.667534164160        1.0738324014484865E-002   3.9047769377689883E-009   3137.1223672536635        1.8558101947408822E-002   2.4306594135843646E-003  0.10204546844544249        2.2066621046763756E-010  0.41342498373881392        34857.122757581143        0.0000000000000000        48305.421781644734        7.8743295874206254E-002  -3.7014575828316953        3.1230564129751745E-004   0.0000000000000000        3.3428025493541340E-140   1.5047565558707371E-007   2.3480968113470615        8.9590635599913337        0.0000000000000000        0.0000000000000000        178.34521322569410        44679.051654339331        3455.7096731772576       -0.0000000000000000     
   75857.757502918976        1.1059103099488996E-002  0.32614753998456897        41814.717578850432        1.8035412309440467E-002   4.4147029727613550E-009   4135.5365359941725        2.0628662733881073E-002   3.9536042171564199E-003  0.13377275501577360        6.2633804311044817E-010  0.48054895773422368        45950.636961871940        0.0000000000000000        65353.679395322441        7.3688941687346202E-002  -6.8269197904924308        1.0123160513101199E-003   0.0000000000000000        3.1438248225165785E-143   1.7828488768866124E-007   3.0012262643236403        11.453071596925829        0.0000000000000000        0.0000000000000000        236.22408485308679        58717.497977660809        6407.6589578203038       -0.0000000000000000     
   100000.00000000081        1.0759955184640376E-002  0.36253833917616568        55122.587357893135        3.0409862675571803E-002   5.0192645381148333E-009   5451.7032121300117        2.2887869885380611E-002   6.4530376745722366E-003  0.17510566250877313        1.7790370619490493E-009  0.56053187157031936        60574.736815957564        0.0000000000000000        89691.170387673556        7.1402005478681335E-002  -12.442033852992932        3.2574029957772375E-003   0.0000000000000000        4.8080342965027929E-146   2.1814493636735441E-007   3.8458797663362527        14.678085541709713        0.0000000000000000        0.0000000000000000        312.74119673978674        77186.824425475555        12197.760815432148       -0.0000000000000000     
