   10.000000000000000        9.5908011198043819E-002   1.2413002526830870E-003  0.24879602131272613        2.6311318691320187        6.7435070485581490E-013  0.54499058113845844        1.8202929893999163E-004   5.6692093704932258E-007   8.4782531355881278E-004   4.4995460605462168E-009   2.2711548651818915E-003   6.0574736702668446        0.0000000000000000        47.811671088756583       0.28058859290633320       0.22240075968520151        1.9030295128398773E-005   0.0000000000000000        1.7144082703972436E-025   8.3354484937563136        1.4018969219009038E-004   4.6492606594960640E-004   0.0000000000000000        0.0000000000000000        50.144044106540328        6.4833706667070032        2.3169704399206670E-002   9.7571387323314544E-170
   12.589254117941675        8.5517401695251460E-002   1.2359499508743756E-003  0.25500563302190937        3.3416671501261401        6.7781631779276465E-013  0.68614190089688532        1.8975014172811059E-004   8.4394261877941896E-007   1.0672151920753734E-003   9.0732144002488044E-009   2.4929152846778595E-003   7.6259075342636775        0.0000000000000000        65.416605746812721       0.31116286833163415       0.26053710923532408        4.1549251824658475E-005   0.0000000000000000        4.4442427829950850E-027   6.5901077351680204        1.4547925410394663E-004   4.8913590046304020E-004   0.0000000000000000        0.0000000000000000        64.442186470581092        8.1073681968970615        2.9157304092769024E-002   8.2947950483541253E-191
   15.848931924611142        7.5549561977386465E-002   1.2196247846185931E-003  0.26203199052543724        4.2365783669956478        6.8278137788136616E-013  0.86384160201559301        1.9875108580420290E-004   1.2753100112357817E-006   1.3433246489035135E-003   1.8248550554756475E-008   2.7617005193263096E-003   9.6004487024027494        0.0000000000000000        87.611524722686511       0.32411925731698943       0.30330229214976129        8.9543795601592114E-005   0.0000000000000000        4.5212990261738627E-029   4.7656658117200532        1.5039410017764185E-004   5.1282312392595872E-004   0.0000000000000000        0.0000000000000000        82.817372528856211        10.151121559402929        3.6694625836274745E-002   1.6725833268194273E-216
   19.952623149688808        6.6610958278179172E-002   1.1943179147351987E-003  0.26964190682286432        5.3638250929029763        6.9490539426304856E-013   1.0875533324942739        2.0901936758737521E-004   1.9517777405637727E-006   1.6907856197123153E-003   3.6633235144588690E-008   3.0941229020348890E-003   12.086248762405413        0.0000000000000000        115.24489885105180       0.32089736897406390       0.35367780389899794        1.9230586287321844E-004   0.0000000000000000        2.1458730469139044E-031   3.2354144438121604        1.5591536016215936E-004   5.3885925183447367E-004   0.0000000000000000        0.0000000000000000        106.38596210620841        12.722891488892676        4.6182923595513230E-002   4.1151922980638993E-246
   25.118864315095820        5.8972818255424497E-002   1.1623038559984986E-003  0.27746036612041786        6.7838256716064320        7.1888239719787744E-013   1.3691913092948722        2.2035912990747160E-004   3.0184164874032745E-006   2.1279843743105468E-003   7.3451044876719269E-008   3.5106473602165168E-003   15.215685681614060        0.0000000000000000        149.71873530898657       0.30705239980851862       0.41585985777202622        4.1490953733196742E-004   0.0000000000000000        6.0446411765584961E-034   2.1229495726229040        1.6300647912355316E-004   5.7030278269157362E-004   0.0000000000000000        0.0000000000000000        136.54845426514788        15.958893617912118        5.8127301812836658E-002   1.5229680194867507E-278
   31.622776601683825        5.2593609243631351E-002   1.1249403421368974E-003  0.28514277901867857        8.5725792501376947        7.5776481286077762E-013   1.7237546358980051        2.3251334221064340E-004   4.7102590856810104E-006   2.6780085800140567E-003   1.4719140306755410E-007   4.0354622643615978E-003   19.155413368876420        0.0000000000000000        193.01112677423964       0.28782176640078894       0.49470697881584647        9.0335445974186934E-004   0.0000000000000000        1.2307190440487375E-036   1.3740829122979981        1.7229181771420292E-004   6.0932750673574679E-004   0.0000000000000000        0.0000000000000000        175.06469827751999        20.030735326947934        7.3163657430146981E-002   0.0000000000000000     
   39.810717055349777        4.7289113774895669E-002   1.0827641892643064E-003  0.29243944080492373        10.825671564948284        8.1371965037294970E-013   2.1701260087777285        2.4522822790496660E-004   7.4115708820817551E-006   3.3698216473146683E-003   2.9500173026053797E-007   4.6978140644839414E-003   24.115236571896386        0.0000000000000000        247.64119221835458       0.26649257132239523       0.59583283339274362        1.9879702513948888E-003   0.0000000000000000        2.0477837474612118E-039  0.88661604569367058        1.8409859781166313E-004   6.5723058408402677E-004   0.0000000000000000        0.0000000000000000        224.14589028087261        25.154632668507055        9.2092565965227219E-002   0.0000000000000000     
   50.118723362727302        4.2856767065823066E-002   1.0360485911005465E-003  0.29917661237549137        13.663368018046411        8.8888979266419039E-013   2.7320772505662325        2.5824768959867284E-004   1.1753608122078036E-005   4.2397107087146181E-003   5.9178732862031693E-007   5.5340069894138375E-003   30.359284195315244        0.0000000000000000        316.73728077766077       0.24484252995895889       0.72613656430712326        4.4233861780279826E-003   0.0000000000000000        2.9882263869932639E-042  0.57294317692925589        1.9860633992496805E-004   7.1483440073851000E-004   0.0000000000000000        0.0000000000000000        286.56750772482184        31.602919220710536       0.11592191865765779        0.0000000000000000     
   63.095734448019428        3.9121729992330066E-002   9.8513070237345006E-004  0.30522500223406734        17.237028712111112        9.8582146098609668E-013   3.4395353123497157        2.7128545511108279E-004   1.8776607706714660E-005   5.3330554350554385E-003   1.1894267396947357E-006   6.5894715925399715E-003   38.220074154963498        0.0000000000000000        404.17538517023848       0.22379487452814553       0.89443575381282614        9.9522256026036218E-003   0.0000000000000000        3.9880958324711976E-045  0.37145511782768281        2.1592677044134724E-004   7.8271316411683426E-004   0.0000000000000000        0.0000000000000000        365.81145832246375        39.718526627533436       0.14592058917894726        0.0000000000000000     
   79.432823472428296        3.5945541728287927E-002   9.3049104251206644E-004  0.31047199902716466        21.737180076255076        1.1076151700341736E-012   4.3301760171743053        2.8398411834523030E-004   3.0198160985082755E-005   6.7064581617506825E-003   2.3984310850123550E-006   7.9209333226079801E-003   48.116222643872476        0.0000000000000000        514.78232466549218       0.20385782912525871        1.1122021907157971        2.2649744728991058E-002   0.0000000000000000        5.0143093965009728E-048  0.24177829267282036        2.3611829332595104E-004   8.6122311061792762E-004   0.0000000000000000        0.0000000000000000        466.24650672388390        49.933228579020245       0.18368600713583813        0.0000000000000000     
   100.00000000000020        3.3221495701000095E-002   8.7264125956765021E-004  0.31479679472250172        27.403669963826424        1.2578949454824947E-012   5.4514303220966136        2.9585538612649301E-004   4.8857327566753998E-005   8.4302483713408378E-003   4.8615787657996517E-006   9.5987450170349816E-003   60.574735541117654        0.0000000000000000        654.58833523046496       0.18533542490137611        1.3944502723122956        5.2196216135104903E-002   0.0000000000000000        6.0957110977657445E-051  0.15804088138873770        2.5913710222561843E-004   9.5031658408958604E-004   0.0000000000000000        0.0000000000000000        593.35750131591533        62.790615173662005       0.23122921719990938        0.0000000000000000     
   125.89254117941701        3.0867838431149718E-002   8.1189639974844636E-004  0.31803888774757305        34.538453272293964        1.4406039988506053E-012   6.8630105072594638        3.0617665498131486E-004   7.9446728179100864E-005   1.0591300257905110E-002   9.9350017534594405E-006   1.1709373312634871E-002   76.259074012649691        0.0000000000000000        831.14562496976544       0.16842737638345578        1.7608756092686055       0.12206726775871767        0.0000000000000000        7.3642144427873517E-054  0.10374270861865806        2.8470961039848427E-004   1.0490662647978444E-003   0.0000000000000000        0.0000000000000000        754.03576535248169        78.975018549200797       0.29108197086945453        0.0000000000000000     
   158.48931924611173        2.8821638254448778E-002   7.4803819878580013E-004  0.31994777726942653        43.521693268430383        1.6594641268362887E-012   8.6400900033587860        3.1379916757811493E-004   1.2970981316481192E-004   1.3295905245531797E-002   2.0566896042169583E-005   1.4357742611895711E-002   96.004486154855329        0.0000000000000000        1053.9089051054304       0.15327044792860578        2.2373238683627870       0.29090038264497869        0.0000000000000000        9.1306665202874742E-057   6.8338735144155838E-002   3.1205332454682091E-004   1.1546206558785729E-003   0.0000000000000000        0.0000000000000000        956.94556058416754        99.347916875867909       0.36643154091427060        0.0000000000000000     
   199.52623149688850        2.7034300835803146E-002   6.7980613316238816E-004  0.32008978730995280        54.832046963334520        1.9166820196813121E-012   10.877307185861781        3.1676720865876152E-004   2.1236105626096558E-004   1.6671886152959919E-002   4.3492944987425994E-005   1.7668459494781068E-002   120.86248747318260        0.0000000000000000        1334.6839392776690       0.13996872611740960        2.8576879213145596       0.71203352437768619        0.0000000000000000        1.2108679944388128E-059   4.5064235699779964E-002   3.3927327395961022E-004   1.2599367457450097E-003   0.0000000000000000        0.0000000000000000        1212.9846195791665        124.99373737180632       0.46129043779544393        0.0000000000000000     
   251.18864315095874        2.5468615177087494E-002   6.0391321900668993E-004  0.31764831902314244        69.072243602195115        2.2097056991573904E-012   13.693805683789053        3.1148075054497252E-004   3.4800066744308333E-004   2.0867220144136840E-002   9.5541423468470507E-005   2.1782614113688502E-002   152.15685660117200        0.0000000000000000        1688.0720595065302       0.12862952029226207        3.6662515348469471        1.8196485425170024        0.0000000000000000        1.8229540454748122E-062   2.9547980012608208E-002   3.6195107150195887E-004   1.3484709800141218E-003   0.0000000000000000        0.0000000000000000        1535.8595580705248        157.27743956627884       0.58071004296351603        0.0000000000000000     
   316.22776601683893        2.4098269813694062E-002   5.1222436978820747E-004  0.31084485257436684        87.001452050592093        2.5214716581578486E-012   17.239581797369198        2.9032036394013150E-004   5.6856403075727046E-004   2.6032655715066418E-002   2.2744035947927865E-004   2.6835200448794755E-002   191.55413329586148        0.0000000000000000        2131.5143114879065       0.11946100848649745        4.7200528660566761        5.0643566156669833        0.0000000000000000        3.4767389291522931E-065   1.8895588541158151E-002   3.6912826748943623E-004   1.3790633589208070E-003   0.0000000000000000        0.0000000000000000        1942.7909631942907        197.91670638011399       0.73104949266266583       -0.0000000000000000     
   398.10717055349858        2.2922339006327092E-002   3.7594372021455157E-004  0.29374935784705092        109.57726398000167        2.7692291788242662E-012   21.703483845510281        2.2923119211461942E-004   9.1006128973177393E-004   3.2165214192406318E-002   7.0000647856606815E-004   3.2770389104735488E-002   241.15236633827303        0.0000000000000000        2680.6753132364038       0.11345489131413307        6.0855049886189363        18.327915351177410        0.0000000000000000        1.2279576004589265E-067   1.0848331217266409E-002   3.2365624572246030E-004   1.2120681222973838E-003   0.0000000000000000        0.0000000000000000        2455.2235040240935        249.07052316809856       0.92031358000585584       -0.0000000000000000     
   501.18723362727405        2.1983626567525782E-002   2.1079642657991518E-004  0.26839108231493991        138.00044265539830        2.8793682234281123E-012   27.323225450581241        1.3044189159574436E-004   1.3661638359011422E-003   3.8519980920459169E-002   2.6344159913066927E-003   3.8861219238634830E-002   303.59284308201092        0.0000000000000000        3324.4991092576092       0.11340833484852585        7.8207934109036499        81.749919309689645        0.0000000000000000        1.2875003152627637E-069   5.1496600611543398E-003   2.1130096895660678E-004   7.9280143944456568E-004   0.0000000000000000        0.0000000000000000        3099.5645396514460        313.46576804344141        1.1585820058254166       -0.0000000000000000     
   630.95734448019562        2.1362500856630502E-002   1.0885008318490238E-004  0.25193690472535396        173.77531593649491        2.8923209654989139E-012   34.398006823791626        6.0241624507006446E-005   1.7466453335153824E-003   4.2607010735658896E-002   9.1765583780381143E-003   4.2776102443350804E-002   382.20074469321446        0.0000000000000000        3953.7511104122791       0.12486747586141965        9.8994538677257946        339.79506832410789        0.0000000000000000        7.4051104886889746E-071   2.6061452595521955E-003   1.1860485636797445E-004   4.4555682614081234E-004   0.0000000000000000        0.0000000000000000        3907.5642915243679        394.54901654586746        1.4585478522475932       -0.0000000000000000     
   794.32823472428458        2.0973128628684209E-002   7.5324863725638347E-005  0.24653686208818593        218.80550861743529        2.7888016993408382E-012   43.304567671602733        3.3045342854760356E-005   1.8467960808164672E-003   4.2813737926458456E-002   2.2730013257374528E-002   4.2922108133038858E-002   481.16223013876805        0.0000000000000000        4409.3780899302355       0.14842058889496301        12.218018112898461        996.27737272603429        0.0000000000000000        1.3424477953721576E-071   1.9653715343406325E-003   8.1695222861493850E-005   3.0713687135124149E-004   0.0000000000000000        0.0000000000000000        4919.5470027626825        496.64106869508191        1.8361861320757877       -0.0000000000000000     
   1000.0000000000041        2.0590978562831881E-002   6.8210295359056304E-005  0.24563926961451168        275.49219421820675        2.6015769241325571E-012   54.517239337226172        2.2928635180747444E-005   1.7989922639045932E-003   4.0835602273117479E-002   4.2205077918287745E-002   4.0926741203657281E-002   605.74735818218483        0.0000000000000000        4654.5481909285363       0.17508513020194758        14.776724819557053        2147.1846324480971        0.0000000000000000        1.7359063681620335E-072   1.8955373040930633E-003   6.9974861407350660E-005   2.6327142888896751E-004   0.0000000000000000        0.0000000000000000        6189.2023566235630        625.17285285781475        2.3116059604292292       -0.0000000000000000     
   1258.9254117941725        2.0104792147176337E-002   7.0576584024452236E-005  0.24669513497512444        346.85540486437475        2.3870716959247570E-012   68.633148480981362        1.8337596759940906E-005   1.7438188548663197E-003   3.8200494262534315E-002   6.6862506483913869E-002   3.8289408443318705E-002   762.59074225888685        0.0000000000000000        4701.0301740749228       0.19510800289670702        17.626219235368104        3855.3156759245412        0.0000000000000000        7.4524647662471453E-074   1.9209611038009783E-003   6.7033045419656880E-005   2.5244253786777383E-004   0.0000000000000000        0.0000000000000000        7784.2720733751503        786.98682537326692        2.9101245825530140       -0.0000000000000000     
   1584.8931924611206        1.9500958920689301E-002   7.7540795044761830E-005  0.24895728943584181        436.69589584906390        2.1778573333081753E-012   86.404021895243716        1.5878521362325053E-005   1.7365826612578523E-003   3.5586890777586928E-002   9.7138345920460820E-002   3.5680310093994014E-002   960.04486430212376        0.0000000000000000        4577.2087174320395       0.20247753399653692        20.836269411278813        6185.7106582991573        0.0000000000000000        8.9271657712769906E-076   1.8873217668890355E-003   6.7721253329962894E-005   2.5533136685679649E-004   0.0000000000000000        0.0000000000000000        9789.5967847956817        990.69942043887625        3.6636151046110563       -0.0000000000000000     
   1995.2623149688891        1.8818434655840981E-002   8.7548528691394194E-005  0.25202536070904358        549.79826248331278        1.9889959919569031E-012   108.77622442628874        1.4391876023421314E-005   1.7947292092125415E-003   3.3245961204605524E-002  0.13423671091621195        3.3347901609320343E-002   1208.6248766940280        0.0000000000000000        4337.1617963569834       0.19764190975949725        24.518795510504212        9201.7155599745838        0.0000000000000000        3.6099238599124265E-078   1.7761694513826183E-003   7.0361142339141693E-005   2.6562820348266682E-004   0.0000000000000000        0.0000000000000000        12311.824722179153        1247.1585877276977        4.6122035214382109       -0.0000000000000000     
   2511.8864315095925        1.8116478588199245E-002   1.0028729190701477E-004  0.25554136728552646        692.18587915169348        1.8263625816801545E-012   136.94115784323836        1.3399531458634269E-005   1.9250286855073185E-003   3.1246313631456420E-002  0.17993627987404709        3.1360000454822068E-002   1521.5685712007344        0.0000000000000000        4048.0703668254823       0.18626311088129813        28.847320148253132        12983.893761124633        0.0000000000000000        7.4676377221821457E-081   1.6351432804320855E-003   7.4549012609244060E-005   2.8180518513348682E-004   0.0000000000000000        0.0000000000000000        15485.171810865915        1570.0212208396774        5.8064054994952086       -0.0000000000000000     
   3162.2776601683954        1.7444785240513738E-002   1.1609472977310785E-004  0.25920127668276655        871.44165133397564        1.6905747459097759E-012   172.39870770352991        1.2672413484950328E-005   2.1340653246099354E-003   2.9581312296965812E-002  0.23657122343170239        2.9710079440223868E-002   1915.5413404153073        0.0000000000000000        3765.5411986405952       0.17443278847241711        34.052448937298074        17662.604059882451        0.0000000000000000        1.2327283911713122E-083   1.5141589626978228E-003   8.0425309258485333E-005   3.0438779755435642E-004   0.0000000000000000        0.0000000000000000        19478.583333717164        1976.4804676747581        7.3098165304154312       -0.0000000000000000     
   3981.0717055349937        1.6829833257070277E-002   1.3570232104875266E-004  0.26280430024140078        1097.1117999511930        1.5792831430068050E-012   217.03711789870542        1.2086762037218833E-005   2.4319782929005558E-003   2.8215813243920890E-002  0.30710502821403951        2.8363602327006861E-002   2411.5236698904159        0.0000000000000000        3516.8702390868507       0.16571587773747454        40.409068450116337        23444.686307615764        0.0000000000000000        2.2411588784467582E-086   1.4385426602174897E-003   8.8358206578765443E-005   3.3477273975555586E-004   0.0000000000000000        0.0000000000000000        24504.748801660673        2488.1813900302145        9.2024986354253731       -0.0000000000000000     
   5011.8723362727505        1.6275269771576860E-002   1.6007617205415648E-004  0.26627187708060374        1381.2142191827534        1.4887402732195829E-012   273.23354662312641        1.1568293927163435E-005   2.8339199549143432E-003   2.7106687949092576E-002  0.39526499982853858        2.7278332415073898E-002   3035.9284285101799        0.0000000000000000        3303.2543306291818       0.16090575299239931        48.224940768957453        30623.795525220652        0.0000000000000000        5.1112925384491622E-089   1.4109730623551389E-003   9.8791777659132168E-005   3.7465637579573450E-004   0.0000000000000000        0.0000000000000000        30831.477925291718        3132.3736733338442        11.585243978417150       -0.0000000000000000     
   6309.5734448019684        1.5770171990734522E-002   1.9034637677608880E-004  0.26962439348355122        1738.8784808112455        1.4149007040568319E-012   343.98065872934029        1.1067654284293703E-005   3.3609127919071017E-003   2.6211644336964591E-002  0.50572958772256049        2.6413058368024975E-002   3822.0074461593458        0.0000000000000000        3109.8226115754351       0.15897109332144613        57.838204651252106        39586.164654299384        0.0000000000000000        1.4027776460470725E-091   1.4212554830389404E-003   1.1220107157251775E-004   4.2586224183900650E-004   0.0000000000000000        0.0000000000000000        38796.037277804215        3943.3627501271931        14.584942396797649       -0.0000000000000000     
   7943.2823472428618        1.5296870330930690E-002   2.2777965278122309E-004  0.27294722478684885        2189.1515578650351        1.3540065171963959E-012   433.04599575988817        1.0548646116127768E-005   4.0408436187231982E-003   2.5492719865618411E-002  0.64437190968971991        2.5731048164515762E-002   4811.6222970430435        0.0000000000000000        2914.9186711165057       0.15776555799463188        69.617576318608343        50821.212076346943        0.0000000000000000        3.9345931222893332E-094   1.4515265360147854E-003   1.2908258090450504E-004   4.9030273205615460E-004   0.0000000000000000        0.0000000000000000        48823.210059989098        4964.3366581085011        18.361338747658237       -0.0000000000000000     
   10000.000000000062        1.4835988812847065E-002   2.7375657400850842E-004  0.27636325454912053        2756.0121613555257        1.3028097511191231E-012   545.17261171656696        9.9823735308259112E-006   4.9098408067494081E-003   2.4917334280223837E-002  0.81856955022569577        2.5201073227763170E-002   6057.4735814211153        0.0000000000000000        2696.8249386604944       0.15443647596339813        83.959580676338646        64939.889590656545        0.0000000000000000        8.8656435150485290E-097   1.4776770881205726E-003   1.4994192525891458E-004   5.6993136889806702E-004   0.0000000000000000        0.0000000000000000        61448.049302881431        6249.6659310663326        23.115539897354907       -0.0000000000000000     
