  0.10000000000000001        8.9677377243042002        4.1421926941954653E-003   5.0980762001154298E-002   2.8010208521365601E-008   3.1799206845817711E-012   5.1969003252081980E-003   2.5482579027444623E-004   2.3227786915565641E-011   8.5445442031160135E-006   6.1033717680199587E-024   4.4055630286730270E-003   6.0574736831249448E-002  0.86238156848311465        7.8893941862399716E-002   8.9320415952348270E-002  0.55528967517243022        1.3316813237796300E-019   5.2310484132219282E-020   1.4948472846175548E-027   8.6578167939365032E-004   7.4940003863284976E-003   8.5165289926214804E-003   0.0000000000000000        0.0000000000000000        1.4290340649656108       0.38212146444107670        2.0423917070254496E-003  0.21134015747989035     
  0.13182567385564070        8.8624531326293958        4.7554682639799556E-003   6.7910714928618776E-002   4.8587738057962869E-008   4.8367297117061570E-012   6.8946834890795056E-003   2.9209119727853467E-004   3.5418951289453632E-011   1.1263898217154404E-005   1.8390033331922995E-023   5.0588233594756450E-003   7.9853055054432895E-002   1.1852074235627255       0.12560139593981745       0.15606306339249035       0.78904047842594416        5.2118983836625954E-019   2.0782251726846562E-019   7.5914917267615345E-027   1.7068146779755263E-003   9.8240498821305575E-003   1.1210288598485640E-002   0.0000000000000000        0.0000000000000000        2.1016383032050809       0.48181707670320861        3.5428223676740441E-003  0.30947782931756324     
  0.17378008287493754        8.7558334102630617        5.4548933994739745E-003   9.0337752346856162E-002   8.4031865667315672E-008   7.3395340609581219E-012   9.1393010803202529E-003   3.3471306659428065E-004   5.3976714390069316E-011   1.4848702524117792E-005   5.5242566021012855E-023   5.8044551685923727E-003  0.10526682795697601        1.6242094708440478       0.20066615481158689       0.27226551394712822        1.1206955289504856        2.0328712291374004E-018   8.2174553265348832E-019   3.8290208245012654E-026   3.3509093926011933E-003   1.2855853563833730E-002   1.4731454265121685E-002   0.0000000000000000        0.0000000000000000        3.0864605600229420       0.60648355079353189        6.1272655444135462E-003  0.45227686424722530     
  0.22908676527677729        8.6459712276458731        6.2517886704939801E-003  0.12002744386328133        1.4487700159418290E-007   1.1112026813873466E-011   1.2105747295933836E-002   3.8343568757331898E-004   8.2220397220168872E-011   1.9574391222019725E-005   1.6541352682227259E-022   6.6547987492893189E-003  0.13876870527128565        2.2131700606670517       0.32180319295511706       0.47431505049206796        1.5908483030235434        7.8984978453566626E-018   3.2332661097762747E-018   1.9164091455025422E-025   6.5489780975504152E-003   1.6791527175613805E-002   1.9325409909649923E-002   0.0000000000000000        0.0000000000000000        4.5258983294749759       0.76227356766538412        1.0563848047363480E-002  0.65917172724973083     
  0.30199517204020160        8.5309592552185052        7.1587238573917059E-003  0.15930960933157265        2.4895253104554558E-007   1.6785374863911532E-011   1.6024853315798001E-002   4.3909630464218733E-004   1.2520213115701316E-010   2.5804056440684085E-005   4.9362049708309742E-022   7.6236242184745768E-003  0.18293278071446667        2.9889128963637424       0.51811895259471741       0.82517818992419134        2.2566432432470966        3.0555372721410384E-017   1.2656008780335077E-017   9.5083618256750248E-025   1.2735989177255817E-002   2.1887111366379181E-002   2.5306486816630731E-002   0.0000000000000000        0.0000000000000000        6.6257153346626971       0.95689289642804820        1.8152616909744766E-002  0.95733939899114040     
  0.39810717055349720        8.4084133310317970        8.1893857800913461E-003  0.21125841984196378        4.2630786397314021E-007   2.5295540671384996E-011   2.1201085997338966E-002   5.0262654642367166E-004   1.9061739279088685E-010   3.4016345772947920E-005   1.4677885567183448E-021   8.7260286722879651E-003  0.24115237078154569        3.9828345555219427       0.83763531339526920        1.4336307711204637        3.1981533374527467        1.1762305691145964E-016   4.9267389357202594E-017   4.6713771228660483E-024   2.4632568907255722E-002   2.8462821417902864E-002   3.3073741114843673E-002   0.0000000000000000        0.0000000000000000        9.6821142686736472        1.2000016997945115        3.1084654202211050E-002   1.3839871836802506     
  0.52480746024977254        8.2751863613128656        9.3583383433144974E-003  0.27992987908760231        7.2741400388225013E-007   3.8022167559017956E-011   2.8036016364811230E-002   5.7504895860562325E-004   2.9020139829789760E-010   4.4842238151699284E-005   4.3484895344524590E-021   9.9782295400718205E-003  0.31790073758234144        5.2030200274235092        1.3598961099637203        2.4871883767029432        4.5268571955926751        4.5028206944388897E-016   1.9066152423393759E-016   2.2695993199307042E-023   4.7351530773946431E-002   3.6912342210856569E-002   4.3127901370595072E-002   0.0000000000000000        0.0000000000000000        14.119572822956503        1.5037165625820657        5.3040102431584975E-002   1.9884782657824958     
  0.69183097091893642        8.1266530718803374        1.0680307444871610E-002  0.37067527842198156        1.2369075941653379E-006   5.6979548412415029E-011   3.7059274771022992E-002   6.5745492725482861E-004   4.4188409140279647E-010   5.9113523404131906E-005   1.2836838236941176E-020   1.1396875895530571E-002  0.41907478938031928        6.5968186215083984        2.2171456487292223        4.3081239417261292        6.3960997019104022        1.7129995915844341E-015   7.3320658858431304E-016   1.0888952128961846E-022   9.0403082452199898E-002   4.7704312445010506E-002   5.6083932212385897E-002   0.0000000000000000        0.0000000000000000        20.542807742064046        1.8832174302563338        9.0190325100690180E-002   2.8325625704031121     
  0.91201083935590965        7.9557086601257314        1.2168707752814315E-002  0.49055493024731694        2.0970569894632283E-006   8.5063772395655784E-011   4.8969383528375897E-002   7.5094958070219054E-004   6.7314567396382731E-010   7.7926710066030522E-005   3.7777811071257220E-020   1.2997584043582536E-002  0.55244816522318829        7.9857973538030746        3.6299778133717013        7.4477927395409207        9.0123802411879765        6.4710986323952657E-015   2.8007742719033774E-015   5.1505082321480846E-022  0.17126820819555949        6.1364340894608689E-002   7.2669191313930903E-002   0.0000000000000000        0.0000000000000000        29.806464344108822        2.3574607446319851       0.15290895821687511        3.9846785463904792     
   1.2022644346174127        7.7500031671524052        1.3831760724146897E-002  0.64888549284825525        3.5494438224814927E-006   1.2631373763371690E-010   6.4687667897191381E-002   8.5649628146822340E-004   1.0263527860026852E-009   1.0272727180034687E-004   1.1097608230452719E-019   1.4790984277415467E-002  0.72826851663870673        8.9581638361495450        5.9673855894703411        12.841839274638000        12.640754567508184        2.4250991700878585E-014   1.0622867892972017E-014   2.3966997228853786E-021  0.32157291214590256        7.8394989737512938E-002   9.3668872158876301E-002   0.0000000000000000        0.0000000000000000        43.102998807275554        2.9498941788937687       0.25881116243955327        5.4956578425674305     
   1.5848931924611134        7.4839545352458945        1.5661019658754539E-002  0.85796779401787471        6.0149719773743796E-006   1.8594121065955695E-010   8.5429595573562778E-002   9.7444053604988702E-004   1.5676916978150879E-009   1.3542070423785073E-004   3.2634757714312601E-019   1.6770880899042277E-002  0.96004487973019670        8.7250001659887584        9.8476644755716034        22.049976199498914        17.576263713581572        8.9989829129605457E-014   3.9970919464240147E-014   1.0924479592510106E-020  0.59686048398836444        9.8991251424792814E-002  0.11968660217232471        0.0000000000000000        0.0000000000000000        62.053041441375534        3.6887082367982136       0.43858755550531570        7.3144784282774316     
   2.0892961308540392        7.0919983108043656        1.7590769051524270E-002   1.1340716244555302        1.0268009224975475E-005   2.6887943323821301E-010  0.11279992618474842        1.1027766755084846E-003   2.4044080022154297E-009   1.7851891807050161E-004   9.6662216252281001E-019   1.8872064645103256E-002   1.2655856323857613        6.1603920259699567        16.305690861699166        37.540667066311364        23.953094495976206        3.2850172803720526E-013   1.4858622148256221E-013   4.8055879600132359E-020   1.0856792267498634       0.12196959042005245       0.15016488517730495        0.0000000000000000        0.0000000000000000        88.698733679058506        4.6044322326103106       0.74870191961456678        8.9887230409776606     
   2.7542287033381663        6.3478775248527528        1.9299417243976467E-002   1.4988787636044942        1.7800961503751986E-005   3.6887408806566881E-010  0.14892467445412730        1.2283311532178961E-003   3.7353079358827490E-009   2.3533320104475317E-004   2.9077237790602436E-018   2.0763081598239117E-002   1.6683667883788234        1.5041073493990027        27.049712988688654        62.335595133091260        30.631063298288726        1.1340180132882784E-012   5.2796741174543745E-013   1.8666048494742003E-019   1.8428465744932336       0.13969405268115620       0.17844983217175192        0.0000000000000000        0.0000000000000000        124.73650993942044        5.7108802834775894        1.2979744911434816        8.4860479888003173     
   3.6307805477010131        4.1626500487327567        1.8712931920492663E-002   1.9826275283306325        2.7544734247025613E-005   3.8031829844691320E-010  0.19668903155716616        1.2511799272588492E-003   6.2459720243633074E-009   3.1022825646069444E-004   7.8167608747844602E-018   2.0274340104212207E-002   2.1993357612040443        1.6201485090925325E-004   44.546484236877426        90.098844959923838        27.537628255311731        2.3710454387565785E-012   1.1077107380520865E-012   2.2700667472382967E-019   10.166153525411943       0.10833645994006517       0.15839576493794286        0.0000000000000000        0.0000000000000000        164.23702610772352        6.8304457780267658        2.0084511957643314        1.0519258944248375     
   4.7863009232263831        2.6841120159626013        1.8138147964247855E-002   2.6201376910664580        3.8665458185186931E-005   3.7352816096103852E-010  0.25967693439939693        1.2590832308139435E-003   1.0558572376075554E-008   4.0895816476486539E-004   1.9066341652970778E-017   1.9806189359826663E-002   2.8992891875772870        5.1143151945732442E-011   73.152303863829005        127.78251219076944        24.372780084450834        4.4041126073797409E-012   1.4364270705774462E-012   1.7166729477797116E-019   5.6216718185657024        8.3416457430058474E-002  0.13906582798254877        0.0000000000000000        0.0000000000000000        219.31965402230458        8.2158273205583470        2.8193296413887245        1.9729693634527541E-002
   6.3095734448019316        1.5717097337245942        1.7056668246108873E-002   3.4608671414810792        5.1517586571273434E-005   3.2205921740915468E-010  0.34275976906445510        1.2208945236221568E-003   1.8426825346905064E-008   5.3910734872870860E-004   4.4166901653017797E-017   1.8816670118459739E-002   3.8220075084884080        3.0457164388144806E-024   118.78471903760328        169.14177725440339        19.441785087108634        6.8862457495381053E-012   2.1867320635207812E-013   5.3124890164752203E-020   2.1324007828140270        5.7964929667504272E-002  0.11198444108751064        0.0000000000000000        0.0000000000000000        294.98275987388843        9.8655500743850428        3.7564551330946219        2.4952217393987857E-006
   8.3176377110267090       0.93530538463592527        1.6219463957053780E-002   4.5685745516861731        6.9154756307871103E-005   2.7319898136826561E-010  0.45227393898460966        1.1808886648269807E-003   3.2255957705207852E-008   7.1067393049365521E-004   1.0307873336461268E-016   1.8111026552374416E-002   5.0383871528052797        3.6561356356054564E-046   190.21979236360664        216.67651202075993        15.864294001890718        1.1067443388578681E-011   1.7438921735256178E-018   8.6806274834791812E-021  0.87463433853549066        4.1626280653309790E-002   9.1549559229783459E-002   0.0000000000000000        0.0000000000000000        405.35218849662749        11.973743951904757        5.0424865875891669        4.0385998809696752E-013
   10.964781961431852       0.59766185949742812        1.5863383742456702E-002   6.0280622465905891        9.6151333948559515E-005   2.4507056598812080E-010  0.59660745498346368        1.1624271275606924E-003   5.5671055463801464E-008   9.3683754839027843E-004   2.4911127012662720E-016   1.7962648418407671E-002   6.6418878151119678        6.8391690026379938E-077   300.33360263774614        274.53681087714159        14.060414821042766        2.0130446815315564E-011   2.3456714188699294E-040   9.5051481306200246E-022  0.47427711442907666        3.2786933068893097E-002   7.9789954078674341E-002   0.0000000000000000        0.0000000000000000        565.86050773129466        14.734214025170623        7.0109684091133753        7.4855294289542057E-023
   14.454397707459281       0.41005066561698911        1.5918446014057883E-002   7.9515037744102512        1.3848654786559491E-004   2.3521785046051433E-010  0.78684722972070364        1.1669454605143952E-003   9.4546955850046825E-008   1.2349712529378953E-003   6.2346837881395290E-016   1.8320362727510173E-002   8.7557133687012580        6.1540770612848249E-116   467.81259309174567        344.84386760074602        13.521161543520101        4.1437172078829211E-011   3.4258654765987752E-113   7.5819041814147584E-023  0.32672919193035116        2.8185260087643504E-002   7.4116559200000612E-002   0.0000000000000000        0.0000000000000000        795.45140036006512        18.340851291301107        10.097881873300825        2.3902791381401493E-035
   19.054607179632484       0.29808818533271553        1.6289265317074749E-002   10.486773327170862        2.0528008775291085E-004   2.3955093278462420E-010   1.0376141844895832        1.1908119421359163E-003   1.5842328224733728E-007   1.6279753901550617E-003   1.6055323942650603E-015   1.9108052649365728E-002   11.542278149095162        9.9057158620797102E-163   719.55403182435020        428.27038765983002        13.900992186667429        9.4328370522723283E-011   9.8867417389454617E-312   4.5042275349827637E-024  0.24967456968234900        2.5969154610579592E-002   7.2515857608978232E-002   0.0000000000000000        0.0000000000000000        1120.0874659127242        23.032732800423830        14.968198059796562        2.0951272208177568E-050
   25.118864315095820       0.22665412990096956        1.6906806039767092E-002   13.828745123354949        3.1116616454198516E-004   2.5584915324981792E-010   1.3681812239277298        1.2304626556946410E-003   2.6275530887678670E-007   2.1460356156146054E-003   4.2271252518659872E-015   2.0283304311076340E-002   15.215685948307224        8.4627597302001473E-217   1093.8294456970195        524.29353686754177        15.066852599797716        2.3217670289976547E-010   0.0000000000000000        1.9967507069906593E-025  0.20182476860216986        2.5228948328009072E-002   7.3877906250423217E-002   0.0000000000000000        0.0000000000000000        1575.6821026552141        29.122032033634621        22.688984749353189        7.3707559601946906E-068
   33.113112148259148       0.17844465235946697        1.7725237918965613E-002   18.234259281352188        4.7991505652305010E-004   2.8355230857131440E-010   1.8039530021213848        1.2831814601349590E-003   4.3258758832484494E-007   2.8289397028219737E-003   1.1322091078540898E-014   2.1837359081922546E-002   20.058180532965721        8.4539103392293580E-278   1644.3951887641094        631.11546296410870        17.032821399904392        6.0708498005405263E-010   0.0000000000000000        6.5728600167906536E-027  0.17190415403902354        2.5524925065199589E-002   7.7669971320020154E-002   0.0000000000000000        0.0000000000000000        2211.5978735408703        37.019242418685515        34.993474995792006        1.3684931433372945E-087
   43.651583224016655       0.14438880810793492        1.8713449478912687E-002   24.041852760922048        7.5033790796517159E-004   3.2328839484036408E-010   2.3784178093948722        1.3469542022380217E-003   7.0857341943394939E-007   3.7291305144449864E-003   3.0737447714053947E-014   2.3789534195595697E-002   26.441831649813999        0.0000000000000000        2445.8121249465107        745.62687105464170        19.927356162035025        1.6644927598795402E-009   0.0000000000000000        1.5975337255101042E-028  0.15046930431664596        2.6654267299353614E-002   8.3708086433731149E-002   0.0000000000000000        0.0000000000000000        3095.2902485018576        47.263887704830466        54.711621283573976        1.6374746538687253E-109
   57.543993733715780       0.11943372212245590        1.9848654446607931E-002   31.697761008631424        1.1860763133891966E-003   3.7658190788050673E-010   3.1357207208809883        1.4202148547808214E-003   1.1568802993124877E-006   4.9157286310262662E-003   8.4356570826710684E-014   2.6184597932415021E-002   34.857122751440585        0.0000000000000000        3600.3847962893155        863.63516490634470        23.992376828725817        4.7406324081817249E-009   0.0000000000000000        2.8616103263555590E-030  0.13377486479179490        2.8545536113592413E-002   9.2040753715788209E-002   0.0000000000000000        0.0000000000000000        4318.5252162617280        60.564695762092356        86.483912624842944        1.5116345848652791E-133
   75.857757502918517       0.10060637472011147        2.1112089012825783E-002   41.790183813946989        1.8919357511573826E-003   4.4570530052288171E-010   4.1340555462613606        1.5016320778718250E-003   1.8855797062440752E-006   6.4798318779014132E-003   2.3359358657723748E-013   2.9093552968599022E-002   45.950636952801354        0.0000000000000000        5247.4208327638325        980.45052763862884        29.606863950174297        1.3931426422672008E-008   0.0000000000000000        3.8009010815009102E-032  0.11991246363117068        3.1211745315802994E-002  0.10289929425057667        0.0000000000000000        0.0000000000000000        6005.6728718754675        77.852728772695372        137.95234281963192        1.3408333049698316E-159
   100.00000000000020        8.6070140480238477E-002   2.2485999617469651E-002   55.094442181512562        3.0412520522988397E-003   5.3360773271850427E-010   5.4501361767122658        1.5899412994910085E-003   3.0719465661915102E-006   8.5414957687204290E-003   6.5179885974128506E-013   3.2617436685681088E-002   60.574736803246388        0.0000000000000000        7575.9636414153028        1091.7630969291233        37.334459807988743        4.2041695155947222E-008   0.0000000000000000        3.8089617630381114E-034  0.10957360251652280        3.4731025811134644E-002  0.11668607848372271        0.0000000000000000        0.0000000000000000        8324.7284054718784        100.35168246347635        221.75586325433216        1.5596578223037054E-187
   131.82567385564101        7.4639905815594820E-002   2.3951393416648439E-002   72.632485066036139        4.9219126884940349E-003   6.4388921969985811E-010   7.1850908814730046        1.6838103152035694E-003   5.0082719854369473E-006   1.1258925695974932E-002   1.8309043046372131E-012   3.6894129427826938E-002   79.853054976617983        0.0000000000000000        10842.786319225475        1194.6042946121654        48.001125953102409        1.2983750379244461E-007   0.0000000000000000        2.9691631509739373E-036  0.10051658872019227        3.9241650525150301E-002  0.13398693869473630        0.0000000000000000        0.0000000000000000        11501.910386793114        129.67087435722601        358.88607005605598        3.6887957014434070E-217
   173.78008287493799        6.5520607139755146E-002   2.5486325711664141E-002   95.751299295793302        8.0140148579486894E-003   7.8082685845986720E-010   9.4722324328852370        1.7817330985630769E-003   8.1793669784409004E-006   1.4840577486195161E-002   5.1739503119180425E-012   4.2108636296422378E-002   105.26682781720467        0.0000000000000000        15398.254565404139        1288.1355470146916        62.815716263798315        4.0932626691512877E-007   0.0000000000000000        1.8817523466981079E-038   9.2988666366547942E-002   4.4945923262039104E-002  0.15560255395232275        0.0000000000000000        0.0000000000000000        15840.937894824057        167.92824103724595        584.34971925925356        3.1758338435746708E-248
   229.08676527677795        5.8160477542873193E-002   2.7064766526326924E-002   126.22621460598208        1.3121363833119425E-002   9.4950302816219920E-010   12.487301056060536        1.8819595056882913E-003   1.3394753758543086E-005   1.9561079019357504E-002   1.4701706331468999E-011   4.8507805051372720E-002   138.76870511574086        0.0000000000000000        21723.830228840812        1374.1117567528825        83.555834703706964        1.3148464540024753E-006   0.0000000000000000        1.0266108936635313E-040   8.6960199822150724E-002   5.2121222830116901E-002  0.18259922172029555        0.0000000000000000        0.0000000000000000        21748.402054836552        217.91306827991454        956.75705724165130        2.0569531905228166E-280
   301.99517204020253        5.2165709575296204E-002   2.8656252874097225E-002   166.39698479689960        2.1594950293856403E-002   1.1561211999919653E-009   16.461967192296260        1.9824770629338190E-003   2.2015887979196096E-005   2.5782166044583301E-002   4.1989507991510641E-011   5.6420895981614344E-002   182.93278061972063        0.0000000000000000        30486.805374342257        1457.0587055511110        112.85636198422500        4.2972262341163300E-006   0.0000000000000000        5.1652218261610369E-043   8.2495067920967155E-002   6.1138543563424276E-002  0.21638345851859292        0.0000000000000000        0.0000000000000000        29767.043912379533        283.30130320030327        1574.6168887017202        0.0000000000000000     
   398.10717055349858        4.7249238838896410E-002   3.0226645425932595E-002   219.34700295445967        3.5714279889921201E-002   1.4086145160971547E-009   21.701631527422851        2.0810671085682467E-003   3.6349342646591114E-005   3.3980187307505426E-002   1.2050915619716414E-010   6.6287899842006268E-002   241.15237075419685        0.0000000000000000        42621.132975853208        1544.4104166432403        154.66418615723273        1.4273068233286656E-005   0.0000000000000000        2.5962241495574457E-045   7.9721522101156017E-002   7.2490575576628621E-002  0.25880947490920825        0.0000000000000000        0.0000000000000000        40619.258885646290        368.94035042215575        2604.1415940878051        0.0000000000000000     
   524.80746024977441        4.3198950734918973E-002   3.1740274265936577E-002   289.13925010424765        5.9341003295977607E-002   1.7176424856538924E-009   28.608889925403830        2.1754536063054082E-003   6.0330526278821717E-005   4.4782197946450102E-002   3.4747007797633751E-010   7.8697925818692088E-002   317.90073776411566        0.0000000000000000        59449.133926488736        1646.9869737700324        214.96957030434967        4.8137829358996400E-005   0.0000000000000000        1.4285281547785371E-047   7.8863059343991293E-002   8.6833014373969036E-002  0.31233387834320364        0.0000000000000000        0.0000000000000000        55263.829347086496        481.22542364629732        4326.9072033443645        0.0000000000000000     
   691.83097091893910        3.9857244549767981E-002   3.3163583175608052E-002   381.12680634591612        9.9045042331455516E-002   2.0980511738066693E-009   37.714466183022552        2.2635499219552245E-003   1.0071549674583793E-004   5.9013249288091284E-002   1.0064124165818102E-009   9.4440382385654553E-002   419.07478974669914        0.0000000000000000        82869.646132795417        1780.3223764691052        303.01239493715906        1.6475327645225837E-004   0.0000000000000000        9.5549279389174912E-050   8.0317909585109981E-002  0.10504507397358365       0.38023987472700288        0.0000000000000000        0.0000000000000000        74969.837654826013        628.59611884545427        7221.9659816330077        0.0000000000000000     
   912.01083935591339        3.7107482392310417E-002   3.4470039941813191E-002   502.36125015120786       0.16605611170544349        2.5708824687548642E-009   49.717989348249553        2.3437853719812645E-003   1.6915666459007238E-004   7.7758224154704084E-002   2.9279966649387809E-009  0.11457204946849854        552.44816554818215        0.0000000000000000        115658.05349394723        1967.6408100937567        433.33164865506080        5.7203430048335816E-004   0.0000000000000000        8.7684927983155003E-052   8.4804422016982822E-002  0.12831871120643007       0.46696575848442390        0.0000000000000000        0.0000000000000000        101413.07863550393        822.19031534023964        12108.143543072576        0.0000000000000000     
   1202.2644346174179        3.4864854093069872E-002   3.5645634169961360E-002   662.12937053526480       0.27966828540892286        3.1661064743984925E-009   65.541748732857840        2.4154639711672300E-003   2.8580008171525312E-004  0.10244249010441143        8.5567616826094328E-009  0.14050358824554002        728.26851693708170        0.0000000000000000        161961.11777550494        2246.0510352390193        629.36780578334822        2.0148936776113054E-003   0.0000000000000000        1.2711874227967557E-053   9.3634625808997396E-002  0.15829191297568224       0.57859324155454550        0.0000000000000000        0.0000000000000000        136802.25634151205        1076.7034456244101        20392.286133875699        0.0000000000000000     
   1584.8931924611206        3.3070321940004747E-002   3.6693917911224880E-002   872.65769880601886       0.47322554078182572        3.9264554544353006E-009   86.401557041138105        2.4790846501776772E-003   4.8545833786889429E-004  0.13493678859969133        2.5121003911259953E-008  0.17410979116109387        960.04487993128191        0.0000000000000000        228142.17805446027        2679.4905438525552        930.03550126188736        7.2025512820292677E-003   0.0000000000000000        3.4323466057683375E-055  0.10927197139760013       0.19725139689384727       0.72358655411177464        0.0000000000000000        0.0000000000000000        184044.99429055952        1411.5155614191790        34505.702423036208        0.0000000000000000     
   2089.2961308540494        3.1687004745632741E-002   3.7639551302492913E-002   1150.0358091143914       0.80474038012346882        4.9131028352851207E-009   113.90016630691969        2.5365537998947329E-003   8.2803523664094476E-004  0.17769321335174365        7.4103432776286973E-008  0.21786931845413129        1265.5856322866603        0.0000000000000000        324277.45972367120        3387.0155740816808        1402.2030196194537        2.6150244731981902E-002   0.0000000000000000        2.0905111505191291E-056  0.13656560699676004       0.24844793336542156       0.91393598412671018        0.0000000000000000        0.0000000000000000        246967.33364846517        1852.1677167744424        58678.430666411528        0.0000000000000000     
   2754.2287033381804        3.0698881511721079E-002   3.8529915233250771E-002   1515.4233811637630        1.3759356580657123        6.2145630771422446E-009   150.15041433129008        2.5912594863711797E-003   1.4157149176912316E-003  0.23392100198811133        2.1970863713932700E-007  0.27504217670773329        1668.3667879859040        0.0000000000000000        466904.29789683007        4608.9086641487975        2165.3964737052497        9.6561180428817742E-002   0.0000000000000000        3.5814502905435036E-057  0.18572267876867526       0.31660092889462105        1.1669759093762850        0.0000000000000000        0.0000000000000000        330605.02397555090        2432.2943185323120        100327.69214447132        0.0000000000000000     
   3630.7805477010324        3.0112243514006418E-002   3.9435482795948586E-002   1996.6224254521364        2.3668441381833905        7.9613623397180753E-009   197.93756337866827        2.6480428691335492E-003   2.4203247448417470E-003  0.30781352275011187        6.5502830736924110E-007  0.34989704841519398        2199.3357606328364        0.0000000000000000        684265.27334401791        6874.3290325686094        3442.8810981722554       0.36336976350262379        0.0000000000000000        2.2193118395809559E-057  0.28018038584752364       0.40873481987598820        1.5083744645530504        0.0000000000000000        0.0000000000000000        441590.73730541766        3196.1503023168807        172580.75161990538        0.0000000000000000     
   4786.3009232264094        2.9961124613381802E-002   4.0450956986908669E-002   2630.1132584926663        4.0997299057622856        1.0351410920572981E-008   260.93330437616470        2.7131624086862696E-003   4.1246432743704611E-003  0.40484211521038099        1.9649989681240407E-006  0.44800623460597594        2899.2891867997519        0.0000000000000000        1026722.3623252528        11469.118061332008        5672.2581979856686        1.3976922349314238        0.0000000000000000        6.6039952665947241E-057  0.47994016076178153       0.53562688911510881        1.9772586649734181        0.0000000000000000        0.0000000000000000        588668.98597603047        4201.9116864047173        298935.80957050633        0.0000000000000000     
   6309.5734448019684        3.0319414876591049E-002   4.1700440983338791E-002   3463.6656383693849        7.1597526304964596        1.3696219282570632E-008   343.97786910192571        2.7943535962587761E-003   6.9796675194972006E-003  0.53214017100989908        5.9370612574586699E-006  0.57663496558949667        3822.0075075268828        0.0000000000000000        1588300.6625775169        21893.831614689869        9757.1229768104222        5.5194802998421135        0.0000000000000000        1.2952006864050285E-055  0.96089733928111987       0.71444807254999554        2.6354525225636589        0.0000000000000000        0.0000000000000000        783381.34066638467        5525.9743367572210        522060.35473550588        0.0000000000000000     
   8317.6377110267604        3.1325371940921269E-002   4.3351421349933916E-002   4559.6303481945843        12.629312232008189        1.8510216904749426E-008   453.45192657039280        2.9009635752105544E-003   1.1672573471849816E-002  0.69901552016420321        1.8092966145695144E-005  0.74526790508934770        5038.3871516139188        0.0000000000000000        2552996.3665223750        49024.744142677999        17671.917788731018        22.524186306972453        0.0000000000000000        2.3752888100377135E-053   2.3349454881203688       0.97388395336537792        3.5851332406391325        0.0000000000000000        0.0000000000000000        1040981.0383136208        7268.5234057548996        920878.63424556341        0.0000000000000000     
   10964.781961431918        3.3229881276329240E-002   4.5644575839765507E-002   5998.9519316442811        22.560177916751499        2.5694445053676029E-008   597.76683844394074        3.0435836564824265E-003   1.9182042731374339E-002  0.91765544460091364        5.5732290069846941E-005  0.96634360409716158        6641.8878140812212        0.0000000000000000        4296680.9482988156        132188.94765369120        34004.551043128042        95.923662376664851        0.0000000000000000        5.9010226836776087E-050   7.2615622304564154        1.3647360453380786        5.0047232958711296        0.0000000000000000        0.0000000000000000        1381663.3132163205        9560.6735280783105        1644997.4033947508        0.0000000000000000     
   14454.397707459368        3.6482246325659162E-002   4.8943472421786746E-002   7885.7252120722433        40.962518507995640        3.6927834242554480E-008   788.01094496510370        3.2301245747720659E-003   3.0772295454256138E-002   1.2041194616218245        1.7404299866525592E-004   1.2562930586183834        8755.7133676503363        0.0000000000000000        7603289.8814734286        438674.21633909707        70103.582927867712        432.33471312092922        0.0000000000000000        2.7158788060014100E-045   31.328352656985054        1.9828107086692643        7.2245130376520290        0.0000000000000000        0.0000000000000000        1832246.1676862056        12573.412134803022        2986822.0379648916        0.0000000000000000     
   19054.607179632600        4.1795824853081739E-002   5.3745695692031081E-002   10351.674644636607        75.872380527175295        5.5404232499222239E-008   1038.8015514159929        3.4449744010058032E-003   4.7943881357092342E-002   1.5796375362693063        5.5239588283983261E-004   1.6368282063623432        11542.278147777044        0.0000000000000000        14005338.576496098        1776035.0078854884        155117.78082365898        2091.6470015390587        0.0000000000000000        2.0719052583253386E-039   208.68297525768321        3.0135273334042836        10.868121946083527        0.0000000000000000        0.0000000000000000        2428503.7569119595        16528.231233927323        5532308.7174728075        0.0000000000000000     
   25118.864315095976        4.9745027413493528E-002   6.0328572854247989E-002   13560.332955821257        142.94048783040566        8.6338736127000876E-008   1369.4081064769068        3.5800620657295392E-003   7.2952943089928626E-002   2.0715718699834227        1.7735578580746494E-003   2.1354805049034002        15215.685946593896        0.0000000000000000        25674311.838272002        7874707.3083716398        359184.54503051349        10753.046368049576        0.0000000000000000        5.8284506731818061E-033   2129.0788438594677        4.7692941865271274        16.951586001878027        0.0000000000000000        0.0000000000000000        3218229.4455123399        21708.986473626705        10422645.255222095        0.0000000000000000     
   33113.112148259344        5.9720610335153641E-002   6.8045709330824461E-002   17713.477593319098        269.69935409395299        1.3543673850171244E-007   1805.2327988629529        3.3847733456586460E-003  0.11083930180099673        2.7128789943510534        5.6539942821234928E-003   2.7843094770275365        20058.180530852631        0.0000000000000000        43992252.687472031        31442874.471954118        822109.55351104971        55407.349869730715        0.0000000000000000        3.8751003217591146E-027   23619.132748695614        7.6114784558815378        26.597178615225026        0.0000000000000000        0.0000000000000000        4264508.9591470705        28476.613004269402        19665391.772126466        5.7462758115567875E-269
   43651.583224016918        7.0627853123168272E-002   7.5984688718502627E-002   23055.499176528261        503.24586150619916        2.0844864238087066E-007   2379.7620779250433        2.6858421072994579E-003  0.17079611143648724        3.5415050112164632        1.7537965097270385E-002   3.6201755420422654        26441.831647996529        0.0000000000000000        69516870.142454654        104378116.14029744        1804058.7854683208        271397.81306671433        0.0000000000000000        1.9577698995891305E-022   210296.10466196132        11.915650012489566        40.928780139089625        0.0000000000000000        0.0000000000000000        5649950.6520338636        37287.155438411901        36694663.424270317        2.1214443101567915E-225
   57543.993733716139        8.2284626191651097E-002   8.3981259816062942E-002   29864.787339442042        927.55524651415021        3.1416404521911161E-007   3137.1392586610664        1.6773551272274013E-003  0.26665313158311132        4.5982362828961634        5.1996096679272477E-002   4.6838948978394539        34857.122749746348        0.0000000000000000        103521961.55364627        300691057.26459938        3827649.7369844038        1240426.4184683780        0.0000000000000000        1.3546641722576693E-018   1487583.7067690417        18.252876959932351        61.644787359185479        0.0000000000000000        0.0000000000000000        7483768.0930603575        48704.333402126264        67633596.581168398        1.4334335491586820E-191
   75857.757502918976        9.5098540980898164E-002   9.2517484277637271E-002   38431.761322718521        1691.6129663167333        4.6551548817201894E-007   4135.5564093398516        7.6937378886563477E-004  0.41884638208416880        5.9188398521780554       0.14403122353264039        6.0121267102445586        45950.636951549903        0.0000000000000000        147789875.40227756        790136489.97813427        7965935.1525831288        5216298.5371372644        0.0000000000000000        2.5526196482811984E-015   8970223.8656296525        27.553690526254485        91.474134067832225        0.0000000000000000        0.0000000000000000        9910987.5258029699        63403.101263902368        123345611.34261690        6.3489582683814395E-164
   100000.00000000081       0.10907904604593023       0.10219473731119809        49029.206612679911        3046.8509382066009        6.7592407553901941E-007   5451.7259071292838        2.1139550675692889E-004  0.65727788344484372        7.5239314019835151       0.36335843072899532        7.6263375348014701        60574.736802355212        0.0000000000000000        203367949.16340390        1925665422.1951106        16320508.407460636        19669098.493645757        0.0000000000000000        1.6395076917875627E-012   58837473.149716258        41.080931908889973        134.05008155327906        0.0000000000000000        0.0000000000000000        13123075.102496045        82173.849454467389        222164111.48775280        3.8162437438076975E-141
