   10.000000000000000        6.6593761999233725E-002   3.8040847197019015E-003   5.5068458599277950        8.2555917679942722E-004   2.0885778388089844E-011  0.54490640518314815        2.6620684423978421E-004   1.2243370433739461E-006   8.4717239586679690E-004   7.1427885000518473E-013   4.9174639598084831E-003   6.0574736750284837        0.0000000000000000        63.448414353412524        4.5584231481107116       0.21766383667215880        3.3781699021736860E-009   0.0000000000000000        6.3525510653903554E-040   1.4821590974093506E-003   7.8917330799368145E-004   2.7275357598816729E-003   0.0000000000000000        0.0000000000000000        55.982293922550426        11.457529821376697       0.78951686111946218        2.8224986298165257E-246
   11.481536214968829        6.1950791593112634E-002   3.9492567386219318E-003   6.3228840359600662        1.0675676918025078E-003   2.3324328460405447E-011  0.62566642368669856        2.7548512998613742E-004   1.5540254797909495E-006   9.7253575551270357E-004   1.2155872754933649E-012   5.1972776241207726E-003   6.9549103368989780        0.0000000000000000        74.135197675512430        4.5168744539862571       0.23766196675858917        6.0271654095140310E-009   0.0000000000000000        2.7029812286049183E-041   1.3848306217295648E-003   8.3826689175062739E-004   2.9185976174462506E-003   0.0000000000000000        0.0000000000000000        64.717574576332908        13.155626925751907        1.0209597527970331        4.7298994538879116E-265
   13.182567385564074        5.7840330329554497E-002   4.1017788149454075E-003   7.2597648420975203        1.3806998652780337E-003   2.6147791424607301E-011  0.71839223338582192        2.8523600921546841E-004   1.9718645370067501E-006   1.1164328455374269E-003   2.0688147765943497E-012   5.5034476696983027E-003   7.9853054900380585        0.0000000000000000        86.491656209288024        4.4600080846544845       0.26057816494609887        1.0801979065077789E-008   0.0000000000000000        1.0919603205172842E-042   1.2977238143387746E-003   8.9398823003320957E-004   3.1336261535758712E-003   0.0000000000000000        0.0000000000000000        74.791449249854338        15.105265008734936        1.3204211816874005        3.4108106852468745E-284
   15.135612484362087        5.4183934291315836E-002   4.2614673214711168E-003   8.3353716610098250        1.7860745528259791E-003   2.9412427654013470E-011  0.82485669421380370        2.9544494841992654E-004   2.5015785825910743E-006   1.2815988384344773E-003   3.5213918673573896E-012   5.8385111083255207E-003   9.1683574165991732        0.0000000000000000        100.77586253394496        4.3901110052760135       0.28681732363924634        1.9442278428269237E-008   0.0000000000000000        4.2144382535580001E-044   1.2199182784930205E-003   9.5695053122662934E-004   3.3750899677651024E-003   0.0000000000000000        0.0000000000000000        86.406240060491271        17.343693315566824        1.7080979950333859        0.0000000000000000     
   17.378008287493763        5.0916688294706788E-002   4.4280873873460466E-003   9.5702310034597886        2.3111316550817533E-003   3.3182091547858438E-011  0.94709532290251786        3.0609399008117136E-004   3.1734008694132043E-006   1.4711711413863560E-003   5.9950561996414054E-012   6.2053525188135736E-003   10.526682771049899        0.0000000000000000        117.28654098490040        4.3093244565644655       0.31685151106726273        3.5134924552705653E-008   0.0000000000000000        1.5626028370734824E-045   1.1505169412065941E-003   1.0278612031344875E-003   3.6457939892588524E-003   0.0000000000000000        0.0000000000000000        99.794615224818827        19.913673708026913        2.2102321205222166        0.0000000000000000     
   19.952623149688808        4.7985159526532484E-002   4.6013640526888413E-003   10.987902120811430        2.9915466922327619E-003   3.7529400196545721E-011   1.0874452050227690        3.1716277140985061E-004   4.0258957295256542E-006   1.6887481265729250E-003   1.0208925913174216E-011   6.6072749506716167E-003   12.086248946042764        0.0000000000000000        136.37236788801113        4.2198674008118182       0.35123571591924108        6.3735705220395469E-008   0.0000000000000000        5.5980207088738564E-047   1.0887513296993605E-003   1.1075443600304098E-003   3.9489621480659071E-003   0.0000000000000000        0.0000000000000000        115.22410742573567        22.864295485692534        2.8609415541846088        0.0000000000000000     
   22.908676527677748        4.5344555373178538E-002   4.7809551880137425E-003   12.615423817411024        3.8737112733395890E-003   4.2535923234047253E-011   1.2485896753383239        3.2862654018645416E-004   5.1083382089059242E-006   1.9384562802560864E-003   1.7389608028388571E-011   7.0480380084562829E-003   13.876870497024226        0.0000000000000000        158.43821017167733        4.1237495414738623       0.39061724307928042        1.1603368672733927E-007   0.0000000000000000        1.9478599988863137E-048   1.0338877669628457E-003   1.1969389204376268E-003   4.2882415621250574E-003   0.0000000000000000        0.0000000000000000        133.00230770121655        26.251910477214942        3.7045925372266653        0.0000000000000000     
   26.302679918953842        4.2957529708826880E-002   4.9664595646913235E-003   14.483826613961414        5.0179856311910118E-003   4.8293264227971784E-011   1.4336096143332200        3.4045692275160721E-004   6.4837658900886532E-006   2.2250269798225995E-003   2.9630131411268924E-011   7.5319434672655302E-003   15.932779116044459        0.0000000000000000        183.95756312043451        4.0229606323618921       0.43575594150536201        2.1196164937443758E-007   0.0000000000000000        6.6184773842309278E-050   9.8530181447022787E-004   1.2971233172672401E-003   4.6677934224285782E-003   0.0000000000000000        0.0000000000000000        153.48282320365348        30.141205826961581        4.7989100915088265        0.0000000000000000     
   30.199517204020193        4.0792534436325231E-002   5.1573997941345264E-003   16.628719820190064        6.5029271983055555E-003   5.4903390651371772E-011   1.6460423467846761        3.5262071941304432E-004   8.2329596370686908E-006   2.5538841682910401E-003   5.0503198081946358E-011   8.0639046818386101E-003   18.293278041884896        0.0000000000000000        213.48327976677504        3.9193225062031356       0.48754144669790128        3.8843772482052606E-007   0.0000000000000000        2.2074129435601357E-051   9.4243027212010571E-004   1.4093242973729366E-003   5.0923326814230150E-003   0.0000000000000000        0.0000000000000000        177.07212088297706        34.606434823269566        6.2190219841041712        0.0000000000000000     
   34.673685045253201        3.8822909992494492E-002   5.3532221419352417E-003   19.090964223011387        8.4308213120633194E-003   6.2479397702614535E-011   1.8899492644178568        3.6508000989026682E-004   1.0459597222296525E-005   2.9312444337190745E-003   8.6109452756746656E-011   8.6495465855445826E-003   21.003493432205193        0.0000000000000000        247.66342428374145        3.8145573771581072       0.54701837269865550        7.1400661281666133E-007   0.0000000000000000        7.2647601287075272E-053   9.0479265931031714E-004   1.5349400375132703E-003   5.5672156333348710E-003   0.0000000000000000        0.0000000000000000        204.23738036461688        39.732828776447292        8.0627479725495981        0.0000000000000000     
   39.810717055349777        3.7025890588308526E-002   5.5532850496936553E-003   21.917442727186749        1.0934887635481408E-002   7.1145815800753189E-011   2.1699934690341847        3.7779136765525817E-004   1.3296981993076536E-005   3.3642311066979756E-003   1.4686974705258335E-010   9.2953075240468884E-003   24.115237047909247        0.0000000000000000        287.25715853797266        3.7102027174802319       0.61541251791090112        1.3162238059750148E-006   0.0000000000000000        2.3712907977083015E-054   8.7196265607445247E-004   1.6755564763978336E-003   6.0985059006291630E-003   0.0000000000000000        0.0000000000000000        235.51550931648362        45.618216461740197        10.457491607239183        0.0000000000000000     
   45.708818961487566        3.5382035774711364E-002   5.7568609855742185E-003   25.161942857135838        1.4188704803236531E-002   8.1039335088724759E-011   2.4915289167454628        3.9070609145958095E-004   1.6916797834855513E-005   3.8610042269110385E-003   2.5059070065494985E-010   1.0008571303944837E-002   27.687996750564807        0.0000000000000000        333.15685923219564        3.6076762671768381       0.69416601870373751        2.4329854440446970E-006   0.0000000000000000        7.7165396563344469E-056   8.4358316992080124E-004   1.8329760040526792E-003   6.6930829205603184E-003   0.0000000000000000        0.0000000000000000        271.52348736575829        52.374881286149815        13.569253415644079        0.0000000000000000     
   52.480746024977336        3.3874662008434198E-002   5.9631352409057255E-003   28.886167033758095        1.8418516642372398E-002   9.2309437583193332E-011   2.8607027694611533        4.0377017147095307E-004   2.1540554364383429E-005   4.4309083741569119E-003   4.2770961261897664E-010   1.0797813786533592E-002   31.790073741916366        0.0000000000000000        386.41347319059508        3.5082761939251967       0.78497776769066252        4.5089160053784396E-006   0.0000000000000000        2.5166426413215704E-057   8.1936019833132563E-004   2.0092459431373289E-003   7.3587513344021485E-003   0.0000000000000000        0.0000000000000000        312.97023687630679        60.131690789498037        17.614399857244152        0.0000000000000000     
   60.255958607435872        3.2489402115503621E-002   6.1712088897002033E-003   33.160888618360822        2.3919316551817827E-002   1.0511926555351601E-010   3.2845729106962662        4.1692454166015943E-004   2.7454557710753551E-005   5.0846405651293926E-003   7.3027087340689912E-010   1.1672773996489756E-002   36.499888295592086        0.0000000000000000        448.26767056756199        3.4131995515358855       0.88985243607498465        8.3767011742440133E-006   0.0000000000000000        8.2705413102621415E-059   7.9906165270332845E-004   2.2066925684070750E-003   8.1043707471967329E-003   0.0000000000000000        0.0000000000000000        360.67024346562806        69.036537940737659        22.875045490169772        0.0000000000000000     
   69.183097091893771        3.1213906863295615E-002   6.3801104185009384E-003   38.067274048549905        3.1075897934771196E-002   1.1964710901666557E-010   3.7712428700747695        4.3010594945344996E-004   3.5029492893256096E-005   5.8344406273850031E-003   1.2472938840334746E-009   1.2644656995339391E-002   41.907478930862169        0.0000000000000000        520.19094571298217        3.3236147672168124        1.0111619001470535        1.5598878599646340E-005   0.0000000000000000        2.7548481082131829E-060   7.8253064133800931E-004   2.4279656366035054E-003   8.9400234570820945E-003   0.0000000000000000        0.0000000000000000        415.55918249001314        79.259139201747033        29.719184382454255        0.0000000000000000     
   79.432823472428296        3.0037418634898359E-002   6.5887972129810334E-003   43.698394253415159        4.0390332460607387E-002   1.3608763257665366E-010   4.3300167395833586        4.4324699137190346E-004   4.4746175229610507E-005   6.6943065005778636E-003   2.1310877875108074E-009   1.3726350704930800E-002   48.116223702124088        0.0000000000000000        603.92813180056828        3.2405870717193084        1.1517127691162818        2.9113019744467143E-005   0.0000000000000000        9.3560152986368805E-062   7.6965964091197162E-004   2.6760755309679992E-003   9.8771587553965687E-003   0.0000000000000000        0.0000000000000000        478.71185002368935        90.994240909094131        38.626968726213775        0.0000000000000000     
   91.201083935591157        2.8950622215139173E-002   6.7961778525511413E-003   50.160951037166889        5.2517982728788611E-002   1.5465458859197952E-010   4.9715770387318754        4.5627767071528474E-004   5.7229268218662325E-005   7.6802372715443533E-003   3.6423259432952277E-009   1.4932692794810781E-002   55.244816496879601        0.0000000000000000        701.55878748169152        3.1651786570655052        1.3148354850533694        5.4451907994772155E-005   0.0000000000000000        3.2605284538435926E-063   7.6041272550077883E-004   2.9544530549171547E-003   1.0928817512961098E-002   0.0000000000000000        0.0000000000000000        551.36273142353014        104.46529218898193        50.225149258359117        0.0000000000000000     
   104.71285480509017        2.7945445838620561E-002   7.0011340897063665E-003   57.577247665174987        6.8314635909132435E-002   1.7558416397963417E-010   5.7081889316766565        4.6912683731448478E-004   7.3291565273182890E-005   8.8105066220325341E-003   6.2272682920882875E-009   1.6280767549053384E-002   63.429536129596933        0.0000000000000000        815.57138131813076        3.0984900476483186        1.5044899621678656        1.0205483081612370E-004   0.0000000000000000        1.1741190927610263E-064   7.5483272292019982E-004   3.2670137415366225E-003   1.2109875442606104E-002   0.0000000000000000        0.0000000000000000        634.92960097821185        119.92865108361613        65.332151137362970        0.0000000000000000     
   120.22644346174155        2.7014848026901531E-002   7.2025428505374132E-003   66.087436277241409        8.8898186948276392E-002   1.9913897192503554E-010   6.5539347005040982        4.8172352543465416E-004   9.3992189082348632E-005   1.0105969372178272E-002   1.0650077971938013E-008   1.7790235748150338E-002   72.826851618018040        0.0000000000000000        948.95121645765653        3.0416601572091442        1.7253904838526286        1.9165229241755352E-004   0.0000000000000000        4.4014671210116148E-066   7.5303887593914233E-004   3.6182267803413519E-003   1.3437305288611895E-002   0.0000000000000000        0.0000000000000000        731.04059973886604        137.67839952876531        85.017064180326372        0.0000000000000000     
   138.03842646028880        2.6152696796233815E-002   7.3993088179913217E-003   75.852078197026216       0.11572948392141433        2.2561349993616031E-010   7.5249829552025469        4.9399896733791642E-004   1.2071294263106886E-004   1.1590403871367876E-002   1.8219569584824252E-008   1.9483711656697114E-002   83.616413427856926        0.0000000000000000        1105.2950369041662        2.9959287203451015        1.9831604793977675        3.6059731707146532E-004   0.0000000000000000        1.7316231536714535E-067   7.5524275068625897E-004   4.0132021897132247E-003   1.4930505975699171E-002   0.0000000000000000        0.0000000000000000        841.56530486650468        158.05185267423226        110.67695866314510        0.0000000000000000     
   158.48931924611173        2.5353655970725204E-002   7.5904002722100329E-003   87.055057301699392       0.15071828671204063        2.5534070426049604E-010   8.6398977300782800        5.0588869415378699E-004   1.5525845070252461E-004   1.3290892472097322E-002   3.1177794817844262E-008   2.1387181438461141E-002   96.004487894168108        0.0000000000000000        1288.9548058124160        2.9626967984788095        2.2845200825959338        6.7971874463043896E-004   0.0000000000000000        7.2128752479850716E-069   7.6176565093514310E-004   4.4577917352770528E-003   1.6611683800469661E-002   0.0000000000000000        0.0000000000000000        968.65038470935247        181.43585959190099        144.13821804939329        0.0000000000000000     
   181.97008586099881        2.4613078600930295E-002   7.7748867351009523E-003   99.906890504399257       0.19636217912746240        2.8869970716758293E-010   9.9199933714743960        5.1733457549699624E-004   1.9998735368726439E-004   1.5238241954691534E-002   5.3365933814944300E-008   2.3530463265289483E-002   110.22790045543917        0.0000000000000000        1505.2176561024705        2.9435887643680752        2.6375132127305903        1.2835297917758149E-003   0.0000000000000000        3.2116486610683802E-070   7.7305888997401177E-004   4.9587053290782637E-003   1.8506292272284581E-002   0.0000000000000000        0.0000000000000000        1114.7605219161806        208.27400478211709        187.78938647175514       -0.0000000000000000     
   208.92961308540453        2.3926921698723055E-002   7.9519787284154757E-003   114.64848327031567       0.25592877740347186        3.2612470714040353E-010   11.389742007571455        5.2828676110330190E-004   2.5798382961544718E-004   1.7467444967339679E-002   9.1365198795100895E-008   2.5947710456858456E-002   126.55856309818358        0.0000000000000000        1760.5343017873304        2.9405376069354676        3.0517843312820152        2.4278671665081855E-003   0.0000000000000000        1.5446805323874627E-071   7.8973339427300285E-004   5.5236481613273733E-003   2.0643549766569406E-002   0.0000000000000000        0.0000000000000000        1282.7253907388508        239.07483362666505        244.75542236607214       -0.0000000000000000     
   239.88329190194972        2.3291682288451205E-002   8.1210684780624477E-003   131.55538168257431       0.33369485704520574        3.6811516581977092E-010   13.077241383122006        5.3870534146143335E-004   3.3328123466777994E-004   2.0018182481490149E-002   1.5645102947104821E-007   2.8677956301014031E-002   145.30867255360624        0.0000000000000000        2062.8121450944950        2.9559062814760386        3.5389172257177184        4.6000070553572133E-003   0.0000000000000000        8.1165045825959001E-073   8.1260317269639837E-004   6.1614838829409588E-003   2.3057054669185836E-002   0.0000000000000000        0.0000000000000000        1475.7935943168914        274.42123982774967        319.12638549719202       -0.0000000000000000     
   275.42287033381746        2.2704333458090670E-002   8.2817666225456135E-003   150.94257584202046       0.43526022495670846        4.1524697418979040E-010   15.014752008375696        5.4856121481359663E-004   4.3115287271402075E-004   2.2935365586724724E-002   2.6793877927816940E-007   3.1765693424083932E-002   166.83667862814696        0.0000000000000000        2421.7874728467509        2.9926335945629248        4.1128475315181134        8.7292727132225710E-003   0.0000000000000000        4.7169546382616784E-074   8.4274085504680281E-004   6.8824243487212791E-003   2.5785500654659163E-002   0.0000000000000000        0.0000000000000000        1697.6946041100011        314.98116922664298        416.25760603889620       -0.0000000000000000     
   316.22776601683893        2.2162260410400026E-002   8.4339321637180876E-003   173.16991159187930       0.56795975697297441        4.6818442968627905E-010   17.239313890581744        5.5783573256258157E-004   5.5848871990937278E-004   2.6269712798034729E-002   4.5890788880719682E-007   3.5261480694315395E-002   191.55413676430325        0.0000000000000000        2849.4965871469894        3.0544164630053023        4.7903646237027120        1.6590237893427985E-002   0.0000000000000000        3.0721935416364620E-075   8.8155018032515036E-004   7.6982490849230052E-003   2.8873504055195350E-002   0.0000000000000000        0.0000000000000000        1952.7098991999901        361.51981165824861        543.16373334484672       -0.0000000000000000     
   363.07805477010248        2.1663239146638563E-002   8.5777013702346833E-003   198.64816725036391       0.74140486403056638        5.2769398637285774E-010   19.793454637380606        5.6651918678638066E-004   7.2428076522363988E-004   3.0078356875459199E-002   7.8598703575475099E-007   3.9222577432480261E-002   219.93357583636268        0.0000000000000000        3360.8973899629527        3.1460119172718390        5.5917345768679363        3.1575360182219805E-002   0.0000000000000000        2.2746486278948187E-076   9.3088222789249422E-004   8.6225752623947261E-003   3.2372618672246792E-002   0.0000000000000000        0.0000000000000000        2245.7546882220759        414.91346964111023        709.03656275427466       -0.0000000000000000     
   416.86938347033680        2.1205372517720769E-002   8.7134994115448117E-003   227.84585227363038       0.96819436883385868        5.9465804925927185E-010   22.726002468363877        5.7460641573198288E-004   9.4024613368388151E-004   3.4425470197600311E-002   1.3460612004693657E-006   4.3713576024877104E-002   252.51753158548928        0.0000000000000000        3974.6446440773470        3.2735730839519066        6.5414525427194485        6.0176420539177523E-002   0.0000000000000000        1.9436194503093442E-077   9.9317460241968606E-004   9.6711579986310525E-003   3.6342466627984661E-002   0.0000000000000000        0.0000000000000000        2582.4717895124913        476.16531296679756        925.92487675897075       -0.0000000000000000     
   478.63009232264000        2.0787076013361772E-002   8.8420501732606911E-003   261.29677664919149        1.2648489551721849        6.7009092364677522E-010   26.093019683011970        5.8208984957270346E-004   1.2216209504914595E-003   3.9382895061646696E-002   2.3047554905451877E-006   4.8807035084480088E-002   289.92891838257066        0.0000000000000000        4714.1158372780192        3.4451962373379916        7.6691797115110232       0.11482647743526511        0.0000000000000000        1.9475443653781928E-078   1.0716709086618817E-003   1.0862260287612511E-002   4.0852127161121750E-002   0.0000000000000000        0.0000000000000000        2969.3394965083862        546.42324352900198        1209.6280980719971       -0.0000000000000000     
   549.54087385762648        2.0407028024086248E-002   8.9643685558428738E-003   299.60843349944713        1.6530381872393620        7.5515486031836058E-010   29.958874426128482        5.8894767738141380E-004   1.5881667423319483E-003   4.5030756675621696E-002   3.9449040061070095E-006   5.4584072908845982E-002   332.88293761628756        0.0000000000000000        5608.7046284928865        3.6716166404589274        9.0108823078515741       0.21935241537379099        0.0000000000000000        2.3268937389837699E-079   1.1707107081936662E-003   1.2217068661440922E-002   4.5981698285056931E-002   0.0000000000000000        0.0000000000000000        3413.7955004600085        627.00011519155873        1580.8697396587797       -0.0000000000000000     
   630.95734448019562        2.0064184052083080E-002   9.0817566400803879E-003   343.47121417363542        2.1611940301699004        8.5117954775843268E-010   34.397471244148832        5.9512699955843957E-004   2.0654331500118009E-003   5.1458033121198295E-002   6.7488377777014015E-006   6.1134916760837120E-002   382.20075036176365        0.0000000000000000        6695.5613966642713        3.9673342685438699        10.610264749054375       0.41943596398201277        0.0000000000000000        3.3734110326309394E-080   1.2961883453530745E-003   1.3760215297806539E-002   5.1824251174902483E-002   0.0000000000000000        0.0000000000000000        3924.3792886195829        719.39656179497717        2066.8404820898886       -0.0000000000000000     
   724.43596007499286        1.9757684340650603E-002   9.1957688208930636E-003   393.66846332220450        2.8266260500486591        9.5967848500628131E-010   39.493663959549892        6.0051724599378411E-004   2.6863372901789829E-003   5.8763035376079790E-002   1.1537671134543547E-005   6.8559321442966642E-002   438.82517566791859        0.0000000000000000        8021.6983808104133        4.3519826614051551        12.520476359610671       0.80266898180864965        0.0000000000000000        6.0393610177955811E-081   1.4561404000843234E-003   1.5520316695038922E-002   5.8487852466819638E-002   0.0000000000000000        0.0000000000000000        4510.8956966901533        825.32671005710313        2703.2210280125246       -0.0000000000000000     
   831.76377110267424        1.9486910717614880E-002   9.3082052702053563E-003   451.08731673392128        3.6983034608035483        1.0823725053568126E-009   45.344877873708661        6.0491532233014991E-004   3.4931062355068386E-003   6.7053754280275171E-002   1.9706268237396200E-005   7.6966874872810676E-002   503.83871464982957        0.0000000000000000        9646.9271317744697        4.8527151418956587        14.806308151528190        1.5369732861090337        0.0000000000000000        1.3594563389970368E-081   1.6617340624270574E-003   1.7530701950044022E-002   6.6098280958328495E-002   0.0000000000000000        0.0000000000000000        5184.6028646745744        946.74703284354450        3536.8426902609017       -0.0000000000000000     
   954.99258602143982        1.9251401330202284E-002   9.4210716016542191E-003   516.73024942046266        4.8404970509521918        1.2212072501270300E-009   52.062972307802461        6.0797537389712265E-004   4.5396612649010312E-003   7.6447980080343564E-002   3.3617864284452959E-005   8.6477027055894912E-002   578.48424487714510        0.0000000000000000        11647.398888221989        5.5073306785365475        17.546803541521278        2.9440703084851561        0.0000000000000000        3.9160649368531485E-082   1.9286122651737863E-003   1.9830145700855110E-002   7.4801767899428356E-002   0.0000000000000000        0.0000000000000000        5958.4280642382373        1085.8886296490584        4629.1703191305842       -0.0000000000000000     
   1096.4781961431895        1.9050893277603224E-002   9.5365709826081106E-003   591.72713750324192        6.3375592057134051        1.3783767727898838E-009   59.776379104195257        6.0914655023830107E-004   5.8944868396719804E-003   8.7073101903064498E-002   5.7263443400547856E-005   9.7218819435910903E-002   664.18878073639689        0.0000000000000000        14120.429612228256        6.3693853298406049        20.838586497120563        5.6396918937811789        0.0000000000000000        1.4689627196164067E-082   2.2790683040127082E-003   2.2463819913423850E-002   8.4768536317803456E-002   0.0000000000000000        0.0000000000000000        6847.2156885820013        1245.2931565142940        6060.8736379769489       -0.0000000000000000     
   1258.9254117941725        1.8885265767553814E-002   9.6570785263110342E-003   677.34758986677411        8.3001707359704486        1.5563392310730064E-009   68.632557943458352        6.0759910972954436E-004   7.6440617174200719E-003   9.9065402904556232E-002   9.7356304423788147E-005  0.10933008054059681        762.59075395980926        0.0000000000000000        17190.426663305763        7.5156001126218444        24.799864965726947        10.800294777686116        0.0000000000000000        7.2946585589930663E-083   2.7452639012226555E-003   2.5484280082194798E-002   9.6196466401716335E-002   0.0000000000000000        0.0000000000000000        7868.0119900978989        1427.8526430079621        7937.8013477174536       -0.0000000000000000     
   1445.4397707459339        1.8754547221763222E-002   9.7851418193640911E-003   775.01312016453028        10.873506499335711        1.7578313371794271E-009   78.800815415366714        6.0215753602808886E-004   9.8968763303511030E-003  0.11256862761229330        1.6513430434762061E-004  0.12295592696768548        875.57133587792384        0.0000000000000000        21016.594843475839        9.0575357974026272        29.575418036695122        20.668307677402073        0.0000000000000000        4.8694837174700856E-083   3.3743295943603128E-003   2.8952635009906458E-002  0.10931542400624557        0.0000000000000000        0.0000000000000000        9040.3921359524975        1636.8533278559873        10398.790252686289       -0.0000000000000000     
   1659.5869074375682        1.8658901065059012E-002   9.9234916038324818E-003   886.30858956675172        14.247877072338373        1.9858721653556338E-009   90.475541686997303        5.9127786585543842E-004   1.2788053299525249E-002  0.12773146314579500        2.7929496466024635E-004  0.13824623261548291        1005.2904001678954        0.0000000000000000        25802.570516688633        11.159719754812517        35.342680252228050        39.503534409470852        0.0000000000000000        4.4299038314629333E-083   4.2363952493766430E-003   3.2939815391275065E-002  0.12439193652142849        0.0000000000000000        0.0000000000000000        10386.835758540516        1876.0235917612833        13625.842338012693       -0.0000000000000000     
   1905.4607179632560        1.8598597303678091E-002   1.0075070097276560E-002   1012.9921266941220        18.672556061458941        2.2437490302652556E-009   103.87992658373601        5.7314113193437130E-004   1.6484521915968019E-002  0.14470344179473438        4.7070152277187773E-004  0.15535165302394530        1154.2278136120053        0.0000000000000000        31808.216815563814        14.068128380204197        42.319106078149673        75.359181490527376        0.0000000000000000        5.5554437513919252E-083   5.4374126199300613E-003   3.7527913080219820E-002  0.14173410314677731        0.0000000000000000        0.0000000000000000        11933.158139456429        2149.5859454793267        17857.348407020309       -0.0000000000000000     
   2187.7616239495628        1.8574019630693928E-002   1.0243099090796631E-002   1157.0024218547067        24.473703659193109        2.5349822402710227E-009   119.27022600269774        5.4596168848041143E-004   2.1190551602649887E-002  0.16362867665687963        7.8975367410184598E-004  0.17441773743615668        1325.2308442365697        0.0000000000000000        39364.125764801451        18.155949405660134        50.771146916345174        143.35479910379664        0.0000000000000000        9.6900840917037159E-083   7.1401118748808650E-003   4.2811666653628365E-002  0.16169700436209386        0.0000000000000000        0.0000000000000000        13709.005369635857        2462.3128434209184        23405.229129526702       -0.0000000000000000     
   2511.8864315095925        1.8585622793452855E-002   1.0431174447654314E-002   1320.4620480436943        32.077472571253018        2.8632482667662883E-009   136.94066019472865        5.0857532734230066E-004   2.7153297712428161E-002  0.18463680778322727        1.3175192936645654E-003  0.19557655755822390        1521.5685931307039        0.0000000000000000        48888.235187021070        23.996852370626506        61.024857093401629        271.59039264973921        0.0000000000000000        2.3639318812012218E-082   9.5983688330432502E-003   4.8899942417629058E-002  0.18468805053235757        0.0000000000000000        0.0000000000000000        15748.422757215101        2819.5859822727166        30677.032208987610       -0.0000000000000000     
   2884.0315031266205        1.8633904171864942E-002   1.0643404883083737E-002   1505.6750202162762        42.039664047867582        3.2322582273482396E-009   157.22903764732422        4.6120903082786210E-004   3.4667632143218573E-002  0.20783101620687383        2.1816428203553805E-003  0.21893563012078543        1746.9944905732495        0.0000000000000000        60904.524128162971        32.484113698681547        73.478453655358962        511.53192104266952        0.0000000000000000        8.0783070176727164E-082   1.3214621734117893E-002   5.5917347091880905E-002  0.21117276152653236        0.0000000000000000        0.0000000000000000        18090.507534319182        3227.4584655784088        40204.293688873870       -0.0000000000000000     
   3311.3112148259279        1.8719325618703809E-002   1.0884547106266931E-002   1715.1165397821219        55.083504122386813        3.6455799302407551E-009   180.52321247504895        4.0604474740458228E-004   4.4079240187902873E-002  0.23327399117541062        3.5773310522659294E-003  0.24456458302908213        2005.8180510937982        0.0000000000000000        76062.108977905256        45.024131829954442        88.616781122928529        955.55027558249992        0.0000000000000000        3.8539627121923228E-081   1.8636372819839587E-002   6.4005820288030257E-002  0.24168041828997233        0.0000000000000000        0.0000000000000000        20780.158290052455        3692.7191243265024        52678.664953819170       -0.0000000000000000     
   3801.8939632056322        1.8842213983624630E-002   1.1160061519005273E-002   1951.4124872239711        72.147382892385181        4.1064222581573552E-009   207.26849932624887        3.4704356089569963E-004   5.5784796154885075E-002  0.26097447275866092        5.7921737130579047E-003  0.27248157783856192        2302.9872594400699        0.0000000000000000        95153.185080229756        63.851839453623988        107.02792829344415        1765.1493630249392        0.0000000000000000        2.5432568076212082E-080   2.6919769438406637E-002   7.3326071358971748E-002  0.27680907396841903        0.0000000000000000        0.0000000000000000        23868.935836075463        4222.9581033548520        68997.567806116174       -0.0000000000000000     
   4365.1583224016831        1.9002640320900280E-002   1.1475968959701561E-002   2217.3060160976711        94.444596775190590        4.6174255948294876E-009   237.97618772410999        2.8886608512430385E-004   7.0228591994457523E-002  0.29087850529539838        9.2315096820781532E-003  0.30264334034022422        2644.1831622072068        0.0000000000000000        119127.66904443516        92.544012211985788        129.42238880369570        3214.0233641103914        0.0000000000000000        2.2853938414143384E-079   3.9807916686680760E-002   8.4058389148204349E-002  0.31722816125745656        0.0000000000000000        0.0000000000000000        27416.052433088276        4826.6328335300668        90321.328490008120       -0.0000000000000000     
   5011.8723362727505        1.9200291991730154E-002   1.1838427227853889E-002   2515.6085246388006        123.53727855328191        5.1805283035478293E-009   273.23331797199626        2.3545621696696809E-004   8.7896390752774667E-002  0.32286991750891736        1.4439304512787320E-002  0.33494380095373821        3035.9284736008053        0.0000000000000000        149102.55168986274        136.85105187887302        156.65558206803831        5750.1862053834593        0.0000000000000000        2.7346534425676181E-078   6.0204474935141576E-002   9.6402221031858970E-002  0.36367644547528405        0.0000000000000000        0.0000000000000000        31489.508777749495        5513.1336763636009        118143.88009440569       -0.0000000000000000     
   5754.3993733716015        1.9434302133985282E-002   1.2253031517035383E-002   2849.1327771412766        161.42657376612360        5.7969633751856392E-009   313.71390475034855        1.8913683851421744E-004  0.10930924457849200       0.35678317818680866        2.2108941442597500E-002  0.36922534654235828        3485.7122715922278        0.0000000000000000        186362.16553873595        206.02790804717887        189.75432992810192        10080.806517481331        0.0000000000000000        4.2312181087289431E-077   9.2973513434036856E-002  0.11057376500992785       0.41695255782270757        0.0000000000000000        0.0000000000000000        36167.400107032212        6292.8492729601167        154379.00201800241       -0.0000000000000000     
   6606.9344800759982        1.9703192818790072E-002   1.2723994600484786E-002   3220.6056983056133        210.66138641402486        6.4674602003281694E-009   360.19182245459939        1.5055704834894754E-004  0.13502091559744980       0.39242908304082691        3.3080165695932792E-002  0.40530363468966063        4002.1331681399115        0.0000000000000000        232353.18690956986        314.95196544447185        229.95000248932803        17282.494840079398        0.0000000000000000        8.1715899843378561E-076  0.14628422465290278       0.12680204333156975       0.47789985800305440        0.0000000000000000        0.0000000000000000        41539.417059000938        7177.2317112808314        201464.31804619535       -0.0000000000000000     
   7585.7757502918821        2.0004732941976543E-002   1.3253327251532325E-002   3632.5610711269383        274.46682401000032        7.1925472010027901E-009   413.55559905202512        1.1919590989679596E-004  0.16562325142922377       0.42962805584727887        4.8323430861148688E-002  0.44300057900870798        4595.0636907221260        0.0000000000000000        288665.12161823246        487.40686787825030        278.71706470535145        28939.541860968729        0.0000000000000000        1.8909257060439041E-074  0.23382535435101937       0.14532230380797231       0.54738151148135028        0.0000000000000000        0.0000000000000000        47708.566745301978        8178.8645544997062        262484.13374060340       -0.0000000000000000     
   8709.6358995608589        2.0335938224084346E-002   1.3840279222478208E-002   4087.2119653621153        356.89385814299305        7.9728985519586706E-009   474.82540163249735        9.3966287480608913E-005  0.20176072049343749       0.46824173645452793        6.8920209348996245E-002  0.48217598196448674        5275.8390175261093        0.0000000000000000        357001.87546313833        761.09592974375619        337.81933735824049        47315.492140410890        0.0000000000000000        5.0138252694336716E-073  0.37839397498845806       0.16636785900493836       0.62624991499992655        0.0000000000000000        0.0000000000000000        54793.146970163682        9311.5368091854871        341312.56311178824       -0.0000000000000000     
   10000.000000000062        2.0692950418096885E-002   1.4481131693254722E-002   4586.3085868461694        462.98899705289597        8.8094556363515118E-009   545.17253868935279        7.3661387039442554E-005  0.24415334882093068       0.50819094076765714        9.6052445726192565E-002  0.52274573384795131        6057.4736744343954        0.0000000000000000        439120.94560509420        1194.9835718156578        409.35771961990247        75568.439325003957        0.0000000000000000        1.4522595984313000E-071  0.61751177207469832       0.19015859335836122       0.71530417613001440        0.0000000000000000        0.0000000000000000        62929.005619945332        10590.331942059876        442775.79361807409       -0.0000000000000000     
