  0.10000000000000001        8.4321595840454080        4.0343269870904150E-003   5.1088683686068892E-002   2.5145792410719169E-012   3.0129568725149406E-012   5.2005439770874511E-003   2.5118214198717215E-004   7.8040837690146045E-012   2.8387883364127870E-006   1.9799316979375227E-029   4.2883479174139994E-003   6.0574736797263093E-002  0.37007483349162268        2.6247179860210964E-002   5.4993938848036054E-003  0.26483867791019866        3.9999121101311181E-025   1.6111933029842596E-025   3.7428921434716276E-037   7.1664223966466777E-008   6.9000487973957343E-003   8.0100734271730933E-003   0.0000000000000000        0.0000000000000000       0.55866189260575028       0.13998366153088959        1.7693355419989391E-007   1.7240227330334201E-002
  0.13182567385564070        8.2978835830688453        4.6233686441881517E-003   6.8042911644692505E-002   4.8925451661491960E-012   4.5635456460502293E-012   6.8990187586420318E-003   2.8775593115711165E-004   1.1908739875316821E-011   3.7422503179983798E-006   6.6921418852896305E-029   4.9148668256632612E-003   7.9853054988464886E-002  0.47457064958618667        4.1775979429533497E-002   9.5894676345944507E-003  0.36229785276804627        1.7468072654595346E-024   7.1497595693993703E-025   2.3653186491345173E-036   1.5747858989116066E-007   8.9940222344889482E-003   1.0498630794639733E-002   0.0000000000000000        0.0000000000000000       0.73900531186478169       0.19332896086292151        3.4425457396255108E-007   2.4824740201591523E-002
  0.17378008287493754        8.1628446502685534        5.2943746753389550E-003   9.0498439064338701E-002   9.5091023808551860E-012   6.8958377905343466E-012   9.1445791216883902E-003   3.2943503715276122E-004   1.8162819560794958E-011   4.9332443324218655E-006   2.2594001689085305E-028   5.6287429568241381E-003  0.10526682791753701       0.60524278471872106        6.6725729500334993E-002   1.6695716734748442E-002  0.49527140192843777        7.6165577172835898E-024   3.1634221626319026E-024   1.4898799722041298E-035   3.4524778038941735E-007   1.1703871119592793E-002   1.3738838871659989E-002   0.0000000000000000        0.0000000000000000       0.97795565649103255       0.26693560394355220        6.6908978409372883E-007   3.5650551828305094E-002
  0.22908676527677729        8.0262798538207996        6.0580591430128275E-003  0.12022146296398473        1.8459504398701767E-011   1.0396917451931482E-011   1.2112171479152762E-002   3.7701152338084188E-004   2.7688950824071711E-011   6.5032789973564950E-006   7.6185636268803699E-028   6.4415739453910258E-003  0.13876870514645015       0.76656578627656502       0.10697370308757101        2.9027443813947208E-002  0.67651735043041972        3.3149081801388478E-023   1.3954634596635264E-023   9.3486030477266055E-035   7.5495793904113115E-007   1.5203848476372964E-002   1.7950599745048743E-002   0.0000000000000000        0.0000000000000000        1.2947250104629608       0.36852876491230924        1.2988676867620212E-006   5.1039376241789967E-002
  0.30199517204020160        7.8874262619018545        6.9268580438723582E-003  0.15954197285907815        3.5789178119211335E-011   1.5642766293226093E-011   1.6032664163493748E-002   4.3128548275270180E-004   4.2197542583505544E-011   8.5729858464390498E-006   2.5655252818269249E-027   7.3667165124714990E-003  0.18293278062077531       0.96251728624255217       0.17217363996594828        5.0402613125909969E-002  0.92329620203835250        1.4397647432761703E-022   6.1371012624292421E-023   5.8409939464092946E-034   1.6464207642000082E-006   1.9717136646449428E-002   2.3418226159836658E-002   0.0000000000000000        0.0000000000000000        1.7148909795126686       0.50879958629053290        2.5182370008852039E-006   7.2813647595047118E-002
  0.39810717055349720        7.7439950790405270        7.9137771547234028E-003  0.21153488073115981        6.9290419583942263E-011   2.3483564988744475E-011   2.1210528714379707E-002   4.9318386546293950E-004   6.4294954388979598E-011   1.1301387825017646E-005   8.6265451395523094E-027   8.4182624080113601E-003  0.24115237060430669        1.1920372948305349       0.27824153060796647        8.7405658498353328E-002   1.2586585133907637        6.2370378289581578E-022   2.6899846497711033E-022   3.6297650189594240E-033   3.5788759278445534E-006   2.5518804879829091E-002   3.0498729365134321E-002   0.0000000000000000        0.0000000000000000        2.2725103808630824       0.70252283828646211        4.8754877192745456E-006  0.10338007810835892     
  0.52480746024977254        7.5940789756774905        9.0333786779923757E-003  0.28025629303527205        1.3394645230633024E-010   3.5172918937236881E-011   2.8047356478831338E-002   5.6370889929100842E-004   9.7955979434232213E-011   1.4898117585883496E-005   2.8959977327217469E-026   9.6119856948692680E-003  0.31790073735927971        1.4486052738607413       0.45152644542917336       0.15137864209850704        1.7134359094246794        2.6934847857882146E-021   1.1747347260890588E-021   2.2411232524705264E-032   7.7504362009236161E-006   3.2952766833404513E-002   3.9645471980752987E-002   0.0000000000000000        0.0000000000000000        3.0129588962822247       0.97012817330827039        9.4248856794518400E-006  0.14589057373788297     
  0.69183097091893642        7.4346262245178218        1.0300851173682037E-002  0.37105720772947681        2.5851116314702856E-010   5.2542961398481410E-011   3.7072779632305021E-002   6.4395010311998012E-004   1.4925118691171542E-010   1.9639523996768030E-005   9.7052969111159724E-026   1.0964440800798786E-002  0.41907478915560614        1.7127492312152262       0.73580918379383664       0.26180873975385588        2.3282683814466241        1.1587516776819497E-020   5.1087280545961532E-021   1.3727588890853332E-031   1.6709120755294231E-005   4.2434490864185583E-002   5.1420729242697687E-002   0.0000000000000000        0.0000000000000000        3.9966822761060019        1.3398198776455164        1.8189643081780398E-005  0.20421171503887425     
  0.91201083935590965        7.2601055698394763        1.1730539962919843E-002  0.49099729120307034        4.9806760192221748E-010   7.8232096513276445E-011   4.8985305379602335E-002   7.3502781598673973E-004   2.2747830024601396E-010   2.5889904445107860E-005   3.2466466220419614E-025   1.2491457683351690E-002  0.55244816535771446        1.9397507411543620        1.2040796032071004       0.45203888983959134        3.1553897379782625        4.9602556254570890E-020   2.2104778309144972E-020   8.3213258655850153E-031   3.5815541706430962E-005   5.4437789273443150E-002   6.6496414033202916E-002   0.0000000000000000        0.0000000000000000        5.3041234676838114        1.8504237453190369        3.5045573271474996E-005  0.28244909832506687     
   1.2022644346174127        7.0605035314559927        1.3332694020243438E-002  0.64939165694712964        9.5801684386379678E-010   1.1593651435642133E-010   6.4706198785516575E-002   8.3796559062718245E-004   3.4695053672911745E-010   3.4129494262019250E-005   1.0841457252472113E-024   1.4204789105132639E-002  0.72826851725955044        2.0433969097970035        1.9783680743400953       0.77870866417907481        4.2586271399476683        2.1086397641225943E-019   9.5012540734535640E-020   4.9706609375924258E-030   7.6154287439330045E-005   6.9435889711781176E-002   8.5614848810958377E-002   0.0000000000000000        0.0000000000000000        7.0420606426726788        2.5550919308235436        6.7409021119545055E-005  0.38324119943858781     
   1.5848931924611134        6.8141719188690182        1.5103114269189680E-002  0.85853772766232539        1.8398997595385740E-009   1.7047037372825021E-010   8.5450790267121865E-002   9.5324605081143615E-004   5.2997628176355355E-010   4.4991363709565581E-005   3.6143089522451132E-024   1.6101351683710682E-002  0.96004488192924786        1.8742698743873678        3.2630725596405323        1.3364470358331402        5.7044996992597898        8.8641643739347366E-019   4.0426671103341560E-019   2.8988191738298266E-029   1.5982438113866003E-004   8.7670276918328155E-002  0.10938933141600955        0.0000000000000000        0.0000000000000000        9.3511657017320999        3.5255767581583171        1.2946102413854279E-004  0.50187016229910142     
   2.0892961308540392        6.4609344844818111        1.6982432374165600E-002   1.1347004923587369        3.5269672436050673E-009   2.4641841932004906E-010  0.11282365926948147        1.0790438576182694E-003   8.1264960635825629E-010   5.9310054537363794E-005   1.2025563579549334E-023   1.8120786286321234E-002   1.2655856349139369        1.2306815695462152        5.4001642837725115        2.2752657786809194        7.5104904053880333        3.6374042110755432E-018   1.6837611698120185E-018   1.6041646110178844E-028   3.2602470480667522E-004  0.10818067891044300       0.13738952163724275        0.0000000000000000        0.0000000000000000        12.411930871753114        4.8542197514967524        2.4816829780700480E-004  0.60413056655261355     
   2.7542287033381663        5.7485468940734865        1.8609089389378750E-002   1.4996046827501095        6.7132906929251055E-009   3.3772825066713651E-010  0.14895297102654867        1.2000348359345275E-003   1.2640329922237064E-009   7.8185686590728239E-005   3.9731321238598982E-023   1.9887309911904006E-002   1.6683667914285527       0.22071530494644376        8.9518631813520582        3.7664626008554647        9.2980609701505639        1.3688557998717798E-017   6.4795321132838386E-018   7.3219393839736678E-028   4.0613843587893042E-003  0.12309878330986401       0.16244551175614566        0.0000000000000000        0.0000000000000000        16.422483642732473        6.6273897043954166        4.7236784718304145E-004  0.52387061561873183     
   3.6307805477010131        4.1723297462463380        1.8826272415918690E-002   1.9825692570660127        1.1694395684154051E-008   3.7919370976165989E-010  0.19668167654640595        1.2585353154866866E-003   2.0633018099371977E-009   1.0306841158102746E-004   1.2020693060946903E-022   2.0187876142986404E-002   2.1993357647326151        1.7278260967587515E-004   14.777921358276302        5.6886122822349874        9.4606590151324408        3.6568670208726162E-017   1.7094052498231526E-017   1.4929711693871260E-027   4.3421745557608599E-003  0.10864689442521100       0.15873538637014847        0.0000000000000000        0.0000000000000000        21.497260222697150        8.8072620876626022        8.2285376369179179E-004  0.10651394367598666     
   4.7863009232263831        2.2966618576049806        1.7233710949783848E-002   2.6211194230553083        2.1117287110004217E-008   3.1603951682031153E-010  0.25972693162752392        1.2090864481847897E-003   3.6244251033699340E-009   1.3586972389141081E-004   3.7739265583277703E-022   1.8578667121860050E-002   2.8992891943153749        3.1909536682098314E-014   24.081934525159230        7.4674129333967834        7.3980947669671231        7.1735714159556309E-017   1.6754195660666852E-017   1.0086868962794028E-027   1.9900704501330043E-003   6.9089565293036267E-002  0.12040788937360736        0.0000000000000000        0.0000000000000000        27.829619964310009        11.307835053280559        1.4858774789852775E-003   2.2012042137334447E-004
   6.3095734448019316       0.91542147397994977        1.4217667452907930E-002   3.4638090584775991        6.4978429816679253E-008   1.7451938200830482E-010  0.34294482602404153        1.0358379367174108E-003   7.0200314151807721E-009   1.7910893725591538E-004   2.0213581919975718E-021   1.5432614326881257E-002   3.8220075198481256        1.3635438538623175E-047   37.665280410482893        7.7516381751454810        4.3457371623237764        1.6031077334357390E-016   8.4661550308040226E-024   1.3865695389209986E-028   6.4717894264527097E-004   3.0782662946004062E-002   6.8045897500502411E-002   0.0000000000000000        0.0000000000000000        35.845754938232318        14.011479119402370        4.5720828144960460E-003   1.1001965517403325E-014
   8.3176377110267090       0.38359838879108432        1.2115916978439636E-002   4.5728160363618873        1.9276332649183228E-007   9.3789281940277811E-011  0.45256674421452109        8.8808382728202946E-004   1.3614824922738024E-008   2.3610720316320820E-004   1.0435396354705066E-020   1.3240108008884872E-002   5.0383871669087830        4.7522552159301567E-125   54.706593632442591        6.7446754287438235        2.6409087356591114        3.6746824980523631E-016   4.7869936809508518E-144   8.0197353062362606E-031   2.8425157200308261E-004   1.5033591520681179E-002   4.0049059922863672E-002   0.0000000000000000        0.0000000000000000        46.574553173628750        17.559424064797415        1.3563422428101964E-002   1.6329910891759021E-039
   10.964781961431852       0.21562523886561397        1.1474386979980296E-002   6.0326427896441333        3.8601619986959318E-007   6.9016225656038789E-011  0.59693541729917954        8.3446563395862231E-004   2.4454282688193381E-008   3.1124340557004695E-004   3.6333366942560498E-020   1.2620096019508966E-002   6.6418878315896510        4.1203580941576900E-229   75.821690094910636        5.8631052137001021        2.1059267068675198        8.1998366306781310E-016   0.0000000000000000        8.3902891276542999E-034   1.3927518874010738E-004   1.0412717370846819E-002   3.0744047420327235E-002   0.0000000000000000        0.0000000000000000        61.008656294611832        22.796027361602942        2.7161290885607210E-002   3.4657149835277856E-073
   14.454397707459281       0.14574843233823775        1.1568431926389412E-002   7.9561294324612710        6.7475866154390299E-007   6.3049782438831020E-011  0.78718106524194187        8.3311094618737386E-004   4.1732962806114071E-008   4.1028922122344076E-004   1.1036826323307642E-019   1.2811832093800227E-002   8.7557133900931117        0.0000000000000000        103.16379451101895        5.2495057699382226        1.9839953348888721        2.0099374931189818E-015   0.0000000000000000        6.6145046293251878E-037   8.0047589227628835E-005   8.9118157894922945E-003   2.7949947850524785E-002   0.0000000000000000        0.0000000000000000        80.170314492130387        30.215817543155900        4.7478101411206057E-002   3.5090318361260406E-110
   19.054607179632484       0.10898763528466224        1.2056741992133066E-002   10.491414166742828        1.1362424944732216E-006   6.5043885713822065E-011   1.0379447679313396        8.6022983011054032E-004   6.9228439026348899E-008   5.4085231741800646E-004   3.2288042354142993E-019   1.3457824139661612E-002   11.542278178981400        0.0000000000000000        139.20005985592016        4.7930098042414260        2.0446747309918152        5.3825065419810670E-015   0.0000000000000000        5.2804385796598482E-040   5.2175187777087575E-005   8.5493976456240493E-003   2.7900332977480239E-002   0.0000000000000000        0.0000000000000000        105.48720259282572        40.506750346851121        7.9949527816192884E-002   9.6482630230637553E-149
   25.118864315095820        8.6624196201562864E-002   1.2812243913626259E-002   13.833458269281152        1.8940963580812558E-006   7.2195342174743927E-011   1.3685052818493848        9.0640608282987730E-004   1.1290668658806140E-007   7.1296056659417718E-004   9.3490210033845787E-019   1.4431610563050312E-002   15.215685989319709        0.0000000000000000        187.01759133202341        4.4285003581916831        2.2228628050117556        1.5393371107908359E-014   0.0000000000000000        4.4486591949589334E-043   3.7647102251893456E-005   8.7811934966263924E-003   2.9480057882269685E-002   0.0000000000000000        0.0000000000000000        138.88613270677149        54.687065568664913       0.13327446403698631        3.0428476502329519E-188
   33.113112148259148        7.1680902397260077E-002   1.3784627114583694E-002   18.239153465760566        3.1520730596789893E-006   8.3984367514135180E-011   1.8042684716391946        9.6771342866575451E-004   1.8214678097641143E-007   9.3983176479365519E-004   2.7020181153508593E-018   1.5692172308043102E-002   20.058180582089129        0.0000000000000000        250.67570035889682        4.1222751738544829        2.5023485692361827        4.6200595769304830E-014   0.0000000000000000        3.9441518614355197E-046   2.9168109760644332E-005   9.4325953237397488E-003   3.2348468262869280E-002   0.0000000000000000        0.0000000000000000        182.92245463447367        74.197233847522895       0.22178958628044584        2.1402079270762358E-228
   43.651583224016655        6.1030869596637782E-002   1.4954885326824523E-002   24.047101555048553        5.2515267498487964E-006   1.0078716447865937E-010   2.3787222402086616        1.0425251414934145E-003   2.9170530020694429E-007   1.2388879682734240E-003   7.8171138318085479E-018   1.7236298436591361E-002   26.441831708779027        0.0000000000000000        335.59867020580162        3.8565411156926492        2.8866310116894303        1.4379448611596540E-013   0.0000000000000000        3.6550211599999910E-049   2.3863105490710698E-005   1.0456922213177591E-002   3.6462130282341541E-002   0.0000000000000000        0.0000000000000000        240.97031426682008        101.04841185242354       0.36951362583844322        4.9860175954370078E-269
   57.543993733715780        5.3077966566663234E-002   1.6318608483484452E-002   31.703645741531989        8.7676001826520321E-006   1.2346627643514626E-010   3.1360106386687927        1.1302993613709106E-003   4.6482867277197562E-007   1.6330921280148477E-003   2.2659651715898578E-017   1.9081999972870210E-002   34.857122823246002        0.0000000000000000        449.06985720834240        3.6215338162413220        3.3905641868926941        4.6031189677631506E-013   0.0000000000000000        3.5262546480343928E-052   2.0400920489932637E-005   1.1866677745964191E-002   4.1932540124276232E-002   0.0000000000000000        0.0000000000000000        317.47949581142819        138.03904190523139       0.61691540150430135        0.0000000000000000     
   75.857757502918517        4.6926898586330937E-002   1.7878947660973005E-002   41.797171568945402        1.4671987473515481E-005   1.5321522761339967E-010   4.1343261229182104        1.2310589820131628E-003   7.3819274085306976E-007   2.1527092740236857E-003   6.5828686932015148E-017   2.1262715917009851E-002   45.950637042481546        0.0000000000000000        600.89684109254313        3.4119486454563286        4.0382550048556878        1.5068228407208626E-012   0.0000000000000000        3.5429970006661485E-055   1.8098221677774385E-005   1.3711717741801289E-002   4.8982866254019625E-002   0.0000000000000000        0.0000000000000000        418.31603758378026        189.06101867321038        1.0323663094263058        0.0000000000000000     
   100.00000000000020        4.2038283938891252E-002   1.9643113359088145E-002   55.103318445259987        2.4619471778879864E-005   1.9146338825292494E-010   5.4503809911110315        1.3451316027977831E-003   1.1697740439872095E-006   2.8376268600869810E-003   1.4857882851649010E-016   2.3825871821972908E-002   60.574736920276465        0.0000000000000000        804.30980612243968        3.2251001070259333        4.8633704701744236        3.8938732900433115E-012   0.0000000000000000        2.8885998056573835E-058   1.6585148724565379E-005   1.6073305817641416E-002   5.7940975540705909E-002   0.0000000000000000        0.0000000000000000        551.21197119748922        259.52817377324283        1.7323019983670571        0.0000000000000000     
   131.82567385564101        3.8068642652127886E-002   2.1620320422573346E-002   72.644577343085516        4.1384869213915460E-005   2.3978277283430196E-010   7.1853016991093277        1.4729988602480439E-003   1.8514458104666037E-006   3.7404113466255311E-003   4.3332342860079020E-016   2.6833730629446918E-002   79.853055131216095        0.0000000000000000        1077.1858432192039        3.0599959332857827        5.9107920043569893        1.3171619648652079E-011   0.0000000000000000        3.2048117852965180E-061   1.5632214505320978E-005   1.9065232133916941E-002   6.9250578126220527E-002   0.0000000000000000        0.0000000000000000        726.35849044287443        356.97394440226230        2.9119670919554896        0.0000000000000000     
   173.78008287493799        3.4789314037538141E-002   2.3820294028900482E-002   95.768854131419033        6.9710143843703003E-005   2.9978523670214484E-010   9.4723989841115142        1.6151900676222779E-003   2.9292347836399210E-006   4.9303339092340026E-003   1.2661270878518216E-015   3.0365818005756762E-002   105.26682801991474        0.0000000000000000        1443.7130772220391        2.9168230905809298        7.2393270262281080        4.5119190690954434E-011   0.0000000000000000        3.8042834557904717E-064   1.5123830575493506E-005   2.2839137667901480E-002   8.3494809904601827E-002   0.0000000000000000        0.0000000000000000        957.18800772055238        491.88280869061037        4.9050208132611681        0.0000000000000000     
   229.08676527677795        3.2042626759968690E-002   2.6251999597932455E-002   126.25303506264473        1.1764767658307416E-004   3.7303320880115533E-010   12.487410830647272        1.7721956070081047E-003   4.6360693116225461E-006   6.4986713133595164E-003   3.7058667930261945E-015   3.4522866518300076E-002   138.76870538385009        0.0000000000000000        1936.6758307706457        2.7967939532530188        8.9255583495264226        1.5622452425015361E-010   0.0000000000000000        4.9213142480468057E-067   1.4995732853314159E-005   2.7593520528178483E-002  0.10143214694505487        0.0000000000000000        0.0000000000000000        1261.4051909567793        678.84395096767025        8.2780535292773507        0.0000000000000000     
   301.99517204020253        2.9716574392790782E-002   2.8922335185122293E-002   166.43951113652076        1.9890900519738995E-004   4.6100539328622658E-010   16.462005302646510        1.9443804894204919E-003   7.3450487550274107E-006   8.5656837313762453E-003   1.0864173951888350E-014   3.9432399405919027E-002   182.93278097285219        0.0000000000000000        2600.5587805250570        2.7020723235572182        11.068969248803636        5.4598180668436543E-010   0.0000000000000000        7.1036850910635698E-070   1.5225709757874895E-005   3.3586509284227392E-002  0.12404586909951426        0.0000000000000000        0.0000000000000000        1662.3461480068859        938.14562993141749        13.995851344472641        0.0000000000000000     
   398.10717055349858        2.7729745605189232E-002   3.1834783173365494E-002   219.41615006930817        3.3687765864513200E-004   5.6517317339257445E-010   21.701580714377791        2.1318982638983529E-003   1.1656639858432841E-005   1.1289796319299689E-002   3.1897587984199785E-014   4.5256477756563537E-002   241.15237122044053        0.0000000000000000        3495.8140289743451        2.6359836083208688        13.798725601408146        1.9237930480638934E-009   0.0000000000000000        1.1786489850214849E-072   1.5827716257819016E-005   4.1153561400407268E-002  0.15261172753996916        0.0000000000000000        0.0000000000000000        2190.7703154501182        1297.9685488851635        23.703751506837929        0.0000000000000000     
   524.80746024977441        2.6021814580657512E-002   3.4987941756341047E-002   289.25354204596789        5.7149495696859245E-004   6.8722042659816615E-010   28.608730803852030        2.3345988849730812E-003   1.8542406605750720E-005   1.4879674112225480E-002   9.3787872452307563E-014   5.2202214753539609E-002   317.90073838037523        0.0000000000000000        4704.6927629680877        2.6033779174848437        17.282459963911347        6.8281900235500316E-009   0.0000000000000000        2.3314247062530715E-075   1.6853167322129055E-005   5.0731408845230863E-002  0.18878906139933013        0.0000000000000000        0.0000000000000000        2887.2227910182737        1797.3837648467522        40.212148534505680        0.0000000000000000     
   691.83097091893910        2.4547413266773219E-002   3.8374010329400084E-002   381.31774458851947        9.7109805189253887E-004   8.2940936453143103E-010   37.714177828790646        2.5519354636917750E-003   2.9583625958970592E-005   1.9610090692298465E-002   2.7615321283559796E-013   6.0536036485390327E-002   419.07479055920703        0.0000000000000000        6339.2489254774719        2.6113043780070564        21.737555298707345        2.4396101696221899E-008   0.0000000000000000        5.7448367704036625E-078   1.8399792034169005E-005   6.2890534251859032E-002  0.23474405102681520        0.0000000000000000        0.0000000000000000        3805.1488469731607        2490.4180075102931        68.329455278846737       -0.0000000000000000     
   912.01083935591339        2.3272023410609112E-002   4.1977322906307887E-002   502.68255049825933        1.6528111325286392E-003   9.9506172874196223E-010   49.717550292589820        2.7828753547039487E-003   4.7370359626768376E-005   2.5842762653088675E-002   8.1426743397023944E-013   7.0602960914100510E-002   552.44816661137520        0.0000000000000000        8552.3217119168676        2.6701131878210971        27.445407570435137        8.7694223642090301E-008   0.0000000000000000        1.8571802926457459E-080   2.0629992592831701E-005   7.8379185134065832E-002  0.29331653987331208        0.0000000000000000        0.0000000000000000        5015.0002184538462        3451.5126121261542        116.29689107541644       -0.0000000000000000     
   1202.2644346174179        2.2169127322224084E-002   4.5773124428404338E-002   662.67294548869211        2.8177395188696795E-003   1.1891208731406756E-009   65.541138414866481        3.0258275893341466E-003   7.6173775077128256E-005   3.4053668529832784E-002   2.4043996216894773E-012   8.2852620547571268E-002   728.26851833461410        0.0000000000000000        11552.651490492695        2.7952804616676112        34.769135194203599        3.1701381571869785E-007   0.0000000000000000        8.3603316458665672E-083   2.3803930278278915E-005   9.8183171424631135E-002  0.36824648435677038        0.0000000000000000        0.0000000000000000        6609.6491352620042        4782.7698394962008        198.26484675447651       -0.0000000000000000     
   1584.8931924611206        2.1218170626903884E-002   4.9726857224231931E-002   873.58149505769995        4.8118342478232195E-003   1.4187853988276911E-009   86.400757582960537        3.2786028457105843E-003   1.2308682064939307E-004   4.4868807779963694E-002   7.1102566399106831E-012   9.7874267849906216E-002   960.04488176922609        0.0000000000000000        15625.775422321223        3.0104564459062439        44.175049856935338        1.1521297085162095E-006   0.0000000000000000        5.6004773531178104E-085   2.8337278719639169E-005  0.12360718722823717       0.46448173212692839        0.0000000000000000        0.0000000000000000        8711.5267078637371        6623.4485430771392        338.57550471354824       -0.0000000000000000     
   2089.2961308540494        2.0403039058666764E-002   5.3794289313713994E-002   1151.6126747714038        8.2313567930949998E-003   1.6942470387275932E-009   113.89916451500328        3.5384259143527962E-003   1.9997216985277350E-004   5.9110896056154869E-002   2.1058286759611323E-011  0.11644361128422166        1265.5856347152212        0.0000000000000000        21163.103834594480        3.3526516887230926        56.257913806706377        4.2084554128290801E-006   0.0000000000000000        5.9944869302620088E-087   3.4902330202207386E-005  0.15638536534733627       0.58859624204839023        0.0000000000000000        0.0000000000000000        11482.034940334494        9162.2428205863962        579.18366202247910       -0.0000000000000000     
   2754.2287033381804        1.9710894318686764E-002   5.7922858567272799E-002   1518.1276506989284        1.4105966647118082E-002   2.0296073172441705E-009   150.14920367324257        3.8020233878468010E-003   3.2680756390225348E-004   7.7860144110267954E-002   6.2465321825108666E-011  0.13958502606538756        1668.3667911874202        0.0000000000000000        28702.864628304564        3.8813032386461641        71.769726338572099        1.5446505980305805E-005   0.0000000000000000        1.1023262816614526E-088   4.4608211124157074E-005  0.19883150878752098       0.74935812866680229        0.0000000000000000        0.0000000000000000        15133.956579516303        12652.970420055162        992.53933760935820       -0.0000000000000000     
   3630.7805477010324        1.9131270774189031E-002   6.2054553855383082E-002   2001.2850645174026        2.4217112693303122E-002   2.4440770386782776E-009   197.93614576872423        4.0658061663680434E-003   5.3745638256222470E-004  0.10253301942579392        1.8558606727072700E-010  0.16865337944754505        2199.3357648715350        0.0000000000000000        38988.703981318366        4.6945461801341350        91.651876490348442        5.6950771406489178E-005   0.0000000000000000        3.7336545082004634E-090   5.9329430433221293E-005  0.25404310199641117       0.95850063266451802        0.0000000000000000        0.0000000000000000        19947.817645919687        17434.455800498952        1703.9907716167063       -0.0000000000000000     
   4786.3009232264094        1.8655410442574065E-002   6.6130507298458402E-002   2638.2037389275479        4.1652609628451069E-002   2.9635860081054494E-009   260.93169158340766        4.3261579819878371E-003   8.8964870149092128E-004  0.13498370027147796        5.5225696095170481E-010  0.20544036555192419        2899.2891923954930        0.0000000000000000        53055.368517924908        5.9592973370010673        117.07253105163500        2.1085157045240812E-004   0.0000000000000000        2.4784399019021147E-091   8.2321008393227641E-005  0.32617867079521845        1.2317695348063920        0.0000000000000000        0.0000000000000000        26293.461830905497        23955.693415243597        2930.8061336420601       -0.0000000000000000     
   6309.5734448019684        1.8275847902186795E-002   7.0097200498463630E-002   3477.8132057687089        7.1774105955454970E-002   3.6229568855610821E-009   343.97608389487499        4.5798252134417105E-003   1.4822532525698769E-003  0.17763370370350620        1.6459091082196399E-009  0.25231072941541155        3822.0075149012068        0.0000000000000000        72357.193201115952        7.9687086712216386        149.47929164320817        7.8354773105755531E-004   0.0000000000000000        3.3923489924585270E-092   1.1940520043195429E-004  0.42083655153746113        1.5903521591831427        0.0000000000000000        0.0000000000000000        34658.497799383695        32807.916347164210        5050.2475558515207       -0.0000000000000000     
   8317.6377110267604        1.7986253860792206E-002   7.3913800284605993E-002   4584.6106045107636       0.12390756842612269        4.4688356665390585E-009   453.45000350345140        4.8243795703810152E-003   2.4850949403965980E-003  0.23363571955740642        4.9123990365386970E-009  0.31237389941239341        5038.3871613309220        0.0000000000000000        98965.795299956691        11.255786641414153        190.70220609065737        2.9209314265940629E-003   0.0000000000000000        9.9442911200915501E-093   1.8133810433652314E-004  0.54557639987228412        2.0628424327770722        0.0000000000000000        0.0000000000000000        45685.811254570683        44766.048932885744        8718.5188344094149       -0.0000000000000000     
   10964.781961431918        1.7781543202465399E-002   7.7559760171882375E-002   6043.6117797450433       0.21430245122783378        5.5636347749814877E-009   597.76482378639241        5.0587012418686662E-003   4.1901234002718673E-003  0.30707772322069998        1.4680137126803529E-008  0.38969618463445099        6641.8878268953058        0.0000000000000000        135881.74135034750        16.826882693205235        243.21137627396206        1.0915867127461617E-002   0.0000000000000000        6.4106379826894164E-093   2.8870752682080348E-004  0.71064586384936679        2.6879746583617541        0.0000000000000000        0.0000000000000000        60223.035186847890        60843.193922104947        15078.981704043113       -0.0000000000000000     
   14454.397707459368        1.7658206767941005E-002   8.1041586912937377E-002   7966.8755219573050       0.37132265209904469        6.9908412413650097E-009   788.00889228256221        5.2834136053195252E-003   7.0983123742216995E-003  0.40323259936756450        4.3914750310676372E-008  0.48955759988582143        8755.7133845445842        0.0000000000000000        187536.42666029136        26.662035962938333        310.81209606639572        4.0866152561893757E-002   0.0000000000000000        9.2661770088958823E-093   4.8249553229784506E-004  0.93000747643173942        3.5184792220521119        0.0000000000000000        0.0000000000000000        79387.798906335869        82363.212569213400        26127.407527156814       -0.0000000000000000     
   19054.607179632600        1.7614789380248106E-002   8.4397736545520019E-002   10502.099624741082       0.64457518833990124        8.8621856829768693E-009   1038.7994959880475        5.5012017153509667E-003   1.2064936724955302E-002  0.52885647914599332        1.3146184069841267E-007  0.61875541740686435        11542.278170044070        0.0000000000000000        260614.72517607181        44.836865457358726        400.50373792216755       0.15315250459457433        0.0000000000000000        3.0588882903158617E-092   8.4791326762822682E-004   1.2228105078490057        4.6265962420226217        0.0000000000000000        0.0000000000000000        104653.80173669905        111058.00002156927        45354.299104699799       -0.0000000000000000     
   25118.864315095976        1.7652421711893108E-002   8.7701019303919756E-002   13843.944567359857        1.1210099941516398        1.1327382822577356E-008   1369.4059706255143        5.7169685536665260E-003   2.0537150263554713E-002  0.69253593086592469        3.9367291163853105E-007  0.78595391872351095        15215.685975961531        0.0000000000000000        365424.03723172139        80.163676942809914        527.29872800463704       0.57418672129840997        0.0000000000000000        2.3609315792228278E-091   1.5709113067578914E-003   1.6155280002586589        6.1120593035436430        0.0000000000000000        0.0000000000000000        137964.37669506849        149197.74876515786        78877.722093300006       -0.0000000000000000     
   33113.112148259344        1.7775323776091680E-002   9.1058482625286222E-002   18248.946513759034        1.9534061500144435        1.4587482149261492E-008   1805.2302472170256        5.9378120942631153E-003   3.4931313433120809E-002  0.90508142103217415        1.1787794139890941E-006   1.0020777157517236        20058.180569570810        0.0000000000000000        518203.01941120514        152.73914182776446        726.33029618764238        2.1523950189215446        0.0000000000000000        4.4013221238078351E-090   3.0795106653827170E-003   2.1450938131257229        8.1137778272927967        0.0000000000000000        0.0000000000000000        181882.35032107186        199764.53966731791        137447.68399927384       -0.0000000000000000     
   43651.583224016918        1.7991225836707606E-002   9.4609224150280863E-002   24055.150424946143        3.4109496196809905        1.8913383505736144E-008   2379.7585927838377        6.1728173035653791E-003   5.9210562812384820E-002   1.1799655849678590        3.5276917618110245E-006   1.2807476264217053        26441.831699010796        0.0000000000000000        745059.78722878883        311.08122486010404        1082.4828042137551        8.0646610972345556        0.0000000000000000        2.0665972139624146E-088   6.4180521655486421E-003   2.8635490488646052        10.827075586314457        0.0000000000000000        0.0000000000000000        239787.83568206377        266682.37949063274        240004.93981238341       -0.0000000000000000     
   57543.993733716139        1.8311694004099995E-002   9.8520792713486696E-002   31707.944641981263        5.9693578985240858        2.4671907294069032E-008   3137.1345058237630        6.4326190707773932E-003   9.9730796946149197E-002   1.5338156140351016        1.0546491714619466E-005   1.6387690258193657        34857.122817013857        0.0000000000000000        1088752.7934228247        679.55997343262084        1801.4022663083376        30.200117129215840        0.0000000000000000        2.5619745786746682E-086   1.4300105572155015E-002   3.8449748227194895        14.529297919103481        0.0000000000000000        0.0000000000000000        316139.34040136245        355120.72655538563        420022.44034546590       -0.0000000000000000     
   75857.757502918976        1.8752384891093238E-002  0.10298486271179561        41794.032780066009        10.472046692616631        3.2363164319152567E-008   4135.5504533835247        6.7285559074895043E-003  0.16642078553498921        1.9869951966988972        3.1484770244003485E-005   2.0967086153181822        45950.637040253387        0.0000000000000000        1620445.5841808252        1597.3125072244254        3376.9543971501525        113.05213678133464        0.0000000000000000        8.7641256868545305E-084   3.4265445959324119E-002   5.1959042848904273        19.618068656322279        0.0000000000000000        0.0000000000000000        416818.52916567022        471893.95605505444        736845.51705837960       -0.0000000000000000     
   100000.00000000081        1.9333279896469317E-002  0.10821285104951285        55086.063972216230        18.419305711926874        4.2674991067673814E-008   5451.7190519255319        7.0708562139258574E-003  0.27435098720062495        2.5643518205487781        9.3826757114224226E-005   2.6796355278122168        60574.736919272873        0.0000000000000000        2460124.3831203291        4048.3363962439726        6981.2592082478714        423.27719866979629        0.0000000000000000        8.5231802322127884E-081   8.8793609640204954E-002   7.0710475325203435        26.668710862889959        0.0000000000000000        0.0000000000000000        549585.54246053274        625986.40567520238        1296039.1831264712       -0.0000000000000000     
