{
 "cells": [
  {
   "cell_type": "code",
   "execution_count": 25,
   "metadata": {},
   "outputs": [],
   "source": [
    "# coding: UTF-8\n",
    "from PIL import Image\n",
    "import numpy as np\n",
    "import matplotlib.pyplot as plt\n",
    "import h5py\n",
    "import csv\n",
    "import math\n",
    "import pandas as pd\n",
    "from matplotlib.backends.backend_pdf import PdfPages\n",
    "import matplotlib.animation as animation\n",
    "from matplotlib.animation import ArtistAnimation\n",
    "\n",
    "nx=128+4\n",
    "ny=128+4\n",
    "nz=128+4\n",
    "nd=19\n",
    "nloop=100+1\n",
    "step=20\n"
   ]
  },
  {
   "cell_type": "code",
   "execution_count": 26,
   "metadata": {},
   "outputs": [
    {
     "name": "stderr",
     "output_type": "stream",
     "text": [
      "/Users/maeda/.pyenv/versions/anaconda3-2019.10/lib/python3.7/site-packages/h5py/_hl/dataset.py:313: H5pyDeprecationWarning: dataset.value has been deprecated. Use dataset[()] instead.\n",
      "  \"Use dataset[()] instead.\", H5pyDeprecationWarning)\n"
     ]
    },
    {
     "data": {
      "text/plain": [
       "array([[[6.4371533, 6.4313755, 6.4256063, ..., 6.4256063, 6.4313755,\n",
       "         6.4371533],\n",
       "        [6.4313755, 6.4254107, 6.4194503, ..., 6.4194503, 6.4254107,\n",
       "         6.4313755],\n",
       "        [6.4256063, 6.4194503, 6.4132943, ..., 6.4132943, 6.4194503,\n",
       "         6.4256063],\n",
       "        ...,\n",
       "        [6.4256063, 6.4194503, 6.4132943, ..., 6.4132943, 6.4194503,\n",
       "         6.4256063],\n",
       "        [6.4313755, 6.4254107, 6.4194503, ..., 6.4194503, 6.4254107,\n",
       "         6.4313755],\n",
       "        [6.4371533, 6.4313755, 6.4256063, ..., 6.4256063, 6.4313755,\n",
       "         6.4371533]],\n",
       "\n",
       "       [[6.4313755, 6.4254107, 6.4194503, ..., 6.4194503, 6.4254107,\n",
       "         6.4313755],\n",
       "        [6.4254107, 6.419248 , 6.4130855, ..., 6.4130855, 6.419248 ,\n",
       "         6.4254107],\n",
       "        [6.4194503, 6.4130855, 6.4067163, ..., 6.4067163, 6.4130855,\n",
       "         6.4194503],\n",
       "        ...,\n",
       "        [6.4194503, 6.4130855, 6.4067163, ..., 6.4067163, 6.4130855,\n",
       "         6.4194503],\n",
       "        [6.4254107, 6.419248 , 6.4130855, ..., 6.4130855, 6.419248 ,\n",
       "         6.4254107],\n",
       "        [6.4313755, 6.4254107, 6.4194503, ..., 6.4194503, 6.4254107,\n",
       "         6.4313755]],\n",
       "\n",
       "       [[6.4256063, 6.4194503, 6.4132943, ..., 6.4132943, 6.4194503,\n",
       "         6.4256063],\n",
       "        [6.4194503, 6.4130855, 6.4067163, ..., 6.4067163, 6.4130855,\n",
       "         6.4194503],\n",
       "        [6.4132943, 6.4067163, 6.4001293, ..., 6.4001293, 6.4067163,\n",
       "         6.4132943],\n",
       "        ...,\n",
       "        [6.4132943, 6.4067163, 6.4001293, ..., 6.4001293, 6.4067163,\n",
       "         6.4132943],\n",
       "        [6.4194503, 6.4130855, 6.4067163, ..., 6.4067163, 6.4130855,\n",
       "         6.4194503],\n",
       "        [6.4256063, 6.4194503, 6.4132943, ..., 6.4132943, 6.4194503,\n",
       "         6.4256063]],\n",
       "\n",
       "       ...,\n",
       "\n",
       "       [[6.4256063, 6.4194503, 6.4132943, ..., 6.4132943, 6.4194503,\n",
       "         6.4256063],\n",
       "        [6.4194503, 6.4130855, 6.4067163, ..., 6.4067163, 6.4130855,\n",
       "         6.4194503],\n",
       "        [6.4132943, 6.4067163, 6.4001293, ..., 6.4001293, 6.4067163,\n",
       "         6.4132943],\n",
       "        ...,\n",
       "        [6.4132943, 6.4067163, 6.4001293, ..., 6.4001293, 6.4067163,\n",
       "         6.4132943],\n",
       "        [6.4194503, 6.4130855, 6.4067163, ..., 6.4067163, 6.4130855,\n",
       "         6.4194503],\n",
       "        [6.4256063, 6.4194503, 6.4132943, ..., 6.4132943, 6.4194503,\n",
       "         6.4256063]],\n",
       "\n",
       "       [[6.4313755, 6.4254107, 6.4194503, ..., 6.4194503, 6.4254107,\n",
       "         6.4313755],\n",
       "        [6.4254107, 6.419248 , 6.4130855, ..., 6.4130855, 6.419248 ,\n",
       "         6.4254107],\n",
       "        [6.4194503, 6.4130855, 6.4067163, ..., 6.4067163, 6.4130855,\n",
       "         6.4194503],\n",
       "        ...,\n",
       "        [6.4194503, 6.4130855, 6.4067163, ..., 6.4067163, 6.4130855,\n",
       "         6.4194503],\n",
       "        [6.4254107, 6.419248 , 6.4130855, ..., 6.4130855, 6.419248 ,\n",
       "         6.4254107],\n",
       "        [6.4313755, 6.4254107, 6.4194503, ..., 6.4194503, 6.4254107,\n",
       "         6.4313755]],\n",
       "\n",
       "       [[6.4371533, 6.4313755, 6.4256063, ..., 6.4256063, 6.4313755,\n",
       "         6.4371533],\n",
       "        [6.4313755, 6.4254107, 6.4194503, ..., 6.4194503, 6.4254107,\n",
       "         6.4313755],\n",
       "        [6.4256063, 6.4194503, 6.4132943, ..., 6.4132943, 6.4194503,\n",
       "         6.4256063],\n",
       "        ...,\n",
       "        [6.4256063, 6.4194503, 6.4132943, ..., 6.4132943, 6.4194503,\n",
       "         6.4256063],\n",
       "        [6.4313755, 6.4254107, 6.4194503, ..., 6.4194503, 6.4254107,\n",
       "         6.4313755],\n",
       "        [6.4371533, 6.4313755, 6.4256063, ..., 6.4256063, 6.4313755,\n",
       "         6.4371533]]], dtype=float32)"
      ]
     },
     "execution_count": 26,
     "metadata": {},
     "output_type": "execute_result"
    }
   ],
   "source": [
    "input_file  = '/Users/maeda/Desktop/Dropbox/analysis/telegraph-test-3D-shusoku/telegraph-64-1000st-T10-cg1-L100/NAllHDF001.h5'\n",
    "\n",
    "'''\n",
    "data = np.loadtxt(dir53+'NAllHDF001.h5', delimiter=',', unpack=True ,dtype='float')\n",
    "a = np.arange(nd)\n",
    "#a\n",
    "print(data.shape)\n",
    "rdata = np.reshape(data[a, :], (nd, ny ,nx))\n",
    "rdata[0,:,:]\n",
    "#rdata.transpose(0,2, 1)\n",
    "\n",
    "err=rdata[6,:,:]-rdata[12,:,:]\n",
    "rms = np.sqrt(np.mean(err*err))\n",
    "\n",
    "rms\n",
    "'''\n",
    "\n",
    "\n",
    "h5file = h5py.File(input_file,\"r\")\n",
    "#fig, (ax_random, ax_spectrum) = plt.subplots(1,2,figsize = (14,5.5))\n",
    "\n",
    "#for sample_frequency in np.array([10.,100,1000.]):\n",
    "    \n",
    "folder1=\"Phiwv\"  #+ str(np.int(sample_frequency)) \n",
    "folder2=\"Phiexa\"  #+ str(np.int(sample_frequency)) \n",
    "    \n",
    "#データ読み込み\n",
    "Phiwv1  = h5file[folder1+\"/Phiwv1\"].value \n",
    "Phiexa  = h5file[folder2+\"/Phiexa\"].value \n",
    "#spectrum = h5file[folder+\"/spectrum\"].value\n",
    "    \n",
    "#plot\n",
    "#ti = np.arange(0,100.,1)/sample_frequency\n",
    "#ax_random.plot(ti,random,'o')\n",
    "#ax_spectrum.plot(np.abs(spectrum))\n",
    "\n",
    "Phiwv1\n",
    "Phiexa"
   ]
  },
  {
   "cell_type": "code",
   "execution_count": 28,
   "metadata": {},
   "outputs": [
    {
     "name": "stderr",
     "output_type": "stream",
     "text": [
      "/Users/maeda/.pyenv/versions/anaconda3-2019.10/lib/python3.7/site-packages/h5py/_hl/dataset.py:313: H5pyDeprecationWarning: dataset.value has been deprecated. Use dataset[()] instead.\n",
      "  \"Use dataset[()] instead.\", H5pyDeprecationWarning)\n"
     ]
    },
    {
     "ename": "RuntimeError",
     "evalue": "latex was not able to process the following string:\nb'lp'\n\nHere is the full report generated by latex:\nThis is pdfTeX, Version 3.14159265-2.6-1.40.21 (TeX Live 2020) (preloaded format=latex)\n restricted \\write18 enabled.\nentering extended mode\n(/Users/maeda/.matplotlib/tex.cache/c99befe9a1c97fca3d27815aae7b178b.tex\nLaTeX2e <2020-02-02> patch level 5\nL3 programming layer <2020-03-06>\n(/usr/local/texlive/2020basic/texmf-dist/tex/latex/base/article.cls\nDocument Class: article 2019/12/20 v1.4l Standard LaTeX document class\n(/usr/local/texlive/2020basic/texmf-dist/tex/latex/base/size10.clo))\n\n! LaTeX Error: File `type1cm.sty' not found.\n\nType X to quit or <RETURN> to proceed,\nor enter new name. (Default extension: sty)\n\nEnter file name: \n! Emergency stop.\n<read *> \n         \nl.4 ^^M\n       \nNo pages of output.\nTranscript written on c99befe9a1c97fca3d27815aae7b178b.log.\n\n\n",
     "output_type": "error",
     "traceback": [
      "\u001b[0;31m---------------------------------------------------------------------------\u001b[0m",
      "\u001b[0;31mCalledProcessError\u001b[0m                        Traceback (most recent call last)",
      "\u001b[0;32m~/.pyenv/versions/anaconda3-2019.10/lib/python3.7/site-packages/matplotlib/texmanager.py\u001b[0m in \u001b[0;36m_run_checked_subprocess\u001b[0;34m(self, command, tex)\u001b[0m\n\u001b[1;32m    303\u001b[0m                                              \u001b[0mcwd\u001b[0m\u001b[0;34m=\u001b[0m\u001b[0mself\u001b[0m\u001b[0;34m.\u001b[0m\u001b[0mtexcache\u001b[0m\u001b[0;34m,\u001b[0m\u001b[0;34m\u001b[0m\u001b[0;34m\u001b[0m\u001b[0m\n\u001b[0;32m--> 304\u001b[0;31m                                              stderr=subprocess.STDOUT)\n\u001b[0m\u001b[1;32m    305\u001b[0m         \u001b[0;32mexcept\u001b[0m \u001b[0mFileNotFoundError\u001b[0m \u001b[0;32mas\u001b[0m \u001b[0mexc\u001b[0m\u001b[0;34m:\u001b[0m\u001b[0;34m\u001b[0m\u001b[0;34m\u001b[0m\u001b[0m\n",
      "\u001b[0;32m~/.pyenv/versions/anaconda3-2019.10/lib/python3.7/subprocess.py\u001b[0m in \u001b[0;36mcheck_output\u001b[0;34m(timeout, *popenargs, **kwargs)\u001b[0m\n\u001b[1;32m    394\u001b[0m     return run(*popenargs, stdout=PIPE, timeout=timeout, check=True,\n\u001b[0;32m--> 395\u001b[0;31m                **kwargs).stdout\n\u001b[0m\u001b[1;32m    396\u001b[0m \u001b[0;34m\u001b[0m\u001b[0m\n",
      "\u001b[0;32m~/.pyenv/versions/anaconda3-2019.10/lib/python3.7/subprocess.py\u001b[0m in \u001b[0;36mrun\u001b[0;34m(input, capture_output, timeout, check, *popenargs, **kwargs)\u001b[0m\n\u001b[1;32m    486\u001b[0m             raise CalledProcessError(retcode, process.args,\n\u001b[0;32m--> 487\u001b[0;31m                                      output=stdout, stderr=stderr)\n\u001b[0m\u001b[1;32m    488\u001b[0m     \u001b[0;32mreturn\u001b[0m \u001b[0mCompletedProcess\u001b[0m\u001b[0;34m(\u001b[0m\u001b[0mprocess\u001b[0m\u001b[0;34m.\u001b[0m\u001b[0margs\u001b[0m\u001b[0;34m,\u001b[0m \u001b[0mretcode\u001b[0m\u001b[0;34m,\u001b[0m \u001b[0mstdout\u001b[0m\u001b[0;34m,\u001b[0m \u001b[0mstderr\u001b[0m\u001b[0;34m)\u001b[0m\u001b[0;34m\u001b[0m\u001b[0;34m\u001b[0m\u001b[0m\n",
      "\u001b[0;31mCalledProcessError\u001b[0m: Command '['latex', '-interaction=nonstopmode', '--halt-on-error', '/Users/maeda/.matplotlib/tex.cache/c99befe9a1c97fca3d27815aae7b178b.tex']' returned non-zero exit status 1.",
      "\nThe above exception was the direct cause of the following exception:\n",
      "\u001b[0;31mRuntimeError\u001b[0m                              Traceback (most recent call last)",
      "\u001b[0;32m<ipython-input-28-6532aafaa28c>\u001b[0m in \u001b[0;36m<module>\u001b[0;34m\u001b[0m\n\u001b[1;32m    154\u001b[0m \u001b[0mplt\u001b[0m\u001b[0;34m.\u001b[0m\u001b[0mlegend\u001b[0m\u001b[0;34m(\u001b[0m\u001b[0mbbox_to_anchor\u001b[0m\u001b[0;34m=\u001b[0m\u001b[0;34m(\u001b[0m\u001b[0;36m1\u001b[0m\u001b[0;34m,\u001b[0m \u001b[0;36m1\u001b[0m\u001b[0;34m)\u001b[0m\u001b[0;34m,\u001b[0m \u001b[0mloc\u001b[0m\u001b[0;34m=\u001b[0m\u001b[0;34m'upper right'\u001b[0m\u001b[0;34m,\u001b[0m \u001b[0mborderaxespad\u001b[0m\u001b[0;34m=\u001b[0m\u001b[0;36m0\u001b[0m\u001b[0;34m,\u001b[0m \u001b[0mfontsize\u001b[0m\u001b[0;34m=\u001b[0m\u001b[0;36m9\u001b[0m\u001b[0;34m,\u001b[0m\u001b[0mframeon\u001b[0m\u001b[0;34m=\u001b[0m\u001b[0;32mFalse\u001b[0m\u001b[0;34m)\u001b[0m\u001b[0;34m\u001b[0m\u001b[0;34m\u001b[0m\u001b[0m\n\u001b[1;32m    155\u001b[0m \u001b[0;34m\u001b[0m\u001b[0m\n\u001b[0;32m--> 156\u001b[0;31m \u001b[0mfig\u001b[0m\u001b[0;34m.\u001b[0m\u001b[0mtight_layout\u001b[0m\u001b[0;34m(\u001b[0m\u001b[0;34m)\u001b[0m\u001b[0;34m\u001b[0m\u001b[0;34m\u001b[0m\u001b[0m\n\u001b[0m\u001b[1;32m    157\u001b[0m \u001b[0;31m#グラフ表示\u001b[0m\u001b[0;34m\u001b[0m\u001b[0;34m\u001b[0m\u001b[0;34m\u001b[0m\u001b[0m\n\u001b[1;32m    158\u001b[0m \u001b[0mplt\u001b[0m\u001b[0;34m.\u001b[0m\u001b[0mshow\u001b[0m\u001b[0;34m(\u001b[0m\u001b[0;34m)\u001b[0m\u001b[0;34m\u001b[0m\u001b[0;34m\u001b[0m\u001b[0m\n",
      "\u001b[0;32m~/.pyenv/versions/anaconda3-2019.10/lib/python3.7/site-packages/matplotlib/figure.py\u001b[0m in \u001b[0;36mtight_layout\u001b[0;34m(self, renderer, pad, h_pad, w_pad, rect)\u001b[0m\n\u001b[1;32m   2474\u001b[0m         kwargs = get_tight_layout_figure(\n\u001b[1;32m   2475\u001b[0m             \u001b[0mself\u001b[0m\u001b[0;34m,\u001b[0m \u001b[0mself\u001b[0m\u001b[0;34m.\u001b[0m\u001b[0maxes\u001b[0m\u001b[0;34m,\u001b[0m \u001b[0msubplotspec_list\u001b[0m\u001b[0;34m,\u001b[0m \u001b[0mrenderer\u001b[0m\u001b[0;34m,\u001b[0m\u001b[0;34m\u001b[0m\u001b[0;34m\u001b[0m\u001b[0m\n\u001b[0;32m-> 2476\u001b[0;31m             pad=pad, h_pad=h_pad, w_pad=w_pad, rect=rect)\n\u001b[0m\u001b[1;32m   2477\u001b[0m         \u001b[0;32mif\u001b[0m \u001b[0mkwargs\u001b[0m\u001b[0;34m:\u001b[0m\u001b[0;34m\u001b[0m\u001b[0;34m\u001b[0m\u001b[0m\n\u001b[1;32m   2478\u001b[0m             \u001b[0mself\u001b[0m\u001b[0;34m.\u001b[0m\u001b[0msubplots_adjust\u001b[0m\u001b[0;34m(\u001b[0m\u001b[0;34m**\u001b[0m\u001b[0mkwargs\u001b[0m\u001b[0;34m)\u001b[0m\u001b[0;34m\u001b[0m\u001b[0;34m\u001b[0m\u001b[0m\n",
      "\u001b[0;32m~/.pyenv/versions/anaconda3-2019.10/lib/python3.7/site-packages/matplotlib/tight_layout.py\u001b[0m in \u001b[0;36mget_tight_layout_figure\u001b[0;34m(fig, axes_list, subplotspec_list, renderer, pad, h_pad, w_pad, rect)\u001b[0m\n\u001b[1;32m    360\u001b[0m                                      \u001b[0msubplot_list\u001b[0m\u001b[0;34m=\u001b[0m\u001b[0msubplot_list\u001b[0m\u001b[0;34m,\u001b[0m\u001b[0;34m\u001b[0m\u001b[0;34m\u001b[0m\u001b[0m\n\u001b[1;32m    361\u001b[0m                                      \u001b[0max_bbox_list\u001b[0m\u001b[0;34m=\u001b[0m\u001b[0max_bbox_list\u001b[0m\u001b[0;34m,\u001b[0m\u001b[0;34m\u001b[0m\u001b[0;34m\u001b[0m\u001b[0m\n\u001b[0;32m--> 362\u001b[0;31m                                      pad=pad, h_pad=h_pad, w_pad=w_pad)\n\u001b[0m\u001b[1;32m    363\u001b[0m \u001b[0;34m\u001b[0m\u001b[0m\n\u001b[1;32m    364\u001b[0m     \u001b[0;31m# kwargs can be none if tight_layout fails...\u001b[0m\u001b[0;34m\u001b[0m\u001b[0;34m\u001b[0m\u001b[0;34m\u001b[0m\u001b[0m\n",
      "\u001b[0;32m~/.pyenv/versions/anaconda3-2019.10/lib/python3.7/site-packages/matplotlib/tight_layout.py\u001b[0m in \u001b[0;36mauto_adjust_subplotpars\u001b[0;34m(fig, renderer, nrows_ncols, num1num2_list, subplot_list, ax_bbox_list, pad, h_pad, w_pad, rect)\u001b[0m\n\u001b[1;32m    109\u001b[0m             \u001b[0;32mcontinue\u001b[0m\u001b[0;34m\u001b[0m\u001b[0;34m\u001b[0m\u001b[0m\n\u001b[1;32m    110\u001b[0m \u001b[0;34m\u001b[0m\u001b[0m\n\u001b[0;32m--> 111\u001b[0;31m         tight_bbox_raw = union([ax.get_tightbbox(renderer) for ax in subplots\n\u001b[0m\u001b[1;32m    112\u001b[0m                                 if ax.get_visible()])\n\u001b[1;32m    113\u001b[0m         tight_bbox = TransformedBbox(tight_bbox_raw,\n",
      "\u001b[0;32m~/.pyenv/versions/anaconda3-2019.10/lib/python3.7/site-packages/matplotlib/tight_layout.py\u001b[0m in \u001b[0;36m<listcomp>\u001b[0;34m(.0)\u001b[0m\n\u001b[1;32m    110\u001b[0m \u001b[0;34m\u001b[0m\u001b[0m\n\u001b[1;32m    111\u001b[0m         tight_bbox_raw = union([ax.get_tightbbox(renderer) for ax in subplots\n\u001b[0;32m--> 112\u001b[0;31m                                 if ax.get_visible()])\n\u001b[0m\u001b[1;32m    113\u001b[0m         tight_bbox = TransformedBbox(tight_bbox_raw,\n\u001b[1;32m    114\u001b[0m                                      fig.transFigure.inverted())\n",
      "\u001b[0;32m~/.pyenv/versions/anaconda3-2019.10/lib/python3.7/site-packages/matplotlib/axes/_base.py\u001b[0m in \u001b[0;36mget_tightbbox\u001b[0;34m(self, renderer, call_axes_locator, bbox_extra_artists)\u001b[0m\n\u001b[1;32m   4353\u001b[0m \u001b[0;34m\u001b[0m\u001b[0m\n\u001b[1;32m   4354\u001b[0m         \u001b[0;32mif\u001b[0m \u001b[0mself\u001b[0m\u001b[0;34m.\u001b[0m\u001b[0maxison\u001b[0m\u001b[0;34m:\u001b[0m\u001b[0;34m\u001b[0m\u001b[0;34m\u001b[0m\u001b[0m\n\u001b[0;32m-> 4355\u001b[0;31m             \u001b[0mbb_xaxis\u001b[0m \u001b[0;34m=\u001b[0m \u001b[0mself\u001b[0m\u001b[0;34m.\u001b[0m\u001b[0mxaxis\u001b[0m\u001b[0;34m.\u001b[0m\u001b[0mget_tightbbox\u001b[0m\u001b[0;34m(\u001b[0m\u001b[0mrenderer\u001b[0m\u001b[0;34m)\u001b[0m\u001b[0;34m\u001b[0m\u001b[0;34m\u001b[0m\u001b[0m\n\u001b[0m\u001b[1;32m   4356\u001b[0m             \u001b[0;32mif\u001b[0m \u001b[0mbb_xaxis\u001b[0m\u001b[0;34m:\u001b[0m\u001b[0;34m\u001b[0m\u001b[0;34m\u001b[0m\u001b[0m\n\u001b[1;32m   4357\u001b[0m                 \u001b[0mbb\u001b[0m\u001b[0;34m.\u001b[0m\u001b[0mappend\u001b[0m\u001b[0;34m(\u001b[0m\u001b[0mbb_xaxis\u001b[0m\u001b[0;34m)\u001b[0m\u001b[0;34m\u001b[0m\u001b[0;34m\u001b[0m\u001b[0m\n",
      "\u001b[0;32m~/.pyenv/versions/anaconda3-2019.10/lib/python3.7/site-packages/matplotlib/axis.py\u001b[0m in \u001b[0;36mget_tightbbox\u001b[0;34m(self, renderer)\u001b[0m\n\u001b[1;32m   1162\u001b[0m         \u001b[0mticks_to_draw\u001b[0m \u001b[0;34m=\u001b[0m \u001b[0mself\u001b[0m\u001b[0;34m.\u001b[0m\u001b[0m_update_ticks\u001b[0m\u001b[0;34m(\u001b[0m\u001b[0;34m)\u001b[0m\u001b[0;34m\u001b[0m\u001b[0;34m\u001b[0m\u001b[0m\n\u001b[1;32m   1163\u001b[0m \u001b[0;34m\u001b[0m\u001b[0m\n\u001b[0;32m-> 1164\u001b[0;31m         \u001b[0mself\u001b[0m\u001b[0;34m.\u001b[0m\u001b[0m_update_label_position\u001b[0m\u001b[0;34m(\u001b[0m\u001b[0mrenderer\u001b[0m\u001b[0;34m)\u001b[0m\u001b[0;34m\u001b[0m\u001b[0;34m\u001b[0m\u001b[0m\n\u001b[0m\u001b[1;32m   1165\u001b[0m \u001b[0;34m\u001b[0m\u001b[0m\n\u001b[1;32m   1166\u001b[0m         \u001b[0;31m# go back to just this axis's tick labels\u001b[0m\u001b[0;34m\u001b[0m\u001b[0;34m\u001b[0m\u001b[0;34m\u001b[0m\u001b[0m\n",
      "\u001b[0;32m~/.pyenv/versions/anaconda3-2019.10/lib/python3.7/site-packages/matplotlib/axis.py\u001b[0m in \u001b[0;36m_update_label_position\u001b[0;34m(self, renderer)\u001b[0m\n\u001b[1;32m   2012\u001b[0m         \u001b[0;31m# get bounding boxes for this axis and any siblings\u001b[0m\u001b[0;34m\u001b[0m\u001b[0;34m\u001b[0m\u001b[0;34m\u001b[0m\u001b[0m\n\u001b[1;32m   2013\u001b[0m         \u001b[0;31m# that have been set by `fig.align_xlabels()`\u001b[0m\u001b[0;34m\u001b[0m\u001b[0;34m\u001b[0m\u001b[0;34m\u001b[0m\u001b[0m\n\u001b[0;32m-> 2014\u001b[0;31m         \u001b[0mbboxes\u001b[0m\u001b[0;34m,\u001b[0m \u001b[0mbboxes2\u001b[0m \u001b[0;34m=\u001b[0m \u001b[0mself\u001b[0m\u001b[0;34m.\u001b[0m\u001b[0m_get_tick_boxes_siblings\u001b[0m\u001b[0;34m(\u001b[0m\u001b[0mrenderer\u001b[0m\u001b[0;34m=\u001b[0m\u001b[0mrenderer\u001b[0m\u001b[0;34m)\u001b[0m\u001b[0;34m\u001b[0m\u001b[0;34m\u001b[0m\u001b[0m\n\u001b[0m\u001b[1;32m   2015\u001b[0m \u001b[0;34m\u001b[0m\u001b[0m\n\u001b[1;32m   2016\u001b[0m         \u001b[0mx\u001b[0m\u001b[0;34m,\u001b[0m \u001b[0my\u001b[0m \u001b[0;34m=\u001b[0m \u001b[0mself\u001b[0m\u001b[0;34m.\u001b[0m\u001b[0mlabel\u001b[0m\u001b[0;34m.\u001b[0m\u001b[0mget_position\u001b[0m\u001b[0;34m(\u001b[0m\u001b[0;34m)\u001b[0m\u001b[0;34m\u001b[0m\u001b[0;34m\u001b[0m\u001b[0m\n",
      "\u001b[0;32m~/.pyenv/versions/anaconda3-2019.10/lib/python3.7/site-packages/matplotlib/axis.py\u001b[0m in \u001b[0;36m_get_tick_boxes_siblings\u001b[0;34m(self, renderer)\u001b[0m\n\u001b[1;32m   1997\u001b[0m         \u001b[0;32mfor\u001b[0m \u001b[0mnn\u001b[0m\u001b[0;34m,\u001b[0m \u001b[0maxx\u001b[0m \u001b[0;32min\u001b[0m \u001b[0menumerate\u001b[0m\u001b[0;34m(\u001b[0m\u001b[0mgrp\u001b[0m\u001b[0;34m.\u001b[0m\u001b[0mget_siblings\u001b[0m\u001b[0;34m(\u001b[0m\u001b[0mself\u001b[0m\u001b[0;34m.\u001b[0m\u001b[0maxes\u001b[0m\u001b[0;34m)\u001b[0m\u001b[0;34m)\u001b[0m\u001b[0;34m:\u001b[0m\u001b[0;34m\u001b[0m\u001b[0;34m\u001b[0m\u001b[0m\n\u001b[1;32m   1998\u001b[0m             \u001b[0mticks_to_draw\u001b[0m \u001b[0;34m=\u001b[0m \u001b[0maxx\u001b[0m\u001b[0;34m.\u001b[0m\u001b[0mxaxis\u001b[0m\u001b[0;34m.\u001b[0m\u001b[0m_update_ticks\u001b[0m\u001b[0;34m(\u001b[0m\u001b[0;34m)\u001b[0m\u001b[0;34m\u001b[0m\u001b[0;34m\u001b[0m\u001b[0m\n\u001b[0;32m-> 1999\u001b[0;31m             \u001b[0mtlb\u001b[0m\u001b[0;34m,\u001b[0m \u001b[0mtlb2\u001b[0m \u001b[0;34m=\u001b[0m \u001b[0maxx\u001b[0m\u001b[0;34m.\u001b[0m\u001b[0mxaxis\u001b[0m\u001b[0;34m.\u001b[0m\u001b[0m_get_tick_bboxes\u001b[0m\u001b[0;34m(\u001b[0m\u001b[0mticks_to_draw\u001b[0m\u001b[0;34m,\u001b[0m \u001b[0mrenderer\u001b[0m\u001b[0;34m)\u001b[0m\u001b[0;34m\u001b[0m\u001b[0;34m\u001b[0m\u001b[0m\n\u001b[0m\u001b[1;32m   2000\u001b[0m             \u001b[0mbboxes\u001b[0m\u001b[0;34m.\u001b[0m\u001b[0mextend\u001b[0m\u001b[0;34m(\u001b[0m\u001b[0mtlb\u001b[0m\u001b[0;34m)\u001b[0m\u001b[0;34m\u001b[0m\u001b[0;34m\u001b[0m\u001b[0m\n\u001b[1;32m   2001\u001b[0m             \u001b[0mbboxes2\u001b[0m\u001b[0;34m.\u001b[0m\u001b[0mextend\u001b[0m\u001b[0;34m(\u001b[0m\u001b[0mtlb2\u001b[0m\u001b[0;34m)\u001b[0m\u001b[0;34m\u001b[0m\u001b[0;34m\u001b[0m\u001b[0m\n",
      "\u001b[0;32m~/.pyenv/versions/anaconda3-2019.10/lib/python3.7/site-packages/matplotlib/axis.py\u001b[0m in \u001b[0;36m_get_tick_bboxes\u001b[0;34m(self, ticks, renderer)\u001b[0m\n\u001b[1;32m   1148\u001b[0m         \u001b[0;34m\"\"\"Return lists of bboxes for ticks' label1's and label2's.\"\"\"\u001b[0m\u001b[0;34m\u001b[0m\u001b[0;34m\u001b[0m\u001b[0m\n\u001b[1;32m   1149\u001b[0m         return ([tick.label1.get_window_extent(renderer)\n\u001b[0;32m-> 1150\u001b[0;31m                  for tick in ticks if tick.label1.get_visible()],\n\u001b[0m\u001b[1;32m   1151\u001b[0m                 [tick.label2.get_window_extent(renderer)\n\u001b[1;32m   1152\u001b[0m                  for tick in ticks if tick.label2.get_visible()])\n",
      "\u001b[0;32m~/.pyenv/versions/anaconda3-2019.10/lib/python3.7/site-packages/matplotlib/axis.py\u001b[0m in \u001b[0;36m<listcomp>\u001b[0;34m(.0)\u001b[0m\n\u001b[1;32m   1148\u001b[0m         \u001b[0;34m\"\"\"Return lists of bboxes for ticks' label1's and label2's.\"\"\"\u001b[0m\u001b[0;34m\u001b[0m\u001b[0;34m\u001b[0m\u001b[0m\n\u001b[1;32m   1149\u001b[0m         return ([tick.label1.get_window_extent(renderer)\n\u001b[0;32m-> 1150\u001b[0;31m                  for tick in ticks if tick.label1.get_visible()],\n\u001b[0m\u001b[1;32m   1151\u001b[0m                 [tick.label2.get_window_extent(renderer)\n\u001b[1;32m   1152\u001b[0m                  for tick in ticks if tick.label2.get_visible()])\n",
      "\u001b[0;32m~/.pyenv/versions/anaconda3-2019.10/lib/python3.7/site-packages/matplotlib/text.py\u001b[0m in \u001b[0;36mget_window_extent\u001b[0;34m(self, renderer, dpi)\u001b[0m\n\u001b[1;32m    888\u001b[0m             \u001b[0;32mraise\u001b[0m \u001b[0mRuntimeError\u001b[0m\u001b[0;34m(\u001b[0m\u001b[0;34m'Cannot get window extent w/o renderer'\u001b[0m\u001b[0;34m)\u001b[0m\u001b[0;34m\u001b[0m\u001b[0;34m\u001b[0m\u001b[0m\n\u001b[1;32m    889\u001b[0m \u001b[0;34m\u001b[0m\u001b[0m\n\u001b[0;32m--> 890\u001b[0;31m         \u001b[0mbbox\u001b[0m\u001b[0;34m,\u001b[0m \u001b[0minfo\u001b[0m\u001b[0;34m,\u001b[0m \u001b[0mdescent\u001b[0m \u001b[0;34m=\u001b[0m \u001b[0mself\u001b[0m\u001b[0;34m.\u001b[0m\u001b[0m_get_layout\u001b[0m\u001b[0;34m(\u001b[0m\u001b[0mself\u001b[0m\u001b[0;34m.\u001b[0m\u001b[0m_renderer\u001b[0m\u001b[0;34m)\u001b[0m\u001b[0;34m\u001b[0m\u001b[0;34m\u001b[0m\u001b[0m\n\u001b[0m\u001b[1;32m    891\u001b[0m         \u001b[0mx\u001b[0m\u001b[0;34m,\u001b[0m \u001b[0my\u001b[0m \u001b[0;34m=\u001b[0m \u001b[0mself\u001b[0m\u001b[0;34m.\u001b[0m\u001b[0mget_unitless_position\u001b[0m\u001b[0;34m(\u001b[0m\u001b[0;34m)\u001b[0m\u001b[0;34m\u001b[0m\u001b[0;34m\u001b[0m\u001b[0m\n\u001b[1;32m    892\u001b[0m         \u001b[0mx\u001b[0m\u001b[0;34m,\u001b[0m \u001b[0my\u001b[0m \u001b[0;34m=\u001b[0m \u001b[0mself\u001b[0m\u001b[0;34m.\u001b[0m\u001b[0mget_transform\u001b[0m\u001b[0;34m(\u001b[0m\u001b[0;34m)\u001b[0m\u001b[0;34m.\u001b[0m\u001b[0mtransform_point\u001b[0m\u001b[0;34m(\u001b[0m\u001b[0;34m(\u001b[0m\u001b[0mx\u001b[0m\u001b[0;34m,\u001b[0m \u001b[0my\u001b[0m\u001b[0;34m)\u001b[0m\u001b[0;34m)\u001b[0m\u001b[0;34m\u001b[0m\u001b[0;34m\u001b[0m\u001b[0m\n",
      "\u001b[0;32m~/.pyenv/versions/anaconda3-2019.10/lib/python3.7/site-packages/matplotlib/text.py\u001b[0m in \u001b[0;36m_get_layout\u001b[0;34m(self, renderer)\u001b[0m\n\u001b[1;32m    289\u001b[0m         _, lp_h, lp_d = renderer.get_text_width_height_descent(\n\u001b[1;32m    290\u001b[0m             \u001b[0;34m\"lp\"\u001b[0m\u001b[0;34m,\u001b[0m \u001b[0mself\u001b[0m\u001b[0;34m.\u001b[0m\u001b[0m_fontproperties\u001b[0m\u001b[0;34m,\u001b[0m\u001b[0;34m\u001b[0m\u001b[0;34m\u001b[0m\u001b[0m\n\u001b[0;32m--> 291\u001b[0;31m             ismath=\"TeX\" if self.get_usetex() else False)\n\u001b[0m\u001b[1;32m    292\u001b[0m         \u001b[0mmin_dy\u001b[0m \u001b[0;34m=\u001b[0m \u001b[0;34m(\u001b[0m\u001b[0mlp_h\u001b[0m \u001b[0;34m-\u001b[0m \u001b[0mlp_d\u001b[0m\u001b[0;34m)\u001b[0m \u001b[0;34m*\u001b[0m \u001b[0mself\u001b[0m\u001b[0;34m.\u001b[0m\u001b[0m_linespacing\u001b[0m\u001b[0;34m\u001b[0m\u001b[0;34m\u001b[0m\u001b[0m\n\u001b[1;32m    293\u001b[0m \u001b[0;34m\u001b[0m\u001b[0m\n",
      "\u001b[0;32m~/.pyenv/versions/anaconda3-2019.10/lib/python3.7/site-packages/matplotlib/backends/backend_agg.py\u001b[0m in \u001b[0;36mget_text_width_height_descent\u001b[0;34m(self, s, prop, ismath)\u001b[0m\n\u001b[1;32m    199\u001b[0m             \u001b[0mfontsize\u001b[0m \u001b[0;34m=\u001b[0m \u001b[0mprop\u001b[0m\u001b[0;34m.\u001b[0m\u001b[0mget_size_in_points\u001b[0m\u001b[0;34m(\u001b[0m\u001b[0;34m)\u001b[0m\u001b[0;34m\u001b[0m\u001b[0;34m\u001b[0m\u001b[0m\n\u001b[1;32m    200\u001b[0m             w, h, d = texmanager.get_text_width_height_descent(\n\u001b[0;32m--> 201\u001b[0;31m                 s, fontsize, renderer=self)\n\u001b[0m\u001b[1;32m    202\u001b[0m             \u001b[0;32mreturn\u001b[0m \u001b[0mw\u001b[0m\u001b[0;34m,\u001b[0m \u001b[0mh\u001b[0m\u001b[0;34m,\u001b[0m \u001b[0md\u001b[0m\u001b[0;34m\u001b[0m\u001b[0;34m\u001b[0m\u001b[0m\n\u001b[1;32m    203\u001b[0m \u001b[0;34m\u001b[0m\u001b[0m\n",
      "\u001b[0;32m~/.pyenv/versions/anaconda3-2019.10/lib/python3.7/site-packages/matplotlib/texmanager.py\u001b[0m in \u001b[0;36mget_text_width_height_descent\u001b[0;34m(self, tex, fontsize, renderer)\u001b[0m\n\u001b[1;32m    446\u001b[0m         \u001b[0;32melse\u001b[0m\u001b[0;34m:\u001b[0m\u001b[0;34m\u001b[0m\u001b[0;34m\u001b[0m\u001b[0m\n\u001b[1;32m    447\u001b[0m             \u001b[0;31m# use dviread. It sometimes returns a wrong descent.\u001b[0m\u001b[0;34m\u001b[0m\u001b[0;34m\u001b[0m\u001b[0;34m\u001b[0m\u001b[0m\n\u001b[0;32m--> 448\u001b[0;31m             \u001b[0mdvifile\u001b[0m \u001b[0;34m=\u001b[0m \u001b[0mself\u001b[0m\u001b[0;34m.\u001b[0m\u001b[0mmake_dvi\u001b[0m\u001b[0;34m(\u001b[0m\u001b[0mtex\u001b[0m\u001b[0;34m,\u001b[0m \u001b[0mfontsize\u001b[0m\u001b[0;34m)\u001b[0m\u001b[0;34m\u001b[0m\u001b[0;34m\u001b[0m\u001b[0m\n\u001b[0m\u001b[1;32m    449\u001b[0m             \u001b[0;32mwith\u001b[0m \u001b[0mdviread\u001b[0m\u001b[0;34m.\u001b[0m\u001b[0mDvi\u001b[0m\u001b[0;34m(\u001b[0m\u001b[0mdvifile\u001b[0m\u001b[0;34m,\u001b[0m \u001b[0;36m72\u001b[0m \u001b[0;34m*\u001b[0m \u001b[0mdpi_fraction\u001b[0m\u001b[0;34m)\u001b[0m \u001b[0;32mas\u001b[0m \u001b[0mdvi\u001b[0m\u001b[0;34m:\u001b[0m\u001b[0;34m\u001b[0m\u001b[0;34m\u001b[0m\u001b[0m\n\u001b[1;32m    450\u001b[0m                 \u001b[0mpage\u001b[0m\u001b[0;34m,\u001b[0m \u001b[0;34m=\u001b[0m \u001b[0mdvi\u001b[0m\u001b[0;34m\u001b[0m\u001b[0;34m\u001b[0m\u001b[0m\n",
      "\u001b[0;32m~/.pyenv/versions/anaconda3-2019.10/lib/python3.7/site-packages/matplotlib/texmanager.py\u001b[0m in \u001b[0;36mmake_dvi\u001b[0;34m(self, tex, fontsize)\u001b[0m\n\u001b[1;32m    336\u001b[0m                 self._run_checked_subprocess(\n\u001b[1;32m    337\u001b[0m                     [\"latex\", \"-interaction=nonstopmode\", \"--halt-on-error\",\n\u001b[0;32m--> 338\u001b[0;31m                      texfile], tex)\n\u001b[0m\u001b[1;32m    339\u001b[0m             \u001b[0;32mfor\u001b[0m \u001b[0mfname\u001b[0m \u001b[0;32min\u001b[0m \u001b[0mglob\u001b[0m\u001b[0;34m.\u001b[0m\u001b[0mglob\u001b[0m\u001b[0;34m(\u001b[0m\u001b[0mbasefile\u001b[0m \u001b[0;34m+\u001b[0m \u001b[0;34m'*'\u001b[0m\u001b[0;34m)\u001b[0m\u001b[0;34m:\u001b[0m\u001b[0;34m\u001b[0m\u001b[0;34m\u001b[0m\u001b[0m\n\u001b[1;32m    340\u001b[0m                 \u001b[0;32mif\u001b[0m \u001b[0;32mnot\u001b[0m \u001b[0mfname\u001b[0m\u001b[0;34m.\u001b[0m\u001b[0mendswith\u001b[0m\u001b[0;34m(\u001b[0m\u001b[0;34m(\u001b[0m\u001b[0;34m'dvi'\u001b[0m\u001b[0;34m,\u001b[0m \u001b[0;34m'tex'\u001b[0m\u001b[0;34m)\u001b[0m\u001b[0;34m)\u001b[0m\u001b[0;34m:\u001b[0m\u001b[0;34m\u001b[0m\u001b[0;34m\u001b[0m\u001b[0m\n",
      "\u001b[0;32m~/.pyenv/versions/anaconda3-2019.10/lib/python3.7/site-packages/matplotlib/texmanager.py\u001b[0m in \u001b[0;36m_run_checked_subprocess\u001b[0;34m(self, command, tex)\u001b[0m\n\u001b[1;32m    315\u001b[0m                     \u001b[0mprog\u001b[0m\u001b[0;34m=\u001b[0m\u001b[0mcommand\u001b[0m\u001b[0;34m[\u001b[0m\u001b[0;36m0\u001b[0m\u001b[0;34m]\u001b[0m\u001b[0;34m,\u001b[0m\u001b[0;34m\u001b[0m\u001b[0;34m\u001b[0m\u001b[0m\n\u001b[1;32m    316\u001b[0m                     \u001b[0mtex\u001b[0m\u001b[0;34m=\u001b[0m\u001b[0mtex\u001b[0m\u001b[0;34m.\u001b[0m\u001b[0mencode\u001b[0m\u001b[0;34m(\u001b[0m\u001b[0;34m'unicode_escape'\u001b[0m\u001b[0;34m)\u001b[0m\u001b[0;34m,\u001b[0m\u001b[0;34m\u001b[0m\u001b[0;34m\u001b[0m\u001b[0m\n\u001b[0;32m--> 317\u001b[0;31m                     exc=exc.output.decode('utf-8'))) from exc\n\u001b[0m\u001b[1;32m    318\u001b[0m         \u001b[0m_log\u001b[0m\u001b[0;34m.\u001b[0m\u001b[0mdebug\u001b[0m\u001b[0;34m(\u001b[0m\u001b[0mreport\u001b[0m\u001b[0;34m)\u001b[0m\u001b[0;34m\u001b[0m\u001b[0;34m\u001b[0m\u001b[0m\n\u001b[1;32m    319\u001b[0m         \u001b[0;32mreturn\u001b[0m \u001b[0mreport\u001b[0m\u001b[0;34m\u001b[0m\u001b[0;34m\u001b[0m\u001b[0m\n",
      "\u001b[0;31mRuntimeError\u001b[0m: latex was not able to process the following string:\nb'lp'\n\nHere is the full report generated by latex:\nThis is pdfTeX, Version 3.14159265-2.6-1.40.21 (TeX Live 2020) (preloaded format=latex)\n restricted \\write18 enabled.\nentering extended mode\n(/Users/maeda/.matplotlib/tex.cache/c99befe9a1c97fca3d27815aae7b178b.tex\nLaTeX2e <2020-02-02> patch level 5\nL3 programming layer <2020-03-06>\n(/usr/local/texlive/2020basic/texmf-dist/tex/latex/base/article.cls\nDocument Class: article 2019/12/20 v1.4l Standard LaTeX document class\n(/usr/local/texlive/2020basic/texmf-dist/tex/latex/base/size10.clo))\n\n! LaTeX Error: File `type1cm.sty' not found.\n\nType X to quit or <RETURN> to proceed,\nor enter new name. (Default extension: sty)\n\nEnter file name: \n! Emergency stop.\n<read *> \n         \nl.4 ^^M\n       \nNo pages of output.\nTranscript written on c99befe9a1c97fca3d27815aae7b178b.log.\n\n\n"
     ]
    },
    {
     "name": "stdout",
     "output_type": "stream",
     "text": [
      "Error in callback <function install_repl_displayhook.<locals>.post_execute at 0x113492050> (for post_execute):\n"
     ]
    },
    {
     "ename": "RuntimeError",
     "evalue": "latex was not able to process the following string:\nb'lp'\n\nHere is the full report generated by latex:\nThis is pdfTeX, Version 3.14159265-2.6-1.40.21 (TeX Live 2020) (preloaded format=latex)\n restricted \\write18 enabled.\nentering extended mode\n(/Users/maeda/.matplotlib/tex.cache/c99befe9a1c97fca3d27815aae7b178b.tex\nLaTeX2e <2020-02-02> patch level 5\nL3 programming layer <2020-03-06>\n(/usr/local/texlive/2020basic/texmf-dist/tex/latex/base/article.cls\nDocument Class: article 2019/12/20 v1.4l Standard LaTeX document class\n(/usr/local/texlive/2020basic/texmf-dist/tex/latex/base/size10.clo))\n\n! LaTeX Error: File `type1cm.sty' not found.\n\nType X to quit or <RETURN> to proceed,\nor enter new name. (Default extension: sty)\n\nEnter file name: \n! Emergency stop.\n<read *> \n         \nl.4 ^^M\n       \nNo pages of output.\nTranscript written on c99befe9a1c97fca3d27815aae7b178b.log.\n\n\n",
     "output_type": "error",
     "traceback": [
      "\u001b[0;31m---------------------------------------------------------------------------\u001b[0m",
      "\u001b[0;31mCalledProcessError\u001b[0m                        Traceback (most recent call last)",
      "\u001b[0;32m~/.pyenv/versions/anaconda3-2019.10/lib/python3.7/site-packages/matplotlib/texmanager.py\u001b[0m in \u001b[0;36m_run_checked_subprocess\u001b[0;34m(self, command, tex)\u001b[0m\n\u001b[1;32m    303\u001b[0m                                              \u001b[0mcwd\u001b[0m\u001b[0;34m=\u001b[0m\u001b[0mself\u001b[0m\u001b[0;34m.\u001b[0m\u001b[0mtexcache\u001b[0m\u001b[0;34m,\u001b[0m\u001b[0;34m\u001b[0m\u001b[0;34m\u001b[0m\u001b[0m\n\u001b[0;32m--> 304\u001b[0;31m                                              stderr=subprocess.STDOUT)\n\u001b[0m\u001b[1;32m    305\u001b[0m         \u001b[0;32mexcept\u001b[0m \u001b[0mFileNotFoundError\u001b[0m \u001b[0;32mas\u001b[0m \u001b[0mexc\u001b[0m\u001b[0;34m:\u001b[0m\u001b[0;34m\u001b[0m\u001b[0;34m\u001b[0m\u001b[0m\n",
      "\u001b[0;32m~/.pyenv/versions/anaconda3-2019.10/lib/python3.7/subprocess.py\u001b[0m in \u001b[0;36mcheck_output\u001b[0;34m(timeout, *popenargs, **kwargs)\u001b[0m\n\u001b[1;32m    394\u001b[0m     return run(*popenargs, stdout=PIPE, timeout=timeout, check=True,\n\u001b[0;32m--> 395\u001b[0;31m                **kwargs).stdout\n\u001b[0m\u001b[1;32m    396\u001b[0m \u001b[0;34m\u001b[0m\u001b[0m\n",
      "\u001b[0;32m~/.pyenv/versions/anaconda3-2019.10/lib/python3.7/subprocess.py\u001b[0m in \u001b[0;36mrun\u001b[0;34m(input, capture_output, timeout, check, *popenargs, **kwargs)\u001b[0m\n\u001b[1;32m    486\u001b[0m             raise CalledProcessError(retcode, process.args,\n\u001b[0;32m--> 487\u001b[0;31m                                      output=stdout, stderr=stderr)\n\u001b[0m\u001b[1;32m    488\u001b[0m     \u001b[0;32mreturn\u001b[0m \u001b[0mCompletedProcess\u001b[0m\u001b[0;34m(\u001b[0m\u001b[0mprocess\u001b[0m\u001b[0;34m.\u001b[0m\u001b[0margs\u001b[0m\u001b[0;34m,\u001b[0m \u001b[0mretcode\u001b[0m\u001b[0;34m,\u001b[0m \u001b[0mstdout\u001b[0m\u001b[0;34m,\u001b[0m \u001b[0mstderr\u001b[0m\u001b[0;34m)\u001b[0m\u001b[0;34m\u001b[0m\u001b[0;34m\u001b[0m\u001b[0m\n",
      "\u001b[0;31mCalledProcessError\u001b[0m: Command '['latex', '-interaction=nonstopmode', '--halt-on-error', '/Users/maeda/.matplotlib/tex.cache/c99befe9a1c97fca3d27815aae7b178b.tex']' returned non-zero exit status 1.",
      "\nThe above exception was the direct cause of the following exception:\n",
      "\u001b[0;31mRuntimeError\u001b[0m                              Traceback (most recent call last)",
      "\u001b[0;32m~/.pyenv/versions/anaconda3-2019.10/lib/python3.7/site-packages/matplotlib/pyplot.py\u001b[0m in \u001b[0;36mpost_execute\u001b[0;34m()\u001b[0m\n\u001b[1;32m    107\u001b[0m             \u001b[0;32mdef\u001b[0m \u001b[0mpost_execute\u001b[0m\u001b[0;34m(\u001b[0m\u001b[0;34m)\u001b[0m\u001b[0;34m:\u001b[0m\u001b[0;34m\u001b[0m\u001b[0;34m\u001b[0m\u001b[0m\n\u001b[1;32m    108\u001b[0m                 \u001b[0;32mif\u001b[0m \u001b[0mmatplotlib\u001b[0m\u001b[0;34m.\u001b[0m\u001b[0mis_interactive\u001b[0m\u001b[0;34m(\u001b[0m\u001b[0;34m)\u001b[0m\u001b[0;34m:\u001b[0m\u001b[0;34m\u001b[0m\u001b[0;34m\u001b[0m\u001b[0m\n\u001b[0;32m--> 109\u001b[0;31m                     \u001b[0mdraw_all\u001b[0m\u001b[0;34m(\u001b[0m\u001b[0;34m)\u001b[0m\u001b[0;34m\u001b[0m\u001b[0;34m\u001b[0m\u001b[0m\n\u001b[0m\u001b[1;32m    110\u001b[0m \u001b[0;34m\u001b[0m\u001b[0m\n\u001b[1;32m    111\u001b[0m             \u001b[0;31m# IPython >= 2\u001b[0m\u001b[0;34m\u001b[0m\u001b[0;34m\u001b[0m\u001b[0;34m\u001b[0m\u001b[0m\n",
      "\u001b[0;32m~/.pyenv/versions/anaconda3-2019.10/lib/python3.7/site-packages/matplotlib/_pylab_helpers.py\u001b[0m in \u001b[0;36mdraw_all\u001b[0;34m(cls, force)\u001b[0m\n\u001b[1;32m    126\u001b[0m         \u001b[0;32mfor\u001b[0m \u001b[0mf_mgr\u001b[0m \u001b[0;32min\u001b[0m \u001b[0mcls\u001b[0m\u001b[0;34m.\u001b[0m\u001b[0mget_all_fig_managers\u001b[0m\u001b[0;34m(\u001b[0m\u001b[0;34m)\u001b[0m\u001b[0;34m:\u001b[0m\u001b[0;34m\u001b[0m\u001b[0;34m\u001b[0m\u001b[0m\n\u001b[1;32m    127\u001b[0m             \u001b[0;32mif\u001b[0m \u001b[0mforce\u001b[0m \u001b[0;32mor\u001b[0m \u001b[0mf_mgr\u001b[0m\u001b[0;34m.\u001b[0m\u001b[0mcanvas\u001b[0m\u001b[0;34m.\u001b[0m\u001b[0mfigure\u001b[0m\u001b[0;34m.\u001b[0m\u001b[0mstale\u001b[0m\u001b[0;34m:\u001b[0m\u001b[0;34m\u001b[0m\u001b[0;34m\u001b[0m\u001b[0m\n\u001b[0;32m--> 128\u001b[0;31m                 \u001b[0mf_mgr\u001b[0m\u001b[0;34m.\u001b[0m\u001b[0mcanvas\u001b[0m\u001b[0;34m.\u001b[0m\u001b[0mdraw_idle\u001b[0m\u001b[0;34m(\u001b[0m\u001b[0;34m)\u001b[0m\u001b[0;34m\u001b[0m\u001b[0;34m\u001b[0m\u001b[0m\n\u001b[0m\u001b[1;32m    129\u001b[0m \u001b[0;34m\u001b[0m\u001b[0m\n\u001b[1;32m    130\u001b[0m \u001b[0matexit\u001b[0m\u001b[0;34m.\u001b[0m\u001b[0mregister\u001b[0m\u001b[0;34m(\u001b[0m\u001b[0mGcf\u001b[0m\u001b[0;34m.\u001b[0m\u001b[0mdestroy_all\u001b[0m\u001b[0;34m)\u001b[0m\u001b[0;34m\u001b[0m\u001b[0;34m\u001b[0m\u001b[0m\n",
      "\u001b[0;32m~/.pyenv/versions/anaconda3-2019.10/lib/python3.7/site-packages/matplotlib/backend_bases.py\u001b[0m in \u001b[0;36mdraw_idle\u001b[0;34m(self, *args, **kwargs)\u001b[0m\n\u001b[1;32m   1905\u001b[0m         \u001b[0;32mif\u001b[0m \u001b[0;32mnot\u001b[0m \u001b[0mself\u001b[0m\u001b[0;34m.\u001b[0m\u001b[0m_is_idle_drawing\u001b[0m\u001b[0;34m:\u001b[0m\u001b[0;34m\u001b[0m\u001b[0;34m\u001b[0m\u001b[0m\n\u001b[1;32m   1906\u001b[0m             \u001b[0;32mwith\u001b[0m \u001b[0mself\u001b[0m\u001b[0;34m.\u001b[0m\u001b[0m_idle_draw_cntx\u001b[0m\u001b[0;34m(\u001b[0m\u001b[0;34m)\u001b[0m\u001b[0;34m:\u001b[0m\u001b[0;34m\u001b[0m\u001b[0;34m\u001b[0m\u001b[0m\n\u001b[0;32m-> 1907\u001b[0;31m                 \u001b[0mself\u001b[0m\u001b[0;34m.\u001b[0m\u001b[0mdraw\u001b[0m\u001b[0;34m(\u001b[0m\u001b[0;34m*\u001b[0m\u001b[0margs\u001b[0m\u001b[0;34m,\u001b[0m \u001b[0;34m**\u001b[0m\u001b[0mkwargs\u001b[0m\u001b[0;34m)\u001b[0m\u001b[0;34m\u001b[0m\u001b[0;34m\u001b[0m\u001b[0m\n\u001b[0m\u001b[1;32m   1908\u001b[0m \u001b[0;34m\u001b[0m\u001b[0m\n\u001b[1;32m   1909\u001b[0m     \u001b[0;32mdef\u001b[0m \u001b[0mdraw_cursor\u001b[0m\u001b[0;34m(\u001b[0m\u001b[0mself\u001b[0m\u001b[0;34m,\u001b[0m \u001b[0mevent\u001b[0m\u001b[0;34m)\u001b[0m\u001b[0;34m:\u001b[0m\u001b[0;34m\u001b[0m\u001b[0;34m\u001b[0m\u001b[0m\n",
