   10000.0000       1.5999999492248361E-020
   10471.2852       2.4200360950764168E-020
   10964.7822       3.4925209377834111E-020
   11481.5361       4.5812258950821546E-020
   12022.6445       5.7175537233464961E-020
   12589.2539       6.8490452797005056E-020
   13182.5674       7.9294928883891639E-020
   13803.8428       8.8523032199496246E-020
   14454.3975       9.6803398696768691E-020
   15135.6123       1.0483557219904895E-019
   15848.9316       1.1205315376507232E-019
   16595.8691       1.1858885241211935E-019
   17378.0078       1.2485338668188775E-019
   18197.0078       1.3053228641537154E-019
   19054.6074       1.3692764118504979E-019
   19952.6230       1.4231573988721450E-019
   20892.9609       1.4795776097512650E-019
   21877.6172       1.5333245826380459E-019
   22908.6758       1.5813034323521941E-019
   23988.3301       1.6270137100149423E-019
   25118.8652       1.6714948247218608E-019
   26302.6797       1.7224313775366067E-019
   27542.2871       1.7775265959523875E-019
   28840.3145       1.8352146782578129E-019
   30199.5176       1.9049698043159765E-019
   31622.7773       1.9953159481849417E-019
   33113.1133       2.0999806074833465E-019
   34673.6836       2.2376778946434510E-019
   36307.8047       2.4097126694045657E-019
   38018.9414       2.6058774272652093E-019
   39810.7188       2.8475005404057212E-019
   41686.9375       3.1171909290683540E-019
   43651.5820       3.4364168854257412E-019
   45708.8203       3.8138613364605422E-019
   47863.0078       4.2356536487961741E-019
   50118.7227       4.7037199208999792E-019
   52480.7461       5.2265474441013900E-019
   54954.0859       5.8130554307649945E-019
   57543.9922       6.4382052531223196E-019
   60255.9570       7.1221756901708640E-019
   63095.7344       7.8411076490048826E-019
   66069.3438       8.5873361215327830E-019
   69183.0938       9.3734155343246090E-019
   72443.5938       1.0181296969177728E-018
   75857.7578       1.0982995624631516E-018
   79432.8203       1.1803127175135879E-018
   83176.3750       1.2699706171692400E-018
   87096.3594       1.3516758294008323E-018
   91201.0859       1.4230623299159847E-018
   95499.2578       1.4949876312253022E-018
   100000.000       1.5614285468036533E-018
   104712.852       1.6225542087842230E-018
   109647.820       1.6764782038975365E-018
   114815.359       1.7234613455613079E-018
   120226.445       1.7611322733397813E-018
   125892.539       1.7827036593846759E-018
   131825.672       1.7900000272058163E-018
   138038.422       1.7898902504945273E-018
   144543.984       1.7713029416675899E-018
   151356.125       1.7223290534336465E-018
   158489.312       1.6345219113948861E-018
   165958.688       1.4884294920266583E-018
   173780.078       1.2978424436809803E-018
   181970.078       1.0899540291659866E-018
   190546.078       8.7638488332785636E-019
   199526.234       6.6593318802200553E-019
   208929.609       4.8666156029367484E-019
   218776.156       3.5597101583693852E-019
   229086.766       2.5763421742672650E-019
   239883.297       1.9134743319460284E-019
   251188.641       1.4507271016582910E-019
   263026.812       1.1253832905725556E-019
   275422.875       8.8706907899218259E-020
   288403.156       7.1252758486066874E-020
   301995.188       5.8550100526145883E-020
   316227.781       4.9275978605383115E-020
   331131.125       4.2860661247335215E-020
   346736.844       3.8178947253989271E-020
   363078.062       3.5222873524123451E-020
   380189.406       3.3281058727892099E-020
   398107.156       3.2341249563704995E-020
   416869.375       3.2326083923069104E-020
   436515.844       3.3231537517523415E-020
   457088.188       3.5014317352252168E-020
   478630.094       3.7707774668950623E-020
   501187.219       4.1321339106590767E-020
   524807.438       4.6006672081790568E-020
   549540.875       5.1571696769795443E-020
   575439.938       5.8557777196419423E-020
   602559.562       6.6793464271620621E-020
   630957.375       7.5958776477802292E-020
   660693.438       8.6548442050835694E-020
   691831.000       9.8324575626671450E-020
   724435.938       1.1137770563053805E-019
   758577.562       1.2607046575039889E-019
   794328.250       1.4133923129299416E-019
   831763.750       1.5776162361665500E-019
   870963.562       1.7468880620483677E-019
   912010.812       1.9335276410228324E-019
   954992.562       2.1199682238838825E-019
   1000000.00       2.3137254927988390E-019
   1047128.56       2.5247913950341775E-019
   1096478.25       2.7314999904314029E-019
   1148153.62       2.9295889163691178E-019
   1202264.38       3.1370135443165504E-019
   1258925.38       3.3493262427409491E-019
   1318256.75       3.5442721008215788E-019
   1380384.25       3.7311526360324117E-019
   1445439.75       3.9263193045358037E-019
   1513561.25       4.1039031344141108E-019
   1584893.25       4.2653981722217643E-019
   1659586.88       4.4191738036302861E-019
   1737800.88       4.5546011910802392E-019
   1819700.88       4.6626707271942154E-019
   1905460.75       4.7523684245276827E-019
   1995262.38       4.8226312266264098E-019
   2089296.12       4.8696480697504108E-019
   2187761.50       4.8788875019709834E-019
   2290867.75       4.8421385667986696E-019
   2398833.00       4.7445975749831816E-019
   2511886.50       4.5728160224776263E-019
   2630268.00       4.3170118409652716E-019
   2754228.75       3.9734401938696817E-019
   2884031.50       3.5661637332325495E-019
   3019951.75       3.1245288855414598E-019
   3162277.75       2.6746112608569339E-019
   3311311.25       2.2450440424502205E-019
   3467368.50       1.8472443603448968E-019
   3630780.50       1.5306674597954236E-019
   3801894.00       1.2603666968450253E-019
   3981071.75       1.0339335578555722E-019
   4168693.75       8.5494222275025560E-020
   4365158.50       7.1356326948518226E-020
   4570882.00       5.9987148417679421E-020
   4786301.00       5.1152888157687234E-020
   5011872.50       4.4057088746520175E-020
   5248074.50       3.8644124828277242E-020
   5495408.50       3.4378974294916494E-020
   5754399.50       3.0756004023974253E-020
   6025596.00       2.8044039110037044E-020
   6309573.50       2.5903199541101771E-020
   6606934.50       2.4118392251124009E-020
   6918309.50       2.2807088469777330E-020
   7244359.50       2.1791280308465085E-020
   7585776.00       2.1108447330134431E-020
   7943282.50       2.0597407898983581E-020
   8317637.50       2.0301864487309866E-020
   8709636.00       2.0100186028797747E-020
   9120108.00       2.0100049594693545E-020
   9549926.00       2.0299964937186547E-020
   10000000.0       2.0499999349443212E-020
   10471285.0       2.0877027337478424E-020
   10964782.0       2.1271824924949730E-020
   11481536.0       2.1781535308774338E-020
   12022644.0       2.2322643291602560E-020
   12589254.0       2.2889253273621486E-020
   13182567.0       2.3482566254793008E-020
   13803843.0       2.4103293235094561E-020
   14454398.0       2.4660911788827399E-020
   15135612.0       2.5225436424532914E-020
   15848932.0       2.5718350299428750E-020
   16595869.0       2.5998451665539881E-020
   17378008.0       2.6291753781232091E-020
   18197008.0       2.6499252774647221E-020
   19054608.0       2.6500000774623481E-020
   19952624.0       2.6405264777629879E-020
   20892962.0       2.6201564784094190E-020
   21877616.0       2.5906715993451064E-020
   22908676.0       2.5496057157376897E-020
   23988330.0       2.5005303769064184E-020
   25118864.0       2.4390567225978072E-020
   26302680.0       2.3800445911371929E-020
   27542288.0       2.3996746315398848E-020
   28840316.0       2.3888480384768677E-020
   30199518.0       2.3500136968521122E-020
   31622776.0       2.3610628050729033E-020
   33113112.0       2.4297540728930220E-020
   34673684.0       2.4004933488215956E-020
   36307804.0       2.3397244904559458E-020
   38018940.0       2.2791581498943270E-020
   39810716.0       2.1996051301966786E-020
   41686940.0       2.1304810902850306E-020
   43651584.0       2.0519365748828629E-020
   45708820.0       1.9797193008110041E-020
   47863008.0       1.9111769575316142E-020
   50118724.0       1.8394538249592255E-020
   52480748.0       1.7705614604788222E-020
   54954088.0       1.7111018336990757E-020
   57543992.0       1.6490572619537421E-020
   60255960.0       1.5909436637979469E-020
   63095736.0       1.5400760939836313E-020
   66069344.0       1.4905108860327477E-020
   69183096.0       1.4402725994549905E-020
   72443600.0       1.3895016711968836E-020
   75857760.0       1.3504827798047439E-020
   79432824.0       1.2996545230482636E-020
   83176376.0       1.2602486341930700E-020
   87096360.0       1.2300279609657041E-020
   91201080.0       1.1899924273524900E-020
   95499256.0       1.1600051538855159E-020
   100000000.       1.1199999644573852E-020
