   10000.0000       6.1100000888300911E-022
   10471.2852       6.2231082943199840E-022
   10964.7822       6.3415478175602352E-022
   11481.5361       6.4543327161752802E-022
   12022.6445       6.5645289232479486E-022
   12589.2539       6.6843382668328360E-022
   13182.5674       6.8192656882813510E-022
   13803.8428       6.9449992628867789E-022
   14454.3975       7.0759421907495566E-022
   15135.6123       7.2171225403599984E-022
   15848.9316       7.3510631046030323E-022
   16595.8691       7.4854754423712805E-022
   17378.0078       7.6263346431391376E-022
   18197.0078       7.7650234448672337E-022
   19054.6074       7.9147371865736300E-022
   19952.6230       8.0584198186636218E-022
   20892.9609       8.2088735725494819E-022
   21877.6172       8.3610862516424473E-022
   22908.6758       8.5204318170529769E-022
   23988.3301       8.6758470092389154E-022
   25118.8652       8.8270827639007766E-022
   26302.6797       8.9872943559001592E-022
   27542.2871       9.1571676647710059E-022
   28840.3145       9.3248377921935257E-022
   30199.5176       9.4874425627480677E-022
   31622.7773       9.6564547623369085E-022
   33113.1133       1.0350967087344345E-021
   34673.6836       1.7676467535332782E-021
   36307.8047       1.9497128037616432E-021
   38018.9414       2.3137603824955144E-021
   39810.7188       2.9149122797360186E-021
   41686.9375       3.7968676044148757E-021
   43651.5820       5.0730262017542199E-021
   45708.8203       6.9101884531811124E-021
   47863.0078       9.4237948374427563E-021
   50118.7227       1.2737690551304879E-020
   52480.7461       1.7155073674342685E-020
   54954.0859       2.2956661986999547E-020
   57543.9922       3.0458459162727032E-020
   60255.9570       4.0123310596186895E-020
   63095.7344       5.2072094995462958E-020
   66069.3438       6.6651032875512835E-020
   69183.0938       8.4402345226119012E-020
   72443.5938       1.0578859726162393E-019
   75857.7578       1.3043318711602655E-019
   79432.8203       1.5831256680476859E-019
   83176.3750       1.9143139250503620E-019
   87096.3594       2.2798453777484954E-019
   91201.0859       2.6992414834673015E-019
   95499.2578       3.1542962625969363E-019
   100000.000       3.6164285789861264E-019
   104712.852       4.1509678059882960E-019
   109647.820       4.7848079563436033E-019
   114815.359       5.4378431542580922E-019
   120226.445       6.1094378812692134E-019
   125892.539       6.8271048236427492E-019
   131825.672       7.5449782812516432E-019
   138038.422       8.3352142292109210E-019
   144543.984       9.2181118789614531E-019
   151356.125       1.0090406079385560E-018
   158489.312       1.1054780211778242E-018
   165958.688       1.2081819218872593E-018
   173780.078       1.3190455607413339E-018
   181970.078       1.4276409412310634E-018
   190546.078       1.5330990365324825E-018
   199526.234       1.6498410814876050E-018
   208929.609       1.7718314315690298E-018
   218776.156       1.8971510341061249E-018
   229086.766       2.0192072915507294E-018
   239883.297       2.1370690481779646E-018
   251188.641       2.2448181468020104E-018
   263026.812       2.3430677901026634E-018
   275422.875       2.4404654462290707E-018
   288403.156       2.5360210511731712E-018
   301995.188       2.6239712071844302E-018
   316227.781       2.7032908923786679E-018
   331131.125       2.7646575603327445E-018
   346736.844       2.8289163586789847E-018
   363078.062       2.8723106046072944E-018
   380189.406       2.9173405804889851E-018
   398107.156       2.9496608025470164E-018
   416869.375       2.9656521406637057E-018
   436515.844       2.9654279515041047E-018
   457088.188       2.9529668594088708E-018
   478630.094       2.9267398413688485E-018
   501187.219       2.8771161605597988E-018
   524807.438       2.8022538005999316E-018
   549540.875       2.6962534260364123E-018
   575439.938       2.5214486843100845E-018
   602559.562       2.2944837349313110E-018
   630957.375       2.0521797734061163E-018
   660693.438       1.7837888964331454E-018
   691831.000       1.5124725210252046E-018
   724435.938       1.2659733980521451E-018
   758577.562       1.0494783304695257E-018
   794328.250       8.6807683370627391E-019
   831763.750       7.2306951981909303E-019
   870963.562       6.1348822638383854E-019
   912010.812       5.2815204015678791E-019
   954992.562       4.6129650181482842E-019
   1000000.00       4.0817647353741421E-019
   1047128.56       3.6475457917158965E-019
   1096478.25       3.3187827552172891E-019
   1148153.62       3.0643599631291662E-019
   1202264.38       2.8511628123503439E-019
   1258925.38       2.6834242871577665E-019
   1318256.75       2.5732374787559179E-019
   1380384.25       2.4837368595757201E-019
   1445439.75       2.4145602069799818E-019
   1513561.25       2.3799144340914393E-019
   1584893.25       2.3643883270668251E-019
   1659586.88       2.3698967408115139E-019
   1737800.88       2.3968004317361504E-019
   1819700.88       2.4407907001226301E-019
   1905460.75       2.5023686175238681E-019
   1995262.38       2.5752623868098921E-019
   2089296.12       2.6692960730578936E-019
   2187761.50       2.7766489681542196E-019
   2290867.75       2.8808677222660354E-019
   2398833.00       3.0085412929719087E-019
   2511886.50       3.1429460020665985E-019
   2630268.00       3.2841759927136184E-019
   2754228.75       3.4319757023089866E-019
   2884031.50       3.5769669167553847E-019
   3019951.75       3.7199517288845033E-019
   3162277.75       3.8608332762363680E-019
   3311311.25       3.9923333341421245E-019
   3467368.50       4.1213622193487573E-019
   3630780.50       4.2289140261866524E-019
   3801894.00       4.3241549178648507E-019
   3981071.75       4.3933215220966224E-019
   4168693.75       4.4289720408881355E-019
   4365158.50       4.4263348511159498E-019
   4570882.00       4.3695590870415443E-019
   4786301.00       4.2495071590828756E-019
   5011872.50       4.0578933730962588E-019
   5248074.50       3.7921660997285649E-019
   5495408.50       3.4562444260662417E-019
   5754399.50       3.0637149350863479E-019
   6025596.00       2.6762913759524616E-019
   6309573.50       2.2805941102972858E-019
   6606934.50       1.9335764525710295E-019
   6918309.50       1.6216905133361881E-019
   7244359.50       1.3673843523346044E-019
   7585776.00       1.1625343642774480E-019
   7943282.50       9.8380795117839564E-020
   8317637.50       8.4785794997674327E-020
   8709636.00       7.3610357665521577E-020
   9120108.00       6.4598167693218890E-020
   9549926.00       5.7301259307127720E-020
   10000000.0       5.1400001600022126E-020
   10471285.0       4.6781407223786793E-020
   10964782.0       4.2874699153189280E-020
   11481536.0       3.9518168345911537E-020
   12022644.0       3.6620746392474639E-020
   12589254.0       3.4637609929728684E-020
   13182567.0       3.2949394023014468E-020
   13803843.0       3.1493961607273167E-020
   14454398.0       3.0471659423960645E-020
   15135612.0       2.9564387143981435E-020
   15848932.0       2.8875534699237151E-020
   16595869.0       2.8502066211088980E-020
   17378008.0       2.8208246149238507E-020
   18197008.0       2.8100374717794151E-020
   19054608.0       2.8100000723848317E-020
   19952624.0       2.8194735190299293E-020
   20892962.0       2.8398435098790475E-020
   21877616.0       2.8693285468857433E-020
   22908676.0       2.9003153988690944E-020
   23988330.0       2.9395755430777400E-020
   25118864.0       2.9807859079460169E-020
   26302680.0       3.0300893987337451E-020
   27542288.0       3.0713012333233446E-020
   28840316.0       3.1114399153092232E-020
   30199518.0       3.1599826854895052E-020
   31622776.0       3.1904555778581675E-020
   33113112.0       3.2202457491311543E-020
   34673684.0       3.2495066307800833E-020
   36307804.0       3.2700459629262186E-020
   38018940.0       3.2799998959109139E-020
   39810716.0       3.2799434968238955E-020
   41686940.0       3.2700687935163929E-020
   43651584.0       3.4749162136363599E-020
   45708820.0       3.5600800688408973E-020
   47863008.0       3.5796635954921521E-020
   50118724.0       3.7406240146265809E-020
   52480748.0       3.8193581454613275E-020
   54954088.0       3.8199998787742961E-020
   57543992.0       3.7790571943593045E-020
   60255960.0       3.7209435962035099E-020
   63095736.0       3.6401217130540645E-020
   66069344.0       3.5608173803326508E-020
   69183096.0       3.4704908118338611E-020
   72443600.0       3.3688789097794004E-020
   75857760.0       3.2810860692547989E-020
   79432824.0       3.1791361096380899E-020
   83176376.0       3.0806215864486074E-020
   87096360.0       2.9900840665191722E-020
   91201080.0       2.8899774651550504E-020
   95499256.0       2.8000154832639457E-020
   100000000.       2.7100000755582795E-020
