 0.100E+01 0.300E+03 0.100E+02 0.449E-13
 0.100E+01 0.300E+03 0.100E+02 0.449E-13
 0.100E+01 0.300E+03 0.100E+02 0.449E-13
 0.100E+01 0.300E+03 0.100E+02 0.449E-13
 0.100E+01 0.300E+03 0.100E+02 0.449E-13
 0.100E+01 0.300E+03 0.100E+02 0.449E-13
 0.100E+01 0.300E+03 0.100E+02 0.449E-13
 0.100E+01 0.300E+03 0.100E+02 0.449E-13
 0.100E+01 0.300E+03 0.100E+02 0.449E-13
 0.100E+01 0.300E+03 0.100E+02 0.449E-13
 0.100E+01 0.300E+03 0.100E+02 0.449E-13
 0.100E+01 0.300E+03 0.100E+02 0.449E-13
 0.100E+01 0.300E+03 0.100E+02 0.448E-13
 0.100E+01 0.299E+03 0.100E+02 0.447E-13
 0.100E+01 0.291E+03 0.100E+02 0.436E-13
 0.101E+01 0.281E+03 0.100E+02 0.423E-13
 0.102E+01 0.274E+03 0.100E+02 0.415E-13
 0.103E+01 0.290E+03 0.100E+02 0.446E-13
 0.104E+01 0.303E+03 0.100E+02 0.471E-13
 0.105E+01 0.317E+03 0.100E+02 0.496E-13
 0.106E+01 0.332E+03 0.100E+02 0.524E-13
 0.107E+01 0.348E+03 0.100E+02 0.554E-13
 0.108E+01 0.365E+03 0.100E+02 0.589E-13
 0.110E+01 0.384E+03 0.100E+02 0.632E-13
 0.114E+01 0.404E+03 0.100E+02 0.690E-13
 0.119E+01 0.413E+03 0.100E+02 0.733E-13
 0.124E+01 0.411E+03 0.100E+02 0.759E-13
 0.128E+01 0.404E+03 0.100E+02 0.774E-13
 0.132E+01 0.396E+03 0.100E+02 0.782E-13
 0.136E+01 0.388E+03 0.100E+02 0.787E-13
 0.140E+01 0.379E+03 0.100E+02 0.790E-13
 0.143E+01 0.371E+03 0.100E+02 0.792E-13
 0.147E+01 0.362E+03 0.100E+02 0.793E-13
 0.151E+01 0.353E+03 0.100E+02 0.793E-13
 0.154E+01 0.345E+03 0.100E+02 0.793E-13
 0.158E+01 0.337E+03 0.100E+02 0.793E-13
 0.162E+01 0.329E+03 0.100E+02 0.793E-13
 0.166E+01 0.321E+03 0.100E+02 0.792E-13
 0.170E+01 0.314E+03 0.100E+02 0.792E-13
 0.174E+01 0.306E+03 0.100E+02 0.791E-13
 0.178E+01 0.299E+03 0.100E+02 0.791E-13
 0.182E+01 0.292E+03 0.100E+02 0.791E-13
 0.187E+01 0.285E+03 0.100E+02 0.791E-13
 0.191E+01 0.278E+03 0.100E+02 0.790E-13
 0.196E+01 0.272E+03 0.100E+02 0.791E-13
 0.201E+01 0.265E+03 0.100E+02 0.791E-13
 0.206E+01 0.259E+03 0.100E+02 0.791E-13
 0.211E+01 0.253E+03 0.100E+02 0.792E-13
 0.216E+01 0.247E+03 0.100E+02 0.792E-13
 0.222E+01 0.242E+03 0.100E+02 0.793E-13
 0.227E+01 0.236E+03 0.100E+02 0.794E-13
 0.233E+01 0.231E+03 0.100E+02 0.795E-13
 0.239E+01 0.226E+03 0.100E+02 0.797E-13
 0.245E+01 0.220E+03 0.100E+02 0.798E-13
 0.251E+01 0.216E+03 0.100E+02 0.800E-13
 0.258E+01 0.211E+03 0.100E+02 0.802E-13
 0.265E+01 0.206E+03 0.100E+02 0.804E-13
 0.272E+01 0.201E+03 0.100E+02 0.807E-13
 0.279E+01 0.197E+03 0.100E+02 0.810E-13
 0.286E+01 0.193E+03 0.100E+02 0.812E-13
 0.294E+01 0.188E+03 0.100E+02 0.815E-13
 0.302E+01 0.184E+03 0.100E+02 0.818E-13
 0.310E+01 0.180E+03 0.100E+02 0.822E-13
 0.318E+01 0.177E+03 0.100E+02 0.825E-13
 0.327E+01 0.173E+03 0.100E+02 0.829E-13
 0.336E+01 0.169E+03 0.100E+02 0.834E-13
 0.345E+01 0.166E+03 0.100E+02 0.838E-13
 0.355E+01 0.162E+03 0.100E+02 0.843E-13
 0.365E+01 0.159E+03 0.100E+02 0.848E-13
 0.375E+01 0.155E+03 0.100E+02 0.853E-13
 0.386E+01 0.152E+03 0.100E+02 0.858E-13
 0.397E+01 0.149E+03 0.100E+02 0.864E-13
 0.408E+01 0.146E+03 0.100E+02 0.870E-13
 0.420E+01 0.143E+03 0.100E+02 0.876E-13
 0.432E+01 0.140E+03 0.100E+02 0.882E-13
 0.444E+01 0.138E+03 0.100E+02 0.889E-13
 0.457E+01 0.135E+03 0.100E+02 0.896E-13
 0.471E+01 0.132E+03 0.100E+02 0.903E-13
 0.485E+01 0.130E+03 0.100E+02 0.911E-13
 0.499E+01 0.127E+03 0.100E+02 0.919E-13
 0.514E+01 0.125E+03 0.100E+02 0.927E-13
 0.529E+01 0.122E+03 0.100E+02 0.935E-13
 0.545E+01 0.120E+03 0.100E+02 0.944E-13
 0.562E+01 0.118E+03 0.100E+02 0.953E-13
 0.579E+01 0.116E+03 0.100E+02 0.963E-13
 0.596E+01 0.113E+03 0.100E+02 0.972E-13
 0.614E+01 0.111E+03 0.100E+02 0.982E-13
 0.633E+01 0.109E+03 0.100E+02 0.993E-13
 0.653E+01 0.107E+03 0.100E+02 0.100E-12
 0.673E+01 0.105E+03 0.100E+02 0.101E-12
 0.694E+01 0.103E+03 0.100E+02 0.103E-12
 0.716E+01 0.102E+03 0.100E+02 0.104E-12
 0.738E+01 0.998E+02 0.100E+02 0.105E-12
 0.761E+01 0.980E+02 0.100E+02 0.106E-12
 0.785E+01 0.963E+02 0.100E+02 0.107E-12
 0.810E+01 0.946E+02 0.100E+02 0.109E-12
 0.836E+01 0.930E+02 0.100E+02 0.110E-12
 0.863E+01 0.914E+02 0.100E+02 0.111E-12
 0.890E+01 0.898E+02 0.100E+02 0.113E-12
 0.919E+01 0.883E+02 0.100E+02 0.114E-12
 0.949E+01 0.868E+02 0.100E+02 0.116E-12
 0.979E+01 0.854E+02 0.100E+02 0.117E-12
 0.101E+02 0.840E+02 0.100E+02 0.119E-12
 0.104E+02 0.826E+02 0.100E+02 0.121E-12
 0.108E+02 0.812E+02 0.100E+02 0.122E-12
 0.111E+02 0.799E+02 0.100E+02 0.124E-12
 0.115E+02 0.786E+02 0.100E+02 0.126E-12
 0.119E+02 0.773E+02 0.100E+02 0.127E-12
 0.123E+02 0.761E+02 0.100E+02 0.129E-12
 0.127E+02 0.748E+02 0.100E+02 0.131E-12
 0.131E+02 0.737E+02 0.100E+02 0.133E-12
 0.135E+02 0.725E+02 0.100E+02 0.135E-12
 0.140E+02 0.713E+02 0.100E+02 0.137E-12
 0.144E+02 0.702E+02 0.100E+02 0.139E-12
 0.149E+02 0.691E+02 0.100E+02 0.141E-12
 0.154E+02 0.681E+02 0.100E+02 0.143E-12
 0.159E+02 0.670E+02 0.100E+02 0.145E-12
 0.165E+02 0.660E+02 0.100E+02 0.147E-12
 0.170E+02 0.650E+02 0.100E+02 0.150E-12
 0.176E+02 0.640E+02 0.100E+02 0.152E-12
 0.182E+02 0.630E+02 0.100E+02 0.154E-12
 0.188E+02 0.620E+02 0.100E+02 0.157E-12
 0.194E+02 0.611E+02 0.100E+02 0.159E-12
 0.201E+02 0.602E+02 0.100E+02 0.162E-12
 0.208E+02 0.593E+02 0.100E+02 0.164E-12
 0.215E+02 0.584E+02 0.100E+02 0.167E-12
 0.222E+02 0.575E+02 0.100E+02 0.169E-12
 0.229E+02 0.567E+02 0.100E+02 0.172E-12
 0.237E+02 0.559E+02 0.100E+02 0.175E-12
 0.245E+02 0.550E+02 0.100E+02 0.178E-12
 0.254E+02 0.542E+02 0.100E+02 0.180E-12
 0.262E+02 0.535E+02 0.100E+02 0.183E-12
 0.271E+02 0.527E+02 0.100E+02 0.186E-12
 0.281E+02 0.519E+02 0.100E+02 0.189E-12
 0.290E+02 0.512E+02 0.100E+02 0.193E-12
 0.300E+02 0.505E+02 0.100E+02 0.196E-12
 0.311E+02 0.497E+02 0.100E+02 0.199E-12
 0.321E+02 0.490E+02 0.100E+02 0.202E-12
 0.332E+02 0.483E+02 0.100E+02 0.206E-12
 0.344E+02 0.477E+02 0.100E+02 0.209E-12
 0.356E+02 0.470E+02 0.100E+02 0.213E-12
 0.368E+02 0.463E+02 0.100E+02 0.216E-12
 0.381E+02 0.457E+02 0.100E+02 0.220E-12
 0.394E+02 0.451E+02 0.100E+02 0.223E-12
 0.407E+02 0.445E+02 0.100E+02 0.227E-12
 0.422E+02 0.438E+02 0.100E+02 0.231E-12
 0.436E+02 0.432E+02 0.100E+02 0.235E-12
 0.451E+02 0.427E+02 0.100E+02 0.239E-12
 0.467E+02 0.421E+02 0.100E+02 0.243E-12
 0.483E+02 0.415E+02 0.100E+02 0.248E-12
 0.500E+02 0.410E+02 0.100E+02 0.252E-12
 0.518E+02 0.404E+02 0.100E+02 0.256E-12
 0.536E+02 0.399E+02 0.100E+02 0.261E-12
 0.555E+02 0.394E+02 0.100E+02 0.265E-12
 0.574E+02 0.388E+02 0.100E+02 0.270E-12
 0.595E+02 0.383E+02 0.100E+02 0.275E-12
 0.616E+02 0.378E+02 0.100E+02 0.280E-12
 0.638E+02 0.373E+02 0.100E+02 0.285E-12
 0.660E+02 0.368E+02 0.100E+02 0.290E-12
 0.682E+02 0.364E+02 0.100E+02 0.295E-12
 0.705E+02 0.359E+02 0.100E+02 0.300E-12
 0.729E+02 0.355E+02 0.100E+02 0.305E-12
 0.754E+02 0.351E+02 0.100E+02 0.311E-12
 0.779E+02 0.347E+02 0.100E+02 0.316E-12
 0.805E+02 0.343E+02 0.100E+02 0.322E-12
 0.832E+02 0.339E+02 0.100E+02 0.327E-12
 0.860E+02 0.335E+02 0.100E+02 0.333E-12
 0.888E+02 0.331E+02 0.100E+02 0.339E-12
 0.918E+02 0.327E+02 0.100E+02 0.345E-12
 0.949E+02 0.323E+02 0.100E+02 0.351E-12
 0.980E+02 0.319E+02 0.100E+02 0.357E-12
 0.101E+03 0.316E+02 0.100E+02 0.364E-12
 0.105E+03 0.312E+02 0.100E+02 0.371E-12
 0.109E+03 0.308E+02 0.100E+02 0.378E-12
 0.113E+03 0.305E+02 0.100E+02 0.385E-12
 0.117E+03 0.301E+02 0.100E+02 0.393E-12
 0.121E+03 0.297E+02 0.100E+02 0.400E-12
 0.126E+03 0.294E+02 0.100E+02 0.408E-12
 0.130E+03 0.290E+02 0.100E+02 0.416E-12
 0.135E+03 0.287E+02 0.100E+02 0.424E-12
 0.140E+03 0.284E+02 0.100E+02 0.433E-12
 0.145E+03 0.280E+02 0.100E+02 0.441E-12
 0.150E+03 0.277E+02 0.100E+02 0.450E-12
 0.155E+03 0.274E+02 0.100E+02 0.459E-12
 0.161E+03 0.271E+02 0.100E+02 0.468E-12
 0.167E+03 0.268E+02 0.100E+02 0.477E-12
 0.173E+03 0.265E+02 0.100E+02 0.486E-12
 0.179E+03 0.262E+02 0.100E+02 0.496E-12
 0.185E+03 0.259E+02 0.100E+02 0.506E-12
 0.192E+03 0.256E+02 0.100E+02 0.516E-12
 0.199E+03 0.253E+02 0.100E+02 0.526E-12
 0.206E+03 0.250E+02 0.100E+02 0.537E-12
 0.213E+03 0.248E+02 0.100E+02 0.548E-12
 0.221E+03 0.245E+02 0.100E+02 0.559E-12
 0.229E+03 0.242E+02 0.100E+02 0.570E-12
 0.238E+03 0.239E+02 0.100E+02 0.582E-12
 0.246E+03 0.237E+02 0.100E+02 0.594E-12
 0.256E+03 0.234E+02 0.100E+02 0.606E-12
 0.265E+03 0.231E+02 0.100E+02 0.619E-12
 0.275E+03 0.228E+02 0.100E+02 0.632E-12
 0.285E+03 0.226E+02 0.100E+02 0.645E-12
 0.296E+03 0.223E+02 0.100E+02 0.658E-12
 0.306E+03 0.221E+02 0.100E+02 0.671E-12
 0.318E+03 0.218E+02 0.100E+02 0.685E-12
 0.329E+03 0.216E+02 0.100E+02 0.699E-12
 0.341E+03 0.213E+02 0.100E+02 0.713E-12
 0.354E+03 0.211E+02 0.100E+02 0.727E-12
 0.367E+03 0.208E+02 0.100E+02 0.742E-12
 0.380E+03 0.206E+02 0.100E+02 0.757E-12
 0.394E+03 0.203E+02 0.100E+02 0.772E-12
 0.408E+03 0.201E+02 0.100E+02 0.787E-12
 0.423E+03 0.198E+02 0.100E+02 0.803E-12
 0.439E+03 0.196E+02 0.100E+02 0.819E-12
 0.455E+03 0.193E+02 0.100E+02 0.835E-12
 0.471E+03 0.191E+02 0.100E+02 0.850E-12
 0.488E+03 0.189E+02 0.100E+02 0.866E-12
 0.505E+03 0.186E+02 0.100E+02 0.882E-12
 0.523E+03 0.184E+02 0.100E+02 0.899E-12
 0.542E+03 0.181E+02 0.100E+02 0.915E-12
 0.561E+03 0.179E+02 0.100E+02 0.931E-12
 0.580E+03 0.177E+02 0.100E+02 0.948E-12
 0.601E+03 0.174E+02 0.100E+02 0.965E-12
 0.622E+03 0.172E+02 0.100E+02 0.981E-12
 0.643E+03 0.169E+02 0.100E+02 0.998E-12
 0.666E+03 0.167E+02 0.100E+02 0.102E-11
 0.689E+03 0.165E+02 0.100E+02 0.103E-11
 0.712E+03 0.162E+02 0.100E+02 0.105E-11
 0.737E+03 0.160E+02 0.100E+02 0.107E-11
 0.762E+03 0.158E+02 0.100E+02 0.108E-11
 0.788E+03 0.156E+02 0.100E+02 0.110E-11
 0.815E+03 0.153E+02 0.100E+02 0.112E-11
 0.843E+03 0.151E+02 0.100E+02 0.114E-11
 0.873E+03 0.149E+02 0.100E+02 0.116E-11
 0.903E+03 0.147E+02 0.100E+02 0.118E-11
 0.934E+03 0.145E+02 0.100E+02 0.120E-11
 0.966E+03 0.143E+02 0.100E+02 0.122E-11
 0.100E+04 0.141E+02 0.100E+02 0.124E-11
 0.104E+04 0.139E+02 0.100E+02 0.126E-11
 0.107E+04 0.137E+02 0.100E+02 0.128E-11
 0.111E+04 0.135E+02 0.100E+02 0.131E-11
 0.115E+04 0.133E+02 0.100E+02 0.133E-11
 0.119E+04 0.131E+02 0.100E+02 0.136E-11
 0.124E+04 0.129E+02 0.100E+02 0.139E-11
 0.128E+04 0.128E+02 0.100E+02 0.142E-11
 0.133E+04 0.126E+02 0.100E+02 0.145E-11
 0.138E+04 0.125E+02 0.100E+02 0.148E-11
 0.143E+04 0.123E+02 0.100E+02 0.152E-11
 0.149E+04 0.122E+02 0.100E+02 0.155E-11
 0.155E+04 0.120E+02 0.100E+02 0.159E-11
 0.161E+04 0.119E+02 0.100E+02 0.163E-11
 0.168E+04 0.118E+02 0.100E+02 0.168E-11
 0.175E+04 0.117E+02 0.100E+02 0.173E-11
 0.182E+04 0.115E+02 0.100E+02 0.178E-11
 0.189E+04 0.114E+02 0.100E+02 0.183E-11
 0.197E+04 0.113E+02 0.100E+02 0.188E-11
 0.205E+04 0.113E+02 0.100E+02 0.194E-11
 0.213E+04 0.112E+02 0.100E+02 0.200E-11
 0.222E+04 0.111E+02 0.100E+02 0.206E-11
 0.231E+04 0.110E+02 0.100E+02 0.213E-11
 0.241E+04 0.110E+02 0.100E+02 0.220E-11
 0.250E+04 0.109E+02 0.100E+02 0.228E-11
 0.261E+04 0.109E+02 0.100E+02 0.235E-11
 0.271E+04 0.108E+02 0.100E+02 0.243E-11
 0.282E+04 0.108E+02 0.100E+02 0.252E-11
 0.294E+04 0.108E+02 0.100E+02 0.261E-11
 0.305E+04 0.108E+02 0.100E+02 0.271E-11
 0.318E+04 0.108E+02 0.100E+02 0.281E-11
 0.331E+04 0.108E+02 0.100E+02 0.293E-11
 0.343E+04 0.109E+02 0.100E+02 0.305E-11
 0.357E+04 0.112E+02 0.100E+02 0.326E-11
 0.371E+04 0.114E+02 0.100E+02 0.346E-11
 0.388E+04 0.115E+02 0.100E+02 0.363E-11
 0.404E+04 0.115E+02 0.100E+02 0.378E-11
 0.421E+04 0.115E+02 0.100E+02 0.393E-11
 0.438E+04 0.115E+02 0.100E+02 0.408E-11
 0.456E+04 0.114E+02 0.100E+02 0.423E-11
 0.475E+04 0.114E+02 0.100E+02 0.438E-11
 0.494E+04 0.114E+02 0.100E+02 0.454E-11
 0.514E+04 0.113E+02 0.100E+02 0.471E-11
 0.535E+04 0.113E+02 0.100E+02 0.488E-11
 0.557E+04 0.112E+02 0.100E+02 0.506E-11
 0.580E+04 0.112E+02 0.100E+02 0.525E-11
 0.603E+04 0.112E+02 0.100E+02 0.545E-11
 0.628E+04 0.111E+02 0.100E+02 0.565E-11
 0.654E+04 0.111E+02 0.100E+02 0.586E-11
 0.680E+04 0.111E+02 0.100E+02 0.608E-11
 0.708E+04 0.110E+02 0.100E+02 0.631E-11
 0.737E+04 0.110E+02 0.100E+02 0.654E-11
 0.767E+04 0.110E+02 0.100E+02 0.679E-11
 0.798E+04 0.109E+02 0.100E+02 0.705E-11
 0.831E+04 0.109E+02 0.100E+02 0.731E-11
 0.865E+04 0.109E+02 0.100E+02 0.759E-11
 0.900E+04 0.109E+02 0.100E+02 0.788E-11
 0.937E+04 0.108E+02 0.100E+02 0.818E-11
 0.975E+04 0.108E+02 0.100E+02 0.850E-11
 0.101E+05 0.108E+02 0.100E+02 0.883E-11
 0.106E+05 0.108E+02 0.100E+02 0.917E-11
 0.110E+05 0.108E+02 0.100E+02 0.952E-11
 0.114E+05 0.107E+02 0.100E+02 0.990E-11
 0.119E+05 0.107E+02 0.100E+02 0.103E-10
 0.124E+05 0.107E+02 0.100E+02 0.107E-10
 0.129E+05 0.107E+02 0.100E+02 0.111E-10
 0.134E+05 0.107E+02 0.100E+02 0.115E-10
 0.140E+05 0.107E+02 0.100E+02 0.120E-10
 0.145E+05 0.107E+02 0.100E+02 0.125E-10
 0.151E+05 0.106E+02 0.100E+02 0.130E-10
 0.157E+05 0.106E+02 0.100E+02 0.135E-10
 0.164E+05 0.106E+02 0.100E+02 0.140E-10
 0.171E+05 0.106E+02 0.100E+02 0.146E-10
 0.178E+05 0.106E+02 0.100E+02 0.152E-10
 0.185E+05 0.106E+02 0.100E+02 0.158E-10
 0.192E+05 0.106E+02 0.100E+02 0.164E-10
 0.200E+05 0.106E+02 0.100E+02 0.171E-10
 0.208E+05 0.106E+02 0.100E+02 0.177E-10
 0.217E+05 0.106E+02 0.100E+02 0.184E-10
 0.226E+05 0.106E+02 0.100E+02 0.192E-10
 0.235E+05 0.106E+02 0.100E+02 0.200E-10
 0.245E+05 0.105E+02 0.100E+02 0.208E-10
 0.254E+05 0.105E+02 0.100E+02 0.216E-10
 0.265E+05 0.105E+02 0.100E+02 0.225E-10
 0.276E+05 0.105E+02 0.100E+02 0.234E-10
 0.287E+05 0.105E+02 0.100E+02 0.243E-10
 0.299E+05 0.105E+02 0.100E+02 0.253E-10
 0.311E+05 0.105E+02 0.100E+02 0.263E-10
 0.324E+05 0.105E+02 0.100E+02 0.274E-10
 0.337E+05 0.105E+02 0.100E+02 0.285E-10
 0.350E+05 0.105E+02 0.100E+02 0.296E-10
 0.365E+05 0.105E+02 0.100E+02 0.308E-10
 0.380E+05 0.105E+02 0.100E+02 0.320E-10
 0.395E+05 0.105E+02 0.100E+02 0.333E-10
 0.411E+05 0.105E+02 0.100E+02 0.347E-10
 0.428E+05 0.105E+02 0.100E+02 0.361E-10
 0.446E+05 0.105E+02 0.100E+02 0.375E-10
 0.464E+05 0.105E+02 0.100E+02 0.390E-10
 0.483E+05 0.104E+02 0.100E+02 0.406E-10
 0.502E+05 0.104E+02 0.100E+02 0.422E-10
 0.523E+05 0.104E+02 0.100E+02 0.439E-10
 0.544E+05 0.104E+02 0.100E+02 0.457E-10
 0.566E+05 0.104E+02 0.100E+02 0.475E-10
 0.589E+05 0.104E+02 0.100E+02 0.494E-10
 0.614E+05 0.104E+02 0.100E+02 0.514E-10
 0.639E+05 0.104E+02 0.100E+02 0.535E-10
 0.665E+05 0.104E+02 0.100E+02 0.556E-10
 0.692E+05 0.104E+02 0.100E+02 0.578E-10
 0.720E+05 0.104E+02 0.100E+02 0.602E-10
 0.749E+05 0.104E+02 0.100E+02 0.626E-10
 0.780E+05 0.104E+02 0.100E+02 0.651E-10
 0.812E+05 0.104E+02 0.100E+02 0.677E-10
 0.845E+05 0.104E+02 0.100E+02 0.704E-10
 0.879E+05 0.103E+02 0.100E+02 0.732E-10
 0.915E+05 0.103E+02 0.100E+02 0.762E-10
 0.953E+05 0.103E+02 0.100E+02 0.792E-10
 0.992E+05 0.103E+02 0.100E+02 0.824E-10
 0.103E+06 0.103E+02 0.100E+02 0.857E-10
 0.107E+06 0.103E+02 0.100E+02 0.892E-10
 0.112E+06 0.103E+02 0.100E+02 0.928E-10
 0.116E+06 0.103E+02 0.100E+02 0.965E-10
 0.121E+06 0.103E+02 0.100E+02 0.100E-09
 0.126E+06 0.103E+02 0.100E+02 0.104E-09
 0.131E+06 0.103E+02 0.100E+02 0.109E-09
 0.137E+06 0.103E+02 0.100E+02 0.113E-09
 0.142E+06 0.103E+02 0.100E+02 0.118E-09
 0.148E+06 0.103E+02 0.100E+02 0.122E-09
 0.154E+06 0.103E+02 0.100E+02 0.127E-09
 0.160E+06 0.103E+02 0.100E+02 0.132E-09
 0.167E+06 0.103E+02 0.100E+02 0.138E-09
 0.174E+06 0.102E+02 0.100E+02 0.143E-09
 0.181E+06 0.102E+02 0.100E+02 0.149E-09
 0.188E+06 0.102E+02 0.100E+02 0.155E-09
 0.196E+06 0.102E+02 0.100E+02 0.161E-09
 0.204E+06 0.102E+02 0.100E+02 0.168E-09
 0.212E+06 0.102E+02 0.100E+02 0.175E-09
 0.221E+06 0.102E+02 0.100E+02 0.182E-09
 0.230E+06 0.102E+02 0.100E+02 0.189E-09
 0.239E+06 0.102E+02 0.100E+02 0.197E-09
 0.249E+06 0.102E+02 0.100E+02 0.204E-09
 0.259E+06 0.102E+02 0.100E+02 0.213E-09
 0.270E+06 0.102E+02 0.100E+02 0.221E-09
 0.280E+06 0.102E+02 0.100E+02 0.230E-09
 0.292E+06 0.102E+02 0.100E+02 0.240E-09
 0.304E+06 0.102E+02 0.100E+02 0.249E-09
 0.316E+06 0.102E+02 0.100E+02 0.259E-09
 0.329E+06 0.102E+02 0.100E+02 0.270E-09
 0.343E+06 0.102E+02 0.100E+02 0.281E-09
 0.357E+06 0.102E+02 0.100E+02 0.292E-09
 0.371E+06 0.102E+02 0.100E+02 0.304E-09
 0.386E+06 0.102E+02 0.100E+02 0.316E-09
 0.402E+06 0.102E+02 0.100E+02 0.329E-09
 0.418E+06 0.102E+02 0.100E+02 0.342E-09
 0.436E+06 0.102E+02 0.100E+02 0.356E-09
 0.453E+06 0.102E+02 0.100E+02 0.371E-09
 0.472E+06 0.102E+02 0.100E+02 0.386E-09
 0.491E+06 0.102E+02 0.100E+02 0.401E-09
 0.511E+06 0.101E+02 0.100E+02 0.418E-09
 0.532E+06 0.101E+02 0.100E+02 0.434E-09
 0.554E+06 0.101E+02 0.100E+02 0.452E-09
 0.576E+06 0.101E+02 0.100E+02 0.470E-09
 0.600E+06 0.101E+02 0.100E+02 0.490E-09
 0.624E+06 0.101E+02 0.100E+02 0.509E-09
 0.650E+06 0.101E+02 0.100E+02 0.530E-09
 0.676E+06 0.101E+02 0.100E+02 0.552E-09
 0.704E+06 0.101E+02 0.100E+02 0.574E-09
 0.733E+06 0.101E+02 0.100E+02 0.597E-09
 0.762E+06 0.101E+02 0.100E+02 0.621E-09
 0.794E+06 0.101E+02 0.100E+02 0.647E-09
 0.826E+06 0.101E+02 0.100E+02 0.673E-09
 0.860E+06 0.101E+02 0.100E+02 0.700E-09
 0.895E+06 0.101E+02 0.100E+02 0.729E-09
 0.931E+06 0.101E+02 0.100E+02 0.758E-09
 0.969E+06 0.101E+02 0.100E+02 0.789E-09
 0.101E+07 0.101E+02 0.100E+02 0.821E-09
 0.105E+07 0.101E+02 0.100E+02 0.855E-09
 0.109E+07 0.101E+02 0.100E+02 0.889E-09
 0.114E+07 0.101E+02 0.100E+02 0.925E-09
 0.118E+07 0.101E+02 0.100E+02 0.963E-09
 0.123E+07 0.101E+02 0.100E+02 0.100E-08
 0.128E+07 0.101E+02 0.100E+02 0.104E-08
 0.133E+07 0.101E+02 0.100E+02 0.109E-08
 0.139E+07 0.101E+02 0.100E+02 0.113E-08
 0.145E+07 0.101E+02 0.100E+02 0.118E-08
 0.150E+07 0.101E+02 0.100E+02 0.122E-08
 0.157E+07 0.101E+02 0.100E+02 0.127E-08
 0.163E+07 0.101E+02 0.100E+02 0.132E-08
 0.170E+07 0.101E+02 0.100E+02 0.138E-08
 0.177E+07 0.101E+02 0.100E+02 0.143E-08
 0.184E+07 0.101E+02 0.100E+02 0.149E-08
 0.191E+07 0.101E+02 0.100E+02 0.155E-08
 0.199E+07 0.101E+02 0.100E+02 0.162E-08
 0.207E+07 0.101E+02 0.100E+02 0.168E-08
 0.216E+07 0.101E+02 0.100E+02 0.175E-08
 0.225E+07 0.101E+02 0.100E+02 0.182E-08
 0.234E+07 0.101E+02 0.100E+02 0.190E-08
 0.243E+07 0.101E+02 0.100E+02 0.197E-08
 0.253E+07 0.101E+02 0.100E+02 0.205E-08
 0.263E+07 0.101E+02 0.100E+02 0.214E-08
 0.274E+07 0.101E+02 0.100E+02 0.223E-08
 0.285E+07 0.101E+02 0.100E+02 0.232E-08
 0.297E+07 0.101E+02 0.100E+02 0.241E-08
 0.309E+07 0.101E+02 0.100E+02 0.251E-08
 0.322E+07 0.101E+02 0.100E+02 0.261E-08
 0.335E+07 0.101E+02 0.100E+02 0.272E-08
 0.349E+07 0.101E+02 0.100E+02 0.283E-08
 0.363E+07 0.101E+02 0.100E+02 0.294E-08
 0.378E+07 0.101E+02 0.100E+02 0.306E-08
 0.393E+07 0.101E+02 0.100E+02 0.319E-08
 0.409E+07 0.101E+02 0.100E+02 0.332E-08
 0.426E+07 0.101E+02 0.100E+02 0.345E-08
 0.443E+07 0.101E+02 0.100E+02 0.359E-08
 0.461E+07 0.101E+02 0.100E+02 0.374E-08
 0.480E+07 0.101E+02 0.100E+02 0.389E-08
 0.500E+07 0.101E+02 0.100E+02 0.405E-08
 0.520E+07 0.101E+02 0.100E+02 0.422E-08
 0.541E+07 0.101E+02 0.100E+02 0.439E-08
 0.563E+07 0.101E+02 0.100E+02 0.457E-08
 0.586E+07 0.101E+02 0.100E+02 0.475E-08
 0.610E+07 0.101E+02 0.100E+02 0.495E-08
 0.635E+07 0.101E+02 0.100E+02 0.515E-08
 0.661E+07 0.101E+02 0.100E+02 0.536E-08
 0.688E+07 0.101E+02 0.100E+02 0.558E-08
 0.716E+07 0.101E+02 0.100E+02 0.580E-08
 0.745E+07 0.101E+02 0.100E+02 0.604E-08
 0.776E+07 0.101E+02 0.100E+02 0.629E-08
 0.807E+07 0.101E+02 0.100E+02 0.654E-08
 0.840E+07 0.101E+02 0.100E+02 0.681E-08
 0.875E+07 0.101E+02 0.100E+02 0.709E-08
 0.910E+07 0.101E+02 0.100E+02 0.738E-08
 0.948E+07 0.101E+02 0.100E+02 0.768E-08
 0.986E+07 0.101E+02 0.100E+02 0.799E-08
 0.103E+08 0.101E+02 0.100E+02 0.832E-08
 0.107E+08 0.101E+02 0.100E+02 0.866E-08
 0.111E+08 0.101E+02 0.100E+02 0.901E-08
 0.116E+08 0.101E+02 0.100E+02 0.938E-08
 0.120E+08 0.101E+02 0.100E+02 0.976E-08
 0.125E+08 0.101E+02 0.100E+02 0.102E-07
 0.130E+08 0.101E+02 0.100E+02 0.106E-07
 0.136E+08 0.101E+02 0.100E+02 0.110E-07
 0.141E+08 0.101E+02 0.100E+02 0.115E-07
 0.147E+08 0.101E+02 0.100E+02 0.119E-07
 0.153E+08 0.101E+02 0.100E+02 0.124E-07
 0.159E+08 0.101E+02 0.100E+02 0.129E-07
 0.166E+08 0.101E+02 0.100E+02 0.134E-07
 0.173E+08 0.101E+02 0.100E+02 0.140E-07
 0.180E+08 0.101E+02 0.100E+02 0.146E-07
 0.187E+08 0.101E+02 0.100E+02 0.152E-07
 0.195E+08 0.101E+02 0.100E+02 0.158E-07
 0.203E+08 0.101E+02 0.100E+02 0.164E-07
 0.211E+08 0.101E+02 0.100E+02 0.171E-07
 0.219E+08 0.101E+02 0.100E+02 0.178E-07
 0.228E+08 0.101E+02 0.100E+02 0.185E-07
 0.238E+08 0.101E+02 0.100E+02 0.193E-07
 0.247E+08 0.101E+02 0.100E+02 0.200E-07
 0.258E+08 0.101E+02 0.100E+02 0.209E-07
 0.268E+08 0.101E+02 0.100E+02 0.217E-07
 0.279E+08 0.101E+02 0.100E+02 0.226E-07
 0.290E+08 0.101E+02 0.100E+02 0.235E-07
 0.302E+08 0.101E+02 0.100E+02 0.245E-07
 0.315E+08 0.101E+02 0.100E+02 0.255E-07
 0.327E+08 0.101E+02 0.100E+02 0.265E-07
 0.341E+08 0.101E+02 0.100E+02 0.276E-07
 0.355E+08 0.101E+02 0.100E+02 0.287E-07
 0.369E+08 0.101E+02 0.100E+02 0.299E-07
 0.384E+08 0.101E+02 0.100E+02 0.311E-07
 0.400E+08 0.101E+02 0.100E+02 0.324E-07
 0.416E+08 0.101E+02 0.100E+02 0.337E-07
 0.433E+08 0.101E+02 0.100E+02 0.351E-07
 0.451E+08 0.101E+02 0.100E+02 0.365E-07
 0.469E+08 0.101E+02 0.100E+02 0.380E-07
 0.488E+08 0.101E+02 0.100E+02 0.396E-07
 0.508E+08 0.101E+02 0.100E+02 0.412E-07
 0.529E+08 0.101E+02 0.100E+02 0.429E-07
 0.551E+08 0.101E+02 0.100E+02 0.446E-07
 0.573E+08 0.101E+02 0.100E+02 0.465E-07
 0.597E+08 0.101E+02 0.100E+02 0.484E-07
 0.621E+08 0.101E+02 0.100E+02 0.503E-07
 0.646E+08 0.101E+02 0.100E+02 0.524E-07
 0.673E+08 0.101E+02 0.100E+02 0.545E-07
 0.700E+08 0.101E+02 0.100E+02 0.568E-07
 0.729E+08 0.101E+02 0.100E+02 0.591E-07
 0.758E+08 0.101E+02 0.100E+02 0.615E-07
 0.789E+08 0.101E+02 0.100E+02 0.640E-07
 0.822E+08 0.101E+02 0.100E+02 0.666E-07
 0.855E+08 0.101E+02 0.100E+02 0.694E-07
 0.890E+08 0.101E+02 0.100E+02 0.722E-07
 0.926E+08 0.101E+02 0.100E+02 0.751E-07
 0.964E+08 0.101E+02 0.100E+02 0.782E-07
 0.100E+09 0.101E+02 0.100E+02 0.814E-07
 0.104E+09 0.101E+02 0.100E+02 0.847E-07
 0.109E+09 0.101E+02 0.100E+02 0.882E-07
 0.113E+09 0.101E+02 0.100E+02 0.918E-07
 0.118E+09 0.101E+02 0.100E+02 0.956E-07
 0.123E+09 0.101E+02 0.100E+02 0.995E-07
 0.128E+09 0.101E+02 0.101E+02 0.104E-06
 0.133E+09 0.101E+02 0.101E+02 0.108E-06
 0.138E+09 0.101E+02 0.101E+02 0.112E-06
 0.144E+09 0.101E+02 0.101E+02 0.117E-06
 0.150E+09 0.101E+02 0.101E+02 0.122E-06
 0.156E+09 0.101E+02 0.101E+02 0.127E-06
 0.162E+09 0.101E+02 0.101E+02 0.132E-06
 0.169E+09 0.101E+02 0.101E+02 0.137E-06
 0.176E+09 0.101E+02 0.101E+02 0.143E-06
 0.183E+09 0.101E+02 0.101E+02 0.149E-06
 0.190E+09 0.101E+02 0.101E+02 0.155E-06
 0.198E+09 0.101E+02 0.101E+02 0.161E-06
 0.206E+09 0.101E+02 0.101E+02 0.168E-06
 0.215E+09 0.101E+02 0.101E+02 0.174E-06
 0.223E+09 0.101E+02 0.101E+02 0.182E-06
 0.232E+09 0.101E+02 0.101E+02 0.189E-06
 0.242E+09 0.101E+02 0.101E+02 0.197E-06
 0.252E+09 0.101E+02 0.101E+02 0.205E-06
 0.262E+09 0.101E+02 0.101E+02 0.213E-06
 0.273E+09 0.101E+02 0.101E+02 0.222E-06
 0.284E+09 0.101E+02 0.101E+02 0.231E-06
 0.295E+09 0.101E+02 0.101E+02 0.240E-06
 0.308E+09 0.101E+02 0.101E+02 0.250E-06
 0.320E+09 0.101E+02 0.101E+02 0.261E-06
 0.333E+09 0.101E+02 0.101E+02 0.271E-06
 0.347E+09 0.101E+02 0.101E+02 0.282E-06
 0.361E+09 0.101E+02 0.101E+02 0.294E-06
 0.376E+09 0.101E+02 0.101E+02 0.306E-06
 0.391E+09 0.101E+02 0.101E+02 0.318E-06
 0.407E+09 0.101E+02 0.101E+02 0.331E-06
 0.424E+09 0.101E+02 0.101E+02 0.345E-06
 0.441E+09 0.101E+02 0.101E+02 0.359E-06
 0.459E+09 0.101E+02 0.101E+02 0.374E-06
 0.478E+09 0.101E+02 0.101E+02 0.389E-06
 0.497E+09 0.101E+02 0.101E+02 0.405E-06
 0.517E+09 0.101E+02 0.101E+02 0.422E-06
 0.538E+09 0.101E+02 0.101E+02 0.439E-06
 0.560E+09 0.101E+02 0.101E+02 0.457E-06
 0.583E+09 0.101E+02 0.101E+02 0.476E-06
 0.607E+09 0.101E+02 0.101E+02 0.495E-06
 0.632E+09 0.101E+02 0.101E+02 0.516E-06
 0.658E+09 0.101E+02 0.101E+02 0.537E-06
 0.684E+09 0.101E+02 0.101E+02 0.559E-06
 0.712E+09 0.101E+02 0.101E+02 0.582E-06
 0.741E+09 0.101E+02 0.101E+02 0.606E-06
 0.772E+09 0.101E+02 0.101E+02 0.630E-06
 0.803E+09 0.102E+02 0.101E+02 0.656E-06
 0.836E+09 0.102E+02 0.101E+02 0.683E-06
 0.870E+09 0.102E+02 0.101E+02 0.711E-06
 0.906E+09 0.102E+02 0.101E+02 0.741E-06
 0.943E+09 0.102E+02 0.101E+02 0.771E-06
 0.981E+09 0.102E+02 0.101E+02 0.803E-06
 0.102E+10 0.102E+02 0.101E+02 0.835E-06
 0.106E+10 0.102E+02 0.101E+02 0.870E-06
 0.111E+10 0.102E+02 0.101E+02 0.905E-06
 0.115E+10 0.102E+02 0.101E+02 0.943E-06
 0.120E+10 0.102E+02 0.101E+02 0.981E-06
 0.125E+10 0.102E+02 0.101E+02 0.102E-05
 0.130E+10 0.102E+02 0.102E+02 0.106E-05
 0.135E+10 0.102E+02 0.102E+02 0.111E-05
 0.141E+10 0.102E+02 0.102E+02 0.115E-05
 0.146E+10 0.102E+02 0.102E+02 0.120E-05
 0.152E+10 0.102E+02 0.102E+02 0.125E-05
 0.159E+10 0.102E+02 0.102E+02 0.130E-05
 0.165E+10 0.102E+02 0.102E+02 0.135E-05
 0.172E+10 0.102E+02 0.102E+02 0.141E-05
 0.179E+10 0.102E+02 0.102E+02 0.147E-05
 0.186E+10 0.102E+02 0.102E+02 0.153E-05
 0.194E+10 0.102E+02 0.102E+02 0.159E-05
 0.202E+10 0.102E+02 0.102E+02 0.166E-05
 0.210E+10 0.102E+02 0.102E+02 0.173E-05
 0.218E+10 0.102E+02 0.102E+02 0.180E-05
 0.227E+10 0.102E+02 0.102E+02 0.187E-05
 0.237E+10 0.102E+02 0.102E+02 0.195E-05
 0.246E+10 0.102E+02 0.102E+02 0.203E-05
 0.256E+10 0.102E+02 0.102E+02 0.211E-05
 0.267E+10 0.102E+02 0.102E+02 0.220E-05
 0.278E+10 0.102E+02 0.102E+02 0.229E-05
 0.289E+10 0.102E+02 0.102E+02 0.238E-05
 0.301E+10 0.103E+02 0.102E+02 0.248E-05
 0.313E+10 0.103E+02 0.102E+02 0.258E-05
 0.326E+10 0.103E+02 0.102E+02 0.269E-05
 0.339E+10 0.103E+02 0.102E+02 0.280E-05
 0.353E+10 0.103E+02 0.102E+02 0.292E-05
 0.367E+10 0.103E+02 0.102E+02 0.304E-05
 0.382E+10 0.103E+02 0.102E+02 0.316E-05
 0.398E+10 0.103E+02 0.103E+02 0.329E-05
 0.414E+10 0.103E+02 0.103E+02 0.343E-05
 0.431E+10 0.103E+02 0.103E+02 0.357E-05
 0.449E+10 0.103E+02 0.103E+02 0.372E-05
 0.467E+10 0.103E+02 0.103E+02 0.387E-05
 0.486E+10 0.103E+02 0.103E+02 0.403E-05
 0.506E+10 0.103E+02 0.103E+02 0.420E-05
 0.526E+10 0.103E+02 0.103E+02 0.437E-05
 0.548E+10 0.103E+02 0.103E+02 0.455E-05
 0.570E+10 0.103E+02 0.103E+02 0.474E-05
 0.593E+10 0.103E+02 0.103E+02 0.493E-05
 0.618E+10 0.103E+02 0.103E+02 0.514E-05
 0.643E+10 0.103E+02 0.103E+02 0.535E-05
 0.669E+10 0.103E+02 0.103E+02 0.557E-05
 0.696E+10 0.104E+02 0.103E+02 0.580E-05
 0.725E+10 0.104E+02 0.103E+02 0.604E-05
 0.754E+10 0.104E+02 0.103E+02 0.629E-05
 0.785E+10 0.104E+02 0.103E+02 0.655E-05
 0.817E+10 0.104E+02 0.103E+02 0.683E-05
 0.851E+10 0.104E+02 0.104E+02 0.711E-05
 0.885E+10 0.104E+02 0.104E+02 0.740E-05
 0.921E+10 0.104E+02 0.104E+02 0.771E-05
 0.959E+10 0.104E+02 0.104E+02 0.803E-05
 0.998E+10 0.104E+02 0.104E+02 0.836E-05
 0.104E+11 0.104E+02 0.104E+02 0.871E-05
 0.108E+11 0.104E+02 0.104E+02 0.907E-05
 0.113E+11 0.104E+02 0.104E+02 0.945E-05
 0.117E+11 0.104E+02 0.104E+02 0.984E-05
 0.122E+11 0.104E+02 0.104E+02 0.102E-04
 0.127E+11 0.104E+02 0.104E+02 0.107E-04
 0.132E+11 0.105E+02 0.104E+02 0.111E-04
 0.137E+11 0.105E+02 0.104E+02 0.116E-04
 0.143E+11 0.105E+02 0.104E+02 0.121E-04
 0.149E+11 0.105E+02 0.105E+02 0.126E-04
 0.155E+11 0.105E+02 0.105E+02 0.131E-04
 0.161E+11 0.105E+02 0.105E+02 0.137E-04
 0.168E+11 0.106E+02 0.105E+02 0.143E-04
 0.175E+11 0.106E+02 0.105E+02 0.149E-04
 0.182E+11 0.106E+02 0.106E+02 0.155E-04
 0.189E+11 0.106E+02 0.106E+02 0.162E-04
 0.197E+11 0.107E+02 0.106E+02 0.169E-04
 0.205E+11 0.107E+02 0.107E+02 0.176E-04
 0.213E+11 0.107E+02 0.107E+02 0.184E-04
 0.222E+11 0.108E+02 0.107E+02 0.192E-04
 0.231E+11 0.108E+02 0.108E+02 0.201E-04
 0.240E+11 0.108E+02 0.108E+02 0.210E-04
 0.250E+11 0.109E+02 0.108E+02 0.219E-04
 0.260E+11 0.109E+02 0.109E+02 0.229E-04
 0.271E+11 0.110E+02 0.109E+02 0.239E-04
 0.282E+11 0.110E+02 0.110E+02 0.250E-04
 0.294E+11 0.110E+02 0.110E+02 0.261E-04
 0.306E+11 0.111E+02 0.111E+02 0.273E-04
 0.318E+11 0.111E+02 0.111E+02 0.285E-04
 0.331E+11 0.112E+02 0.112E+02 0.298E-04
 0.344E+11 0.113E+02 0.112E+02 0.312E-04
 0.358E+11 0.113E+02 0.113E+02 0.326E-04
 0.373E+11 0.114E+02 0.113E+02 0.342E-04
 0.388E+11 0.114E+02 0.114E+02 0.357E-04
 0.404E+11 0.115E+02 0.115E+02 0.374E-04
 0.420E+11 0.116E+02 0.115E+02 0.392E-04
 0.438E+11 0.116E+02 0.116E+02 0.410E-04
 0.455E+11 0.117E+02 0.117E+02 0.429E-04
 0.474E+11 0.118E+02 0.118E+02 0.450E-04
 0.493E+11 0.119E+02 0.118E+02 0.471E-04
 0.513E+11 0.119E+02 0.119E+02 0.494E-04
 0.534E+11 0.120E+02 0.120E+02 0.517E-04
 0.556E+11 0.121E+02 0.121E+02 0.542E-04
 0.579E+11 0.122E+02 0.122E+02 0.568E-04
 0.602E+11 0.123E+02 0.123E+02 0.596E-04
 0.627E+11 0.124E+02 0.124E+02 0.625E-04
 0.652E+11 0.125E+02 0.124E+02 0.655E-04
 0.679E+11 0.126E+02 0.126E+02 0.688E-04
 0.706E+11 0.127E+02 0.127E+02 0.721E-04
 0.735E+11 0.128E+02 0.128E+02 0.757E-04
 0.765E+11 0.129E+02 0.129E+02 0.795E-04
 0.796E+11 0.130E+02 0.130E+02 0.834E-04
 0.829E+11 0.131E+02 0.131E+02 0.876E-04
 0.862E+11 0.133E+02 0.132E+02 0.920E-04
 0.897E+11 0.134E+02 0.133E+02 0.966E-04
 0.934E+11 0.135E+02 0.135E+02 0.102E-03
 0.972E+11 0.136E+02 0.136E+02 0.107E-03
 0.101E+12 0.138E+02 0.138E+02 0.112E-03
 0.105E+12 0.139E+02 0.139E+02 0.118E-03
 0.110E+12 0.141E+02 0.141E+02 0.125E-03
 0.114E+12 0.143E+02 0.143E+02 0.131E-03
 0.119E+12 0.145E+02 0.145E+02 0.138E-03
 0.124E+12 0.147E+02 0.147E+02 0.146E-03
 0.129E+12 0.149E+02 0.149E+02 0.154E-03
 0.134E+12 0.151E+02 0.151E+02 0.163E-03
 0.139E+12 0.154E+02 0.153E+02 0.172E-03
 0.145E+12 0.156E+02 0.156E+02 0.182E-03
 0.151E+12 0.159E+02 0.158E+02 0.193E-03
 0.157E+12 0.161E+02 0.161E+02 0.204E-03
 0.163E+12 0.164E+02 0.164E+02 0.216E-03
 0.170E+12 0.167E+02 0.167E+02 0.229E-03
 0.177E+12 0.170E+02 0.170E+02 0.243E-03
 0.184E+12 0.174E+02 0.173E+02 0.257E-03
 0.192E+12 0.177E+02 0.176E+02 0.273E-03
 0.200E+12 0.180E+02 0.180E+02 0.290E-03
 0.208E+12 0.184E+02 0.183E+02 0.308E-03
 0.216E+12 0.188E+02 0.187E+02 0.327E-03
 0.225E+12 0.192E+02 0.191E+02 0.347E-03
 0.234E+12 0.196E+02 0.195E+02 0.369E-03
 0.244E+12 0.200E+02 0.199E+02 0.392E-03
 0.254E+12 0.204E+02 0.204E+02 0.417E-03
 0.264E+12 0.209E+02 0.208E+02 0.444E-03
 0.275E+12 0.213E+02 0.213E+02 0.472E-03
 0.286E+12 0.218E+02 0.217E+02 0.502E-03
 0.298E+12 0.223E+02 0.222E+02 0.534E-03
 0.310E+12 0.228E+02 0.227E+02 0.569E-03
 0.323E+12 0.233E+02 0.233E+02 0.606E-03
 0.336E+12 0.239E+02 0.238E+02 0.645E-03
 0.350E+12 0.244E+02 0.244E+02 0.688E-03
 0.364E+12 0.250E+02 0.250E+02 0.733E-03
 0.379E+12 0.256E+02 0.256E+02 0.781E-03
 0.394E+12 0.262E+02 0.262E+02 0.832E-03
 0.410E+12 0.269E+02 0.268E+02 0.887E-03
 0.427E+12 0.275E+02 0.275E+02 0.946E-03
 0.444E+12 0.282E+02 0.281E+02 0.101E-02
 0.463E+12 0.289E+02 0.288E+02 0.108E-02
 0.481E+12 0.296E+02 0.295E+02 0.115E-02
 0.501E+12 0.304E+02 0.303E+02 0.122E-02
 0.522E+12 0.311E+02 0.310E+02 0.131E-02
 0.543E+12 0.319E+02 0.318E+02 0.139E-02
 0.565E+12 0.327E+02 0.326E+02 0.149E-02
 0.588E+12 0.335E+02 0.335E+02 0.159E-02
 0.612E+12 0.344E+02 0.343E+02 0.169E-02
 0.637E+12 0.353E+02 0.352E+02 0.181E-02
 0.663E+12 0.362E+02 0.361E+02 0.193E-02
 0.690E+12 0.371E+02 0.370E+02 0.206E-02
 0.718E+12 0.381E+02 0.380E+02 0.220E-02
 0.747E+12 0.390E+02 0.389E+02 0.235E-02
 0.778E+12 0.401E+02 0.400E+02 0.251E-02
 0.810E+12 0.411E+02 0.410E+02 0.268E-02
 0.843E+12 0.422E+02 0.421E+02 0.286E-02
 0.877E+12 0.433E+02 0.431E+02 0.305E-02
 0.913E+12 0.444E+02 0.443E+02 0.326E-02
 0.950E+12 0.455E+02 0.454E+02 0.348E-02
 0.989E+12 0.467E+02 0.466E+02 0.372E-02
 0.103E+13 0.479E+02 0.478E+02 0.397E-02
 0.107E+13 0.492E+02 0.490E+02 0.424E-02
 0.112E+13 0.504E+02 0.503E+02 0.453E-02
 0.116E+13 0.517E+02 0.516E+02 0.483E-02
 0.121E+13 0.530E+02 0.529E+02 0.516E-02
 0.126E+13 0.544E+02 0.543E+02 0.550E-02
 0.131E+13 0.558E+02 0.556E+02 0.587E-02
 0.136E+13 0.572E+02 0.570E+02 0.627E-02
 0.142E+13 0.586E+02 0.585E+02 0.669E-02
 0.148E+13 0.600E+02 0.599E+02 0.713E-02
 0.154E+13 0.615E+02 0.614E+02 0.761E-02
 0.160E+13 0.630E+02 0.629E+02 0.811E-02
 0.166E+13 0.645E+02 0.644E+02 0.864E-02
 0.173E+13 0.661E+02 0.659E+02 0.921E-02
 0.180E+13 0.676E+02 0.675E+02 0.981E-02
 0.188E+13 0.692E+02 0.690E+02 0.104E-01
 0.195E+13 0.708E+02 0.706E+02 0.111E-01
 0.203E+13 0.724E+02 0.722E+02 0.118E-01
 0.211E+13 0.740E+02 0.738E+02 0.126E-01
 0.220E+13 0.756E+02 0.754E+02 0.134E-01
 0.229E+13 0.772E+02 0.771E+02 0.142E-01
 0.238E+13 0.789E+02 0.787E+02 0.151E-01
 0.248E+13 0.805E+02 0.804E+02 0.161E-01
 0.258E+13 0.822E+02 0.820E+02 0.171E-01
 0.269E+13 0.839E+02 0.837E+02 0.182E-01
 0.280E+13 0.856E+02 0.854E+02 0.193E-01
 0.291E+13 0.872E+02 0.871E+02 0.205E-01
 0.303E+13 0.889E+02 0.888E+02 0.217E-01
 0.315E+13 0.907E+02 0.905E+02 0.230E-01
 0.328E+13 0.924E+02 0.922E+02 0.244E-01
 0.342E+13 0.941E+02 0.939E+02 0.259E-01
 0.356E+13 0.958E+02 0.956E+02 0.274E-01
 0.370E+13 0.976E+02 0.974E+02 0.291E-01
 0.385E+13 0.993E+02 0.991E+02 0.308E-01
 0.401E+13 0.101E+03 0.101E+03 0.326E-01
 0.417E+13 0.103E+03 0.103E+03 0.346E-01
 0.434E+13 0.105E+03 0.104E+03 0.366E-01
 0.452E+13 0.106E+03 0.106E+03 0.387E-01
 0.471E+13 0.108E+03 0.108E+03 0.410E-01
 0.490E+13 0.110E+03 0.110E+03 0.434E-01
 0.510E+13 0.112E+03 0.112E+03 0.459E-01
 0.531E+13 0.114E+03 0.114E+03 0.486E-01
 0.552E+13 0.116E+03 0.115E+03 0.514E-01
 0.575E+13 0.117E+03 0.117E+03 0.543E-01
 0.598E+13 0.119E+03 0.119E+03 0.575E-01
 0.623E+13 0.121E+03 0.121E+03 0.608E-01
 0.648E+13 0.123E+03 0.123E+03 0.642E-01
 0.675E+13 0.125E+03 0.125E+03 0.679E-01
 0.702E+13 0.127E+03 0.127E+03 0.718E-01
 0.731E+13 0.129E+03 0.129E+03 0.759E-01
 0.761E+13 0.131E+03 0.131E+03 0.802E-01
 0.792E+13 0.133E+03 0.133E+03 0.847E-01
 0.824E+13 0.135E+03 0.135E+03 0.895E-01
 0.858E+13 0.137E+03 0.137E+03 0.946E-01
 0.893E+13 0.139E+03 0.139E+03 0.100E+00
 0.929E+13 0.141E+03 0.141E+03 0.106E+00
 0.967E+13 0.143E+03 0.143E+03 0.112E+00
 0.101E+14 0.146E+03 0.145E+03 0.118E+00
 0.105E+14 0.148E+03 0.148E+03 0.125E+00
 0.109E+14 0.150E+03 0.150E+03 0.132E+00
 0.113E+14 0.152E+03 0.152E+03 0.139E+00
 0.118E+14 0.154E+03 0.154E+03 0.147E+00
 0.123E+14 0.157E+03 0.156E+03 0.155E+00
 0.128E+14 0.159E+03 0.159E+03 0.164E+00
 0.133E+14 0.161E+03 0.161E+03 0.173E+00
 0.139E+14 0.164E+03 0.163E+03 0.183E+00
 0.144E+14 0.166E+03 0.166E+03 0.193E+00
 0.150E+14 0.169E+03 0.168E+03 0.204E+00
 0.156E+14 0.171E+03 0.171E+03 0.215E+00
 0.163E+14 0.174E+03 0.173E+03 0.227E+00
 0.169E+14 0.176E+03 0.176E+03 0.240E+00
 0.176E+14 0.179E+03 0.178E+03 0.253E+00
 0.183E+14 0.181E+03 0.181E+03 0.268E+00
 0.191E+14 0.184E+03 0.184E+03 0.283E+00
 0.199E+14 0.187E+03 0.186E+03 0.298E+00
 0.207E+14 0.189E+03 0.189E+03 0.315E+00
 0.215E+14 0.192E+03 0.192E+03 0.333E+00
 0.224E+14 0.195E+03 0.195E+03 0.352E+00
 0.233E+14 0.198E+03 0.198E+03 0.371E+00
 0.243E+14 0.201E+03 0.200E+03 0.392E+00
 0.253E+14 0.204E+03 0.203E+03 0.414E+00
 0.263E+14 0.207E+03 0.206E+03 0.437E+00
 0.274E+14 0.210E+03 0.209E+03 0.462E+00
 0.285E+14 0.213E+03 0.213E+03 0.488E+00
 0.296E+14 0.216E+03 0.216E+03 0.515E+00
 0.308E+14 0.219E+03 0.219E+03 0.544E+00
 0.321E+14 0.222E+03 0.222E+03 0.575E+00
 0.334E+14 0.226E+03 0.225E+03 0.607E+00
 0.348E+14 0.229E+03 0.229E+03 0.641E+00
 0.362E+14 0.233E+03 0.232E+03 0.677E+00
 0.377E+14 0.236E+03 0.236E+03 0.716E+00
 0.392E+14 0.240E+03 0.239E+03 0.756E+00
 0.408E+14 0.243E+03 0.243E+03 0.799E+00
 0.425E+14 0.247E+03 0.246E+03 0.844E+00
 0.442E+14 0.251E+03 0.250E+03 0.892E+00
 0.460E+14 0.254E+03 0.254E+03 0.942E+00
 0.479E+14 0.258E+03 0.258E+03 0.996E+00
 0.498E+14 0.262E+03 0.262E+03 0.105E+01
 0.519E+14 0.266E+03 0.266E+03 0.111E+01
 0.540E+14 0.270E+03 0.270E+03 0.118E+01
 0.562E+14 0.275E+03 0.274E+03 0.124E+01
 0.585E+14 0.279E+03 0.278E+03 0.131E+01
 0.609E+14 0.283E+03 0.283E+03 0.139E+01
 0.634E+14 0.288E+03 0.287E+03 0.147E+01
 0.660E+14 0.292E+03 0.292E+03 0.155E+01
 0.686E+14 0.297E+03 0.296E+03 0.164E+01
 0.714E+14 0.302E+03 0.301E+03 0.173E+01
 0.744E+14 0.306E+03 0.306E+03 0.183E+01
 0.774E+14 0.311E+03 0.311E+03 0.194E+01
 0.806E+14 0.316E+03 0.316E+03 0.205E+01
 0.838E+14 0.321E+03 0.321E+03 0.217E+01
 0.873E+14 0.327E+03 0.326E+03 0.229E+01
 0.908E+14 0.332E+03 0.331E+03 0.243E+01
 0.945E+14 0.337E+03 0.337E+03 0.257E+01
 0.984E+14 0.343E+03 0.342E+03 0.272E+01
