 0.100E+00 0.300E+03 0.100E+02 0.449E-14
 0.100E+00 0.300E+03 0.100E+02 0.449E-14
 0.100E+00 0.300E+03 0.100E+02 0.449E-14
 0.100E+00 0.300E+03 0.100E+02 0.449E-14
 0.100E+00 0.300E+03 0.100E+02 0.449E-14
 0.100E+00 0.300E+03 0.100E+02 0.449E-14
 0.100E+00 0.300E+03 0.100E+02 0.449E-14
 0.100E+00 0.300E+03 0.100E+02 0.449E-14
 0.100E+00 0.300E+03 0.100E+02 0.449E-14
 0.100E+00 0.300E+03 0.100E+02 0.449E-14
 0.100E+00 0.300E+03 0.100E+02 0.449E-14
 0.100E+00 0.300E+03 0.100E+02 0.449E-14
 0.100E+00 0.300E+03 0.100E+02 0.449E-14
 0.100E+00 0.300E+03 0.100E+02 0.448E-14
 0.100E+00 0.299E+03 0.100E+02 0.447E-14
 0.100E+00 0.293E+03 0.100E+02 0.439E-14
 0.100E+00 0.282E+03 0.100E+02 0.423E-14
 0.101E+00 0.271E+03 0.100E+02 0.409E-14
 0.101E+00 0.261E+03 0.100E+02 0.394E-14
 0.101E+00 0.251E+03 0.100E+02 0.380E-14
 0.101E+00 0.242E+03 0.100E+02 0.367E-14
 0.102E+00 0.233E+03 0.100E+02 0.354E-14
 0.102E+00 0.224E+03 0.100E+02 0.342E-14
 0.102E+00 0.216E+03 0.100E+02 0.330E-14
 0.102E+00 0.208E+03 0.100E+02 0.318E-14
 0.103E+00 0.200E+03 0.100E+02 0.307E-14
 0.103E+00 0.192E+03 0.100E+02 0.296E-14
 0.103E+00 0.185E+03 0.100E+02 0.285E-14
 0.103E+00 0.178E+03 0.100E+02 0.275E-14
 0.104E+00 0.171E+03 0.100E+02 0.266E-14
 0.104E+00 0.165E+03 0.100E+02 0.256E-14
 0.104E+00 0.159E+03 0.100E+02 0.247E-14
 0.104E+00 0.153E+03 0.100E+02 0.238E-14
 0.105E+00 0.147E+03 0.100E+02 0.230E-14
 0.105E+00 0.141E+03 0.100E+02 0.222E-14
 0.105E+00 0.136E+03 0.100E+02 0.214E-14
 0.105E+00 0.131E+03 0.100E+02 0.206E-14
 0.106E+00 0.126E+03 0.100E+02 0.199E-14
 0.106E+00 0.121E+03 0.100E+02 0.192E-14
 0.106E+00 0.117E+03 0.100E+02 0.185E-14
 0.106E+00 0.112E+03 0.100E+02 0.178E-14
 0.107E+00 0.108E+03 0.100E+02 0.172E-14
 0.107E+00 0.104E+03 0.100E+02 0.166E-14
 0.107E+00 0.100E+03 0.100E+02 0.160E-14
 0.107E+00 0.964E+02 0.100E+02 0.154E-14
 0.108E+00 0.927E+02 0.100E+02 0.149E-14
 0.108E+00 0.892E+02 0.100E+02 0.144E-14
 0.108E+00 0.859E+02 0.100E+02 0.139E-14
 0.108E+00 0.827E+02 0.100E+02 0.134E-14
 0.109E+00 0.796E+02 0.100E+02 0.129E-14
 0.109E+00 0.766E+02 0.100E+02 0.124E-14
 0.109E+00 0.737E+02 0.100E+02 0.120E-14
 0.109E+00 0.709E+02 0.100E+02 0.116E-14
 0.110E+00 0.683E+02 0.100E+02 0.112E-14
 0.110E+00 0.657E+02 0.100E+02 0.108E-14
 0.110E+00 0.633E+02 0.100E+02 0.104E-14
 0.110E+00 0.609E+02 0.100E+02 0.101E-14
 0.111E+00 0.587E+02 0.100E+02 0.971E-15
 0.111E+00 0.565E+02 0.100E+02 0.937E-15
 0.111E+00 0.544E+02 0.100E+02 0.905E-15
 0.112E+00 0.524E+02 0.100E+02 0.874E-15
 0.112E+00 0.504E+02 0.100E+02 0.844E-15
 0.112E+00 0.486E+02 0.100E+02 0.816E-15
 0.113E+00 0.468E+02 0.100E+02 0.788E-15
 0.113E+00 0.450E+02 0.100E+02 0.762E-15
 0.114E+00 0.434E+02 0.100E+02 0.736E-15
 0.114E+00 0.418E+02 0.100E+02 0.712E-15
 0.115E+00 0.403E+02 0.100E+02 0.689E-15
 0.115E+00 0.388E+02 0.100E+02 0.667E-15
 0.115E+00 0.374E+02 0.100E+02 0.645E-15
 0.116E+00 0.361E+02 0.100E+02 0.625E-15
 0.117E+00 0.348E+02 0.100E+02 0.605E-15
 0.117E+00 0.335E+02 0.100E+02 0.587E-15
 0.118E+00 0.324E+02 0.100E+02 0.569E-15
 0.118E+00 0.312E+02 0.100E+02 0.552E-15
 0.119E+00 0.301E+02 0.100E+02 0.536E-15
 0.120E+00 0.291E+02 0.100E+02 0.521E-15
 0.121E+00 0.281E+02 0.100E+02 0.507E-15
 0.122E+00 0.271E+02 0.100E+02 0.493E-15
 0.123E+00 0.262E+02 0.100E+02 0.480E-15
 0.124E+00 0.253E+02 0.100E+02 0.468E-15
 0.125E+00 0.245E+02 0.100E+02 0.457E-15
 0.126E+00 0.237E+02 0.100E+02 0.447E-15
 0.128E+00 0.230E+02 0.100E+02 0.437E-15
 0.129E+00 0.222E+02 0.100E+02 0.428E-15
 0.131E+00 0.216E+02 0.100E+02 0.420E-15
 0.132E+00 0.209E+02 0.100E+02 0.413E-15
 0.134E+00 0.203E+02 0.100E+02 0.406E-15
 0.136E+00 0.197E+02 0.100E+02 0.400E-15
 0.138E+00 0.191E+02 0.100E+02 0.394E-15
 0.141E+00 0.186E+02 0.100E+02 0.389E-15
 0.143E+00 0.180E+02 0.100E+02 0.385E-15
 0.145E+00 0.175E+02 0.100E+02 0.380E-15
 0.148E+00 0.171E+02 0.100E+02 0.377E-15
 0.151E+00 0.166E+02 0.100E+02 0.374E-15
 0.154E+00 0.162E+02 0.100E+02 0.371E-15
 0.157E+00 0.157E+02 0.100E+02 0.368E-15
 0.160E+00 0.153E+02 0.100E+02 0.365E-15
 0.163E+00 0.149E+02 0.100E+02 0.363E-15
 0.167E+00 0.145E+02 0.100E+02 0.361E-15
 0.170E+00 0.142E+02 0.100E+02 0.360E-15
 0.174E+00 0.138E+02 0.100E+02 0.358E-15
 0.178E+00 0.135E+02 0.100E+02 0.357E-15
 0.182E+00 0.131E+02 0.100E+02 0.356E-15
 0.186E+00 0.128E+02 0.100E+02 0.355E-15
 0.190E+00 0.125E+02 0.100E+02 0.354E-15
 0.195E+00 0.122E+02 0.100E+02 0.354E-15
 0.199E+00 0.119E+02 0.100E+02 0.353E-15
 0.204E+00 0.116E+02 0.100E+02 0.354E-15
 0.209E+00 0.114E+02 0.100E+02 0.354E-15
 0.215E+00 0.111E+02 0.100E+02 0.355E-15
 0.220E+00 0.109E+02 0.100E+02 0.356E-15
 0.226E+00 0.106E+02 0.100E+02 0.357E-15
 0.232E+00 0.104E+02 0.100E+02 0.359E-15
 0.239E+00 0.102E+02 0.100E+02 0.361E-15
 0.246E+00 0.997E+01 0.100E+02 0.364E-15
 0.253E+00 0.977E+01 0.100E+02 0.367E-15
 0.261E+00 0.958E+01 0.100E+02 0.371E-15
 0.269E+00 0.940E+01 0.100E+02 0.376E-15
 0.278E+00 0.923E+01 0.100E+02 0.381E-15
 0.287E+00 0.907E+01 0.100E+02 0.387E-15
 0.297E+00 0.892E+01 0.100E+02 0.393E-15
 0.308E+00 0.878E+01 0.100E+02 0.401E-15
 0.319E+00 0.864E+01 0.100E+02 0.409E-15
 0.331E+00 0.852E+01 0.100E+02 0.419E-15
 0.344E+00 0.840E+01 0.100E+02 0.429E-15
 0.358E+00 0.829E+01 0.100E+02 0.441E-15
 0.373E+00 0.820E+01 0.100E+02 0.453E-15
 0.388E+00 0.811E+01 0.100E+02 0.467E-15
 0.404E+00 0.803E+01 0.100E+02 0.481E-15
 0.420E+00 0.796E+01 0.100E+02 0.496E-15
 0.438E+00 0.789E+01 0.100E+02 0.511E-15
 0.455E+00 0.783E+01 0.100E+02 0.528E-15
 0.474E+00 0.778E+01 0.100E+02 0.546E-15
 0.493E+00 0.773E+01 0.100E+02 0.564E-15
 0.514E+00 0.768E+01 0.100E+02 0.583E-15
 0.534E+00 0.764E+01 0.100E+02 0.604E-15
 0.556E+00 0.760E+01 0.100E+02 0.625E-15
 0.579E+00 0.756E+01 0.100E+02 0.647E-15
 0.603E+00 0.753E+01 0.100E+02 0.670E-15
 0.627E+00 0.749E+01 0.100E+02 0.694E-15
 0.653E+00 0.747E+01 0.100E+02 0.720E-15
 0.679E+00 0.744E+01 0.100E+02 0.746E-15
 0.707E+00 0.741E+01 0.100E+02 0.774E-15
 0.736E+00 0.739E+01 0.100E+02 0.802E-15
 0.766E+00 0.736E+01 0.100E+02 0.832E-15
 0.797E+00 0.734E+01 0.100E+02 0.863E-15
 0.830E+00 0.732E+01 0.100E+02 0.895E-15
 0.864E+00 0.730E+01 0.100E+02 0.929E-15
 0.899E+00 0.728E+01 0.100E+02 0.964E-15
 0.936E+00 0.727E+01 0.100E+02 0.100E-14
 0.974E+00 0.725E+01 0.100E+02 0.104E-14
 0.101E+01 0.723E+01 0.100E+02 0.108E-14
 0.106E+01 0.722E+01 0.100E+02 0.112E-14
 0.110E+01 0.720E+01 0.100E+02 0.116E-14
 0.114E+01 0.719E+01 0.100E+02 0.121E-14
 0.119E+01 0.718E+01 0.100E+02 0.125E-14
 0.124E+01 0.717E+01 0.100E+02 0.130E-14
 0.129E+01 0.716E+01 0.100E+02 0.135E-14
 0.134E+01 0.714E+01 0.100E+02 0.141E-14
 0.140E+01 0.713E+01 0.100E+02 0.146E-14
 0.145E+01 0.713E+01 0.100E+02 0.152E-14
 0.151E+01 0.712E+01 0.100E+02 0.158E-14
 0.157E+01 0.711E+01 0.100E+02 0.164E-14
 0.164E+01 0.710E+01 0.100E+02 0.170E-14
 0.171E+01 0.709E+01 0.100E+02 0.177E-14
 0.177E+01 0.709E+01 0.100E+02 0.184E-14
 0.185E+01 0.708E+01 0.100E+02 0.191E-14
 0.192E+01 0.708E+01 0.100E+02 0.199E-14
 0.200E+01 0.707E+01 0.100E+02 0.206E-14
 0.208E+01 0.707E+01 0.100E+02 0.215E-14
 0.217E+01 0.706E+01 0.100E+02 0.223E-14
 0.226E+01 0.706E+01 0.100E+02 0.232E-14
 0.235E+01 0.706E+01 0.100E+02 0.241E-14
 0.244E+01 0.705E+01 0.100E+02 0.251E-14
 0.254E+01 0.705E+01 0.100E+02 0.261E-14
 0.265E+01 0.705E+01 0.100E+02 0.271E-14
 0.276E+01 0.705E+01 0.100E+02 0.282E-14
 0.287E+01 0.705E+01 0.100E+02 0.293E-14
 0.298E+01 0.705E+01 0.100E+02 0.305E-14
 0.311E+01 0.705E+01 0.100E+02 0.318E-14
 0.323E+01 0.706E+01 0.100E+02 0.330E-14
 0.337E+01 0.706E+01 0.100E+02 0.344E-14
 0.350E+01 0.706E+01 0.100E+02 0.358E-14
 0.365E+01 0.707E+01 0.100E+02 0.372E-14
 0.379E+01 0.707E+01 0.100E+02 0.387E-14
 0.395E+01 0.707E+01 0.100E+02 0.403E-14
 0.411E+01 0.708E+01 0.100E+02 0.420E-14
 0.428E+01 0.709E+01 0.100E+02 0.437E-14
 0.445E+01 0.709E+01 0.100E+02 0.455E-14
 0.463E+01 0.710E+01 0.100E+02 0.473E-14
 0.482E+01 0.711E+01 0.100E+02 0.493E-14
 0.502E+01 0.712E+01 0.100E+02 0.513E-14
 0.523E+01 0.712E+01 0.100E+02 0.534E-14
 0.544E+01 0.713E+01 0.100E+02 0.556E-14
 0.566E+01 0.714E+01 0.100E+02 0.579E-14
 0.589E+01 0.715E+01 0.100E+02 0.603E-14
 0.613E+01 0.717E+01 0.100E+02 0.628E-14
 0.638E+01 0.718E+01 0.100E+02 0.654E-14
 0.664E+01 0.719E+01 0.100E+02 0.681E-14
 0.691E+01 0.720E+01 0.100E+02 0.710E-14
 0.720E+01 0.722E+01 0.100E+02 0.739E-14
 0.749E+01 0.723E+01 0.100E+02 0.770E-14
 0.780E+01 0.724E+01 0.100E+02 0.802E-14
 0.811E+01 0.726E+01 0.100E+02 0.836E-14
 0.844E+01 0.727E+01 0.100E+02 0.871E-14
 0.879E+01 0.729E+01 0.100E+02 0.907E-14
 0.915E+01 0.731E+01 0.100E+02 0.945E-14
 0.952E+01 0.732E+01 0.100E+02 0.985E-14
 0.991E+01 0.734E+01 0.100E+02 0.103E-13
 0.103E+02 0.736E+01 0.100E+02 0.107E-13
 0.107E+02 0.737E+01 0.100E+02 0.111E-13
 0.112E+02 0.739E+01 0.100E+02 0.116E-13
 0.116E+02 0.741E+01 0.100E+02 0.121E-13
 0.121E+02 0.743E+01 0.100E+02 0.126E-13
 0.126E+02 0.745E+01 0.100E+02 0.131E-13
 0.131E+02 0.747E+01 0.100E+02 0.137E-13
 0.136E+02 0.749E+01 0.100E+02 0.143E-13
 0.142E+02 0.751E+01 0.100E+02 0.149E-13
 0.148E+02 0.753E+01 0.100E+02 0.155E-13
 0.154E+02 0.755E+01 0.100E+02 0.161E-13
 0.160E+02 0.757E+01 0.100E+02 0.168E-13
 0.167E+02 0.759E+01 0.100E+02 0.175E-13
 0.173E+02 0.761E+01 0.100E+02 0.183E-13
 0.181E+02 0.763E+01 0.100E+02 0.190E-13
 0.188E+02 0.765E+01 0.100E+02 0.198E-13
 0.196E+02 0.768E+01 0.100E+02 0.207E-13
 0.204E+02 0.770E+01 0.100E+02 0.215E-13
 0.212E+02 0.772E+01 0.100E+02 0.224E-13
 0.221E+02 0.774E+01 0.100E+02 0.234E-13
 0.230E+02 0.776E+01 0.100E+02 0.244E-13
 0.239E+02 0.779E+01 0.100E+02 0.254E-13
 0.249E+02 0.781E+01 0.100E+02 0.264E-13
 0.259E+02 0.783E+01 0.100E+02 0.276E-13
 0.269E+02 0.785E+01 0.100E+02 0.287E-13
 0.280E+02 0.788E+01 0.100E+02 0.299E-13
 0.292E+02 0.790E+01 0.100E+02 0.311E-13
 0.304E+02 0.792E+01 0.100E+02 0.324E-13
 0.316E+02 0.794E+01 0.100E+02 0.338E-13
 0.329E+02 0.797E+01 0.100E+02 0.352E-13
 0.342E+02 0.799E+01 0.100E+02 0.367E-13
 0.356E+02 0.801E+01 0.100E+02 0.382E-13
 0.371E+02 0.804E+01 0.100E+02 0.398E-13
 0.386E+02 0.806E+01 0.100E+02 0.414E-13
 0.402E+02 0.808E+01 0.100E+02 0.432E-13
 0.418E+02 0.811E+01 0.100E+02 0.449E-13
 0.435E+02 0.813E+01 0.100E+02 0.468E-13
 0.453E+02 0.816E+01 0.100E+02 0.487E-13
 0.472E+02 0.818E+01 0.100E+02 0.507E-13
 0.491E+02 0.820E+01 0.100E+02 0.528E-13
 0.511E+02 0.823E+01 0.100E+02 0.550E-13
 0.532E+02 0.825E+01 0.100E+02 0.573E-13
 0.553E+02 0.828E+01 0.100E+02 0.596E-13
 0.576E+02 0.830E+01 0.100E+02 0.621E-13
 0.600E+02 0.833E+01 0.100E+02 0.646E-13
 0.624E+02 0.835E+01 0.100E+02 0.673E-13
 0.649E+02 0.838E+01 0.100E+02 0.700E-13
 0.676E+02 0.840E+01 0.100E+02 0.729E-13
 0.704E+02 0.843E+01 0.100E+02 0.759E-13
 0.732E+02 0.845E+01 0.100E+02 0.790E-13
 0.762E+02 0.848E+01 0.100E+02 0.822E-13
 0.793E+02 0.850E+01 0.100E+02 0.856E-13
 0.826E+02 0.853E+01 0.100E+02 0.890E-13
 0.859E+02 0.855E+01 0.100E+02 0.927E-13
 0.894E+02 0.858E+01 0.100E+02 0.964E-13
 0.931E+02 0.861E+01 0.100E+02 0.100E-12
 0.969E+02 0.863E+01 0.100E+02 0.104E-12
 0.101E+03 0.865E+01 0.100E+02 0.108E-12
 0.105E+03 0.868E+01 0.100E+02 0.113E-12
 0.109E+03 0.871E+01 0.100E+02 0.117E-12
 0.114E+03 0.875E+01 0.100E+02 0.122E-12
 0.118E+03 0.879E+01 0.100E+02 0.127E-12
 0.123E+03 0.883E+01 0.100E+02 0.132E-12
 0.128E+03 0.887E+01 0.100E+02 0.137E-12
 0.133E+03 0.891E+01 0.100E+02 0.142E-12
 0.139E+03 0.895E+01 0.100E+02 0.148E-12
 0.144E+03 0.898E+01 0.100E+02 0.154E-12
 0.150E+03 0.902E+01 0.100E+02 0.160E-12
 0.156E+03 0.906E+01 0.100E+02 0.166E-12
 0.163E+03 0.910E+01 0.100E+02 0.173E-12
 0.169E+03 0.913E+01 0.100E+02 0.180E-12
 0.176E+03 0.917E+01 0.100E+02 0.187E-12
 0.184E+03 0.921E+01 0.100E+02 0.194E-12
 0.191E+03 0.925E+01 0.100E+02 0.202E-12
 0.199E+03 0.928E+01 0.100E+02 0.210E-12
 0.207E+03 0.932E+01 0.100E+02 0.218E-12
 0.215E+03 0.936E+01 0.100E+02 0.226E-12
 0.224E+03 0.939E+01 0.100E+02 0.235E-12
 0.233E+03 0.943E+01 0.100E+02 0.244E-12
 0.243E+03 0.947E+01 0.100E+02 0.254E-12
 0.253E+03 0.951E+01 0.100E+02 0.264E-12
 0.263E+03 0.954E+01 0.100E+02 0.274E-12
 0.274E+03 0.958E+01 0.100E+02 0.284E-12
 0.285E+03 0.962E+01 0.100E+02 0.296E-12
 0.297E+03 0.966E+01 0.100E+02 0.307E-12
 0.309E+03 0.969E+01 0.100E+02 0.319E-12
 0.321E+03 0.973E+01 0.100E+02 0.331E-12
 0.334E+03 0.977E+01 0.100E+02 0.344E-12
 0.348E+03 0.981E+01 0.100E+02 0.357E-12
 0.362E+03 0.984E+01 0.100E+02 0.371E-12
 0.377E+03 0.988E+01 0.100E+02 0.385E-12
 0.392E+03 0.992E+01 0.100E+02 0.400E-12
 0.408E+03 0.996E+01 0.100E+02 0.416E-12
 0.425E+03 0.999E+01 0.100E+02 0.432E-12
 0.443E+03 0.100E+02 0.100E+02 0.448E-12
 0.461E+03 0.101E+02 0.100E+02 0.466E-12
 0.479E+03 0.101E+02 0.100E+02 0.484E-12
 0.499E+03 0.101E+02 0.100E+02 0.502E-12
 0.519E+03 0.102E+02 0.100E+02 0.522E-12
 0.540E+03 0.102E+02 0.100E+02 0.542E-12
 0.563E+03 0.103E+02 0.100E+02 0.563E-12
 0.586E+03 0.103E+02 0.100E+02 0.585E-12
 0.609E+03 0.103E+02 0.100E+02 0.607E-12
 0.634E+03 0.104E+02 0.100E+02 0.630E-12
 0.660E+03 0.104E+02 0.100E+02 0.655E-12
 0.687E+03 0.104E+02 0.100E+02 0.680E-12
 0.715E+03 0.105E+02 0.100E+02 0.706E-12
 0.744E+03 0.105E+02 0.100E+02 0.733E-12
 0.775E+03 0.105E+02 0.100E+02 0.761E-12
 0.806E+03 0.106E+02 0.100E+02 0.790E-12
 0.839E+03 0.106E+02 0.100E+02 0.821E-12
 0.874E+03 0.106E+02 0.100E+02 0.852E-12
 0.909E+03 0.106E+02 0.100E+02 0.884E-12
 0.946E+03 0.107E+02 0.100E+02 0.918E-12
 0.985E+03 0.107E+02 0.100E+02 0.953E-12
 0.103E+04 0.107E+02 0.100E+02 0.990E-12
 0.107E+04 0.107E+02 0.100E+02 0.103E-11
 0.111E+04 0.107E+02 0.100E+02 0.107E-11
 0.116E+04 0.108E+02 0.100E+02 0.111E-11
 0.120E+04 0.108E+02 0.100E+02 0.115E-11
 0.125E+04 0.108E+02 0.100E+02 0.119E-11
 0.130E+04 0.108E+02 0.100E+02 0.124E-11
 0.136E+04 0.108E+02 0.100E+02 0.128E-11
 0.141E+04 0.108E+02 0.100E+02 0.133E-11
 0.147E+04 0.108E+02 0.100E+02 0.138E-11
 0.153E+04 0.109E+02 0.100E+02 0.144E-11
 0.159E+04 0.109E+02 0.100E+02 0.149E-11
 0.166E+04 0.109E+02 0.100E+02 0.155E-11
 0.172E+04 0.109E+02 0.100E+02 0.160E-11
 0.179E+04 0.109E+02 0.100E+02 0.166E-11
 0.187E+04 0.109E+02 0.100E+02 0.173E-11
 0.194E+04 0.109E+02 0.100E+02 0.179E-11
 0.202E+04 0.109E+02 0.100E+02 0.186E-11
 0.211E+04 0.109E+02 0.100E+02 0.193E-11
 0.219E+04 0.109E+02 0.100E+02 0.200E-11
 0.228E+04 0.108E+02 0.100E+02 0.208E-11
 0.238E+04 0.108E+02 0.100E+02 0.215E-11
 0.247E+04 0.108E+02 0.100E+02 0.223E-11
 0.257E+04 0.108E+02 0.100E+02 0.232E-11
 0.268E+04 0.108E+02 0.100E+02 0.240E-11
 0.279E+04 0.108E+02 0.100E+02 0.249E-11
 0.290E+04 0.108E+02 0.100E+02 0.258E-11
 0.302E+04 0.107E+02 0.100E+02 0.268E-11
 0.314E+04 0.107E+02 0.100E+02 0.278E-11
 0.327E+04 0.107E+02 0.100E+02 0.288E-11
 0.340E+04 0.107E+02 0.100E+02 0.299E-11
 0.354E+04 0.107E+02 0.100E+02 0.310E-11
 0.369E+04 0.106E+02 0.100E+02 0.321E-11
 0.384E+04 0.106E+02 0.100E+02 0.333E-11
 0.400E+04 0.106E+02 0.100E+02 0.346E-11
 0.416E+04 0.106E+02 0.100E+02 0.358E-11
 0.433E+04 0.105E+02 0.100E+02 0.372E-11
 0.450E+04 0.105E+02 0.100E+02 0.385E-11
 0.469E+04 0.105E+02 0.100E+02 0.400E-11
 0.488E+04 0.104E+02 0.100E+02 0.414E-11
 0.508E+04 0.104E+02 0.100E+02 0.430E-11
 0.529E+04 0.104E+02 0.100E+02 0.446E-11
 0.550E+04 0.104E+02 0.100E+02 0.462E-11
 0.573E+04 0.103E+02 0.100E+02 0.479E-11
 0.596E+04 0.103E+02 0.100E+02 0.497E-11
 0.620E+04 0.103E+02 0.100E+02 0.516E-11
 0.646E+04 0.102E+02 0.100E+02 0.535E-11
 0.672E+04 0.102E+02 0.100E+02 0.555E-11
 0.699E+04 0.102E+02 0.100E+02 0.576E-11
 0.728E+04 0.102E+02 0.100E+02 0.598E-11
 0.758E+04 0.101E+02 0.100E+02 0.620E-11
 0.788E+04 0.101E+02 0.100E+02 0.644E-11
 0.821E+04 0.101E+02 0.100E+02 0.668E-11
 0.854E+04 0.101E+02 0.100E+02 0.694E-11
 0.889E+04 0.100E+02 0.100E+02 0.721E-11
 0.925E+04 0.100E+02 0.100E+02 0.748E-11
 0.963E+04 0.100E+02 0.100E+02 0.777E-11
 0.100E+05 0.100E+02 0.100E+02 0.808E-11
 0.104E+05 0.998E+01 0.100E+02 0.839E-11
 0.109E+05 0.997E+01 0.100E+02 0.872E-11
 0.113E+05 0.996E+01 0.100E+02 0.907E-11
 0.118E+05 0.995E+01 0.100E+02 0.943E-11
 0.122E+05 0.995E+01 0.100E+02 0.980E-11
 0.127E+05 0.994E+01 0.100E+02 0.102E-10
 0.133E+05 0.994E+01 0.100E+02 0.106E-10
 0.138E+05 0.994E+01 0.100E+02 0.110E-10
 0.144E+05 0.994E+01 0.100E+02 0.115E-10
 0.149E+05 0.994E+01 0.100E+02 0.120E-10
 0.155E+05 0.994E+01 0.100E+02 0.124E-10
 0.162E+05 0.995E+01 0.100E+02 0.130E-10
 0.168E+05 0.996E+01 0.100E+02 0.135E-10
 0.175E+05 0.997E+01 0.100E+02 0.141E-10
 0.182E+05 0.998E+01 0.100E+02 0.147E-10
 0.190E+05 0.999E+01 0.100E+02 0.153E-10
 0.198E+05 0.100E+02 0.100E+02 0.159E-10
 0.206E+05 0.100E+02 0.100E+02 0.166E-10
 0.214E+05 0.100E+02 0.100E+02 0.173E-10
 0.223E+05 0.100E+02 0.100E+02 0.180E-10
 0.232E+05 0.101E+02 0.100E+02 0.188E-10
 0.241E+05 0.101E+02 0.100E+02 0.196E-10
 0.251E+05 0.101E+02 0.100E+02 0.204E-10
 0.261E+05 0.101E+02 0.100E+02 0.212E-10
 0.272E+05 0.101E+02 0.100E+02 0.221E-10
 0.283E+05 0.101E+02 0.100E+02 0.231E-10
 0.295E+05 0.101E+02 0.100E+02 0.240E-10
 0.307E+05 0.101E+02 0.100E+02 0.251E-10
 0.319E+05 0.102E+02 0.100E+02 0.261E-10
 0.332E+05 0.102E+02 0.100E+02 0.272E-10
 0.346E+05 0.102E+02 0.100E+02 0.283E-10
 0.360E+05 0.102E+02 0.100E+02 0.295E-10
 0.375E+05 0.102E+02 0.100E+02 0.308E-10
 0.390E+05 0.102E+02 0.100E+02 0.320E-10
 0.406E+05 0.102E+02 0.100E+02 0.334E-10
 0.423E+05 0.102E+02 0.100E+02 0.347E-10
 0.440E+05 0.102E+02 0.100E+02 0.362E-10
 0.458E+05 0.102E+02 0.100E+02 0.377E-10
 0.477E+05 0.102E+02 0.100E+02 0.392E-10
 0.496E+05 0.102E+02 0.100E+02 0.408E-10
 0.516E+05 0.102E+02 0.100E+02 0.425E-10
 0.537E+05 0.102E+02 0.100E+02 0.443E-10
 0.559E+05 0.102E+02 0.100E+02 0.461E-10
 0.582E+05 0.102E+02 0.100E+02 0.480E-10
 0.606E+05 0.102E+02 0.100E+02 0.499E-10
 0.631E+05 0.102E+02 0.100E+02 0.520E-10
 0.656E+05 0.102E+02 0.100E+02 0.541E-10
 0.683E+05 0.102E+02 0.100E+02 0.563E-10
 0.711E+05 0.102E+02 0.100E+02 0.586E-10
 0.740E+05 0.102E+02 0.100E+02 0.610E-10
 0.770E+05 0.102E+02 0.100E+02 0.635E-10
 0.802E+05 0.102E+02 0.100E+02 0.661E-10
 0.834E+05 0.102E+02 0.100E+02 0.688E-10
 0.868E+05 0.102E+02 0.100E+02 0.716E-10
 0.904E+05 0.102E+02 0.100E+02 0.745E-10
 0.941E+05 0.102E+02 0.100E+02 0.775E-10
 0.979E+05 0.102E+02 0.100E+02 0.806E-10
 0.102E+06 0.102E+02 0.100E+02 0.839E-10
 0.106E+06 0.102E+02 0.100E+02 0.873E-10
 0.110E+06 0.102E+02 0.100E+02 0.909E-10
 0.115E+06 0.102E+02 0.100E+02 0.945E-10
 0.120E+06 0.102E+02 0.100E+02 0.984E-10
 0.124E+06 0.102E+02 0.100E+02 0.102E-09
 0.130E+06 0.102E+02 0.100E+02 0.107E-09
 0.135E+06 0.102E+02 0.100E+02 0.111E-09
 0.140E+06 0.102E+02 0.100E+02 0.115E-09
 0.146E+06 0.102E+02 0.100E+02 0.120E-09
 0.152E+06 0.102E+02 0.100E+02 0.125E-09
 0.158E+06 0.102E+02 0.100E+02 0.130E-09
 0.165E+06 0.102E+02 0.100E+02 0.135E-09
 0.171E+06 0.102E+02 0.100E+02 0.141E-09
 0.178E+06 0.102E+02 0.100E+02 0.146E-09
 0.186E+06 0.102E+02 0.100E+02 0.152E-09
 0.193E+06 0.102E+02 0.100E+02 0.158E-09
 0.201E+06 0.102E+02 0.100E+02 0.165E-09
 0.209E+06 0.102E+02 0.100E+02 0.172E-09
 0.218E+06 0.102E+02 0.100E+02 0.179E-09
 0.227E+06 0.102E+02 0.100E+02 0.186E-09
 0.236E+06 0.102E+02 0.100E+02 0.193E-09
 0.246E+06 0.102E+02 0.100E+02 0.201E-09
 0.256E+06 0.102E+02 0.100E+02 0.209E-09
 0.266E+06 0.102E+02 0.100E+02 0.218E-09
 0.277E+06 0.102E+02 0.100E+02 0.227E-09
 0.288E+06 0.102E+02 0.100E+02 0.236E-09
 0.300E+06 0.102E+02 0.100E+02 0.245E-09
 0.312E+06 0.102E+02 0.100E+02 0.255E-09
 0.325E+06 0.102E+02 0.100E+02 0.266E-09
 0.338E+06 0.102E+02 0.100E+02 0.277E-09
 0.352E+06 0.101E+02 0.100E+02 0.288E-09
 0.367E+06 0.101E+02 0.100E+02 0.299E-09
 0.382E+06 0.101E+02 0.100E+02 0.312E-09
 0.397E+06 0.101E+02 0.100E+02 0.324E-09
 0.413E+06 0.101E+02 0.100E+02 0.337E-09
 0.430E+06 0.101E+02 0.100E+02 0.351E-09
 0.448E+06 0.101E+02 0.100E+02 0.365E-09
 0.466E+06 0.101E+02 0.100E+02 0.380E-09
 0.485E+06 0.101E+02 0.100E+02 0.396E-09
 0.505E+06 0.101E+02 0.100E+02 0.412E-09
 0.525E+06 0.101E+02 0.100E+02 0.428E-09
 0.547E+06 0.101E+02 0.100E+02 0.446E-09
 0.569E+06 0.101E+02 0.100E+02 0.464E-09
 0.592E+06 0.101E+02 0.100E+02 0.483E-09
 0.617E+06 0.101E+02 0.100E+02 0.502E-09
 0.642E+06 0.101E+02 0.100E+02 0.523E-09
 0.668E+06 0.101E+02 0.100E+02 0.544E-09
 0.695E+06 0.101E+02 0.100E+02 0.566E-09
 0.724E+06 0.101E+02 0.100E+02 0.589E-09
 0.753E+06 0.101E+02 0.100E+02 0.613E-09
 0.784E+06 0.101E+02 0.100E+02 0.638E-09
 0.816E+06 0.101E+02 0.100E+02 0.664E-09
 0.849E+06 0.101E+02 0.100E+02 0.691E-09
 0.884E+06 0.101E+02 0.100E+02 0.719E-09
 0.920E+06 0.101E+02 0.100E+02 0.748E-09
 0.957E+06 0.101E+02 0.100E+02 0.779E-09
 0.996E+06 0.101E+02 0.100E+02 0.810E-09
 0.104E+07 0.101E+02 0.100E+02 0.843E-09
 0.108E+07 0.101E+02 0.100E+02 0.878E-09
 0.112E+07 0.101E+02 0.100E+02 0.913E-09
 0.117E+07 0.101E+02 0.100E+02 0.950E-09
 0.122E+07 0.101E+02 0.100E+02 0.989E-09
 0.127E+07 0.101E+02 0.100E+02 0.103E-08
 0.132E+07 0.101E+02 0.100E+02 0.107E-08
 0.137E+07 0.101E+02 0.100E+02 0.111E-08
 0.143E+07 0.101E+02 0.100E+02 0.116E-08
 0.149E+07 0.101E+02 0.100E+02 0.121E-08
 0.155E+07 0.101E+02 0.100E+02 0.126E-08
 0.161E+07 0.101E+02 0.100E+02 0.131E-08
 0.168E+07 0.101E+02 0.100E+02 0.136E-08
 0.174E+07 0.101E+02 0.100E+02 0.142E-08
 0.182E+07 0.101E+02 0.100E+02 0.147E-08
 0.189E+07 0.101E+02 0.100E+02 0.153E-08
 0.197E+07 0.101E+02 0.100E+02 0.160E-08
 0.205E+07 0.101E+02 0.100E+02 0.166E-08
 0.213E+07 0.101E+02 0.100E+02 0.173E-08
 0.222E+07 0.101E+02 0.100E+02 0.180E-08
 0.231E+07 0.101E+02 0.100E+02 0.187E-08
 0.240E+07 0.101E+02 0.100E+02 0.195E-08
 0.250E+07 0.101E+02 0.100E+02 0.203E-08
 0.260E+07 0.101E+02 0.100E+02 0.211E-08
 0.271E+07 0.101E+02 0.100E+02 0.220E-08
 0.282E+07 0.101E+02 0.100E+02 0.229E-08
 0.293E+07 0.101E+02 0.100E+02 0.238E-08
 0.305E+07 0.101E+02 0.100E+02 0.248E-08
 0.318E+07 0.101E+02 0.100E+02 0.258E-08
 0.331E+07 0.101E+02 0.100E+02 0.268E-08
 0.344E+07 0.101E+02 0.100E+02 0.279E-08
 0.358E+07 0.101E+02 0.100E+02 0.291E-08
 0.373E+07 0.101E+02 0.100E+02 0.302E-08
 0.388E+07 0.101E+02 0.100E+02 0.315E-08
 0.404E+07 0.101E+02 0.100E+02 0.328E-08
 0.421E+07 0.101E+02 0.100E+02 0.341E-08
 0.438E+07 0.101E+02 0.100E+02 0.355E-08
 0.456E+07 0.101E+02 0.100E+02 0.369E-08
 0.474E+07 0.101E+02 0.100E+02 0.384E-08
 0.493E+07 0.101E+02 0.100E+02 0.400E-08
 0.514E+07 0.101E+02 0.100E+02 0.416E-08
 0.535E+07 0.101E+02 0.100E+02 0.433E-08
 0.556E+07 0.101E+02 0.100E+02 0.451E-08
 0.579E+07 0.101E+02 0.100E+02 0.469E-08
 0.603E+07 0.101E+02 0.100E+02 0.488E-08
 0.627E+07 0.101E+02 0.100E+02 0.508E-08
 0.653E+07 0.101E+02 0.100E+02 0.529E-08
 0.680E+07 0.101E+02 0.100E+02 0.551E-08
 0.707E+07 0.101E+02 0.100E+02 0.573E-08
 0.736E+07 0.101E+02 0.100E+02 0.596E-08
 0.766E+07 0.101E+02 0.100E+02 0.621E-08
 0.798E+07 0.101E+02 0.100E+02 0.646E-08
 0.830E+07 0.101E+02 0.100E+02 0.672E-08
 0.864E+07 0.101E+02 0.100E+02 0.700E-08
 0.899E+07 0.101E+02 0.100E+02 0.728E-08
 0.936E+07 0.101E+02 0.100E+02 0.758E-08
 0.974E+07 0.101E+02 0.100E+02 0.789E-08
 0.101E+08 0.101E+02 0.100E+02 0.821E-08
 0.106E+08 0.101E+02 0.100E+02 0.855E-08
 0.110E+08 0.101E+02 0.100E+02 0.890E-08
 0.114E+08 0.101E+02 0.100E+02 0.926E-08
 0.119E+08 0.101E+02 0.100E+02 0.964E-08
 0.124E+08 0.101E+02 0.100E+02 0.100E-07
 0.129E+08 0.101E+02 0.100E+02 0.104E-07
 0.134E+08 0.101E+02 0.100E+02 0.109E-07
 0.140E+08 0.101E+02 0.100E+02 0.113E-07
 0.145E+08 0.101E+02 0.100E+02 0.118E-07
 0.151E+08 0.101E+02 0.100E+02 0.123E-07
 0.157E+08 0.101E+02 0.100E+02 0.128E-07
 0.164E+08 0.101E+02 0.100E+02 0.133E-07
 0.171E+08 0.101E+02 0.100E+02 0.138E-07
 0.177E+08 0.101E+02 0.100E+02 0.144E-07
 0.185E+08 0.101E+02 0.100E+02 0.150E-07
 0.192E+08 0.101E+02 0.100E+02 0.156E-07
 0.200E+08 0.101E+02 0.100E+02 0.162E-07
 0.208E+08 0.101E+02 0.100E+02 0.169E-07
 0.217E+08 0.101E+02 0.100E+02 0.176E-07
 0.226E+08 0.101E+02 0.100E+02 0.183E-07
 0.235E+08 0.101E+02 0.100E+02 0.190E-07
 0.244E+08 0.101E+02 0.100E+02 0.198E-07
 0.254E+08 0.101E+02 0.100E+02 0.206E-07
 0.265E+08 0.101E+02 0.100E+02 0.215E-07
 0.276E+08 0.101E+02 0.100E+02 0.223E-07
 0.287E+08 0.101E+02 0.100E+02 0.232E-07
 0.299E+08 0.101E+02 0.100E+02 0.242E-07
 0.311E+08 0.101E+02 0.100E+02 0.252E-07
 0.323E+08 0.101E+02 0.100E+02 0.262E-07
 0.337E+08 0.101E+02 0.100E+02 0.273E-07
 0.350E+08 0.101E+02 0.100E+02 0.284E-07
 0.365E+08 0.101E+02 0.100E+02 0.295E-07
 0.380E+08 0.101E+02 0.100E+02 0.308E-07
 0.395E+08 0.101E+02 0.100E+02 0.320E-07
 0.411E+08 0.101E+02 0.100E+02 0.333E-07
 0.428E+08 0.101E+02 0.100E+02 0.347E-07
 0.445E+08 0.101E+02 0.100E+02 0.361E-07
 0.464E+08 0.101E+02 0.100E+02 0.376E-07
 0.482E+08 0.101E+02 0.100E+02 0.391E-07
 0.502E+08 0.101E+02 0.100E+02 0.407E-07
 0.523E+08 0.101E+02 0.100E+02 0.424E-07
 0.544E+08 0.101E+02 0.100E+02 0.441E-07
 0.566E+08 0.101E+02 0.100E+02 0.459E-07
 0.589E+08 0.101E+02 0.100E+02 0.478E-07
 0.613E+08 0.101E+02 0.100E+02 0.497E-07
 0.638E+08 0.101E+02 0.100E+02 0.518E-07
 0.664E+08 0.101E+02 0.100E+02 0.539E-07
 0.692E+08 0.101E+02 0.100E+02 0.561E-07
 0.720E+08 0.101E+02 0.100E+02 0.584E-07
 0.749E+08 0.101E+02 0.100E+02 0.607E-07
 0.780E+08 0.101E+02 0.100E+02 0.632E-07
 0.812E+08 0.101E+02 0.100E+02 0.658E-07
 0.845E+08 0.101E+02 0.100E+02 0.685E-07
 0.879E+08 0.101E+02 0.100E+02 0.713E-07
 0.915E+08 0.101E+02 0.100E+02 0.742E-07
 0.952E+08 0.101E+02 0.100E+02 0.773E-07
 0.991E+08 0.101E+02 0.100E+02 0.804E-07
 0.103E+09 0.101E+02 0.100E+02 0.837E-07
 0.107E+09 0.101E+02 0.100E+02 0.871E-07
 0.112E+09 0.101E+02 0.100E+02 0.907E-07
 0.116E+09 0.101E+02 0.100E+02 0.944E-07
 0.121E+09 0.101E+02 0.100E+02 0.983E-07
 0.126E+09 0.101E+02 0.100E+02 0.102E-06
 0.131E+09 0.101E+02 0.101E+02 0.106E-06
 0.136E+09 0.101E+02 0.101E+02 0.111E-06
 0.142E+09 0.101E+02 0.101E+02 0.115E-06
 0.148E+09 0.101E+02 0.101E+02 0.120E-06
 0.154E+09 0.101E+02 0.101E+02 0.125E-06
 0.160E+09 0.101E+02 0.101E+02 0.130E-06
 0.167E+09 0.101E+02 0.101E+02 0.135E-06
 0.174E+09 0.101E+02 0.101E+02 0.141E-06
 0.181E+09 0.101E+02 0.101E+02 0.147E-06
 0.188E+09 0.101E+02 0.101E+02 0.153E-06
 0.196E+09 0.101E+02 0.101E+02 0.159E-06
 0.204E+09 0.101E+02 0.101E+02 0.165E-06
 0.212E+09 0.101E+02 0.101E+02 0.172E-06
 0.221E+09 0.101E+02 0.101E+02 0.179E-06
 0.230E+09 0.101E+02 0.101E+02 0.187E-06
 0.239E+09 0.101E+02 0.101E+02 0.194E-06
 0.249E+09 0.101E+02 0.101E+02 0.202E-06
 0.259E+09 0.101E+02 0.101E+02 0.211E-06
 0.269E+09 0.101E+02 0.101E+02 0.219E-06
 0.280E+09 0.101E+02 0.101E+02 0.228E-06
 0.292E+09 0.101E+02 0.101E+02 0.237E-06
 0.304E+09 0.101E+02 0.101E+02 0.247E-06
 0.316E+09 0.101E+02 0.101E+02 0.257E-06
 0.329E+09 0.101E+02 0.101E+02 0.268E-06
 0.343E+09 0.101E+02 0.101E+02 0.279E-06
 0.356E+09 0.101E+02 0.101E+02 0.290E-06
 0.371E+09 0.101E+02 0.101E+02 0.302E-06
 0.386E+09 0.101E+02 0.101E+02 0.314E-06
 0.402E+09 0.101E+02 0.101E+02 0.327E-06
 0.418E+09 0.101E+02 0.101E+02 0.341E-06
 0.435E+09 0.101E+02 0.101E+02 0.355E-06
 0.453E+09 0.101E+02 0.101E+02 0.369E-06
 0.472E+09 0.101E+02 0.101E+02 0.384E-06
 0.491E+09 0.101E+02 0.101E+02 0.400E-06
 0.511E+09 0.101E+02 0.101E+02 0.417E-06
 0.532E+09 0.101E+02 0.101E+02 0.434E-06
 0.553E+09 0.101E+02 0.101E+02 0.451E-06
 0.576E+09 0.101E+02 0.101E+02 0.470E-06
 0.600E+09 0.101E+02 0.101E+02 0.489E-06
 0.624E+09 0.101E+02 0.101E+02 0.509E-06
 0.650E+09 0.101E+02 0.101E+02 0.530E-06
 0.676E+09 0.101E+02 0.101E+02 0.552E-06
 0.704E+09 0.101E+02 0.101E+02 0.575E-06
 0.732E+09 0.101E+02 0.101E+02 0.598E-06
 0.762E+09 0.101E+02 0.101E+02 0.623E-06
 0.793E+09 0.102E+02 0.101E+02 0.648E-06
 0.826E+09 0.102E+02 0.101E+02 0.675E-06
 0.859E+09 0.102E+02 0.101E+02 0.703E-06
 0.894E+09 0.102E+02 0.101E+02 0.731E-06
 0.931E+09 0.102E+02 0.101E+02 0.761E-06
 0.969E+09 0.102E+02 0.101E+02 0.793E-06
 0.101E+10 0.102E+02 0.101E+02 0.825E-06
 0.105E+10 0.102E+02 0.101E+02 0.859E-06
 0.109E+10 0.102E+02 0.101E+02 0.894E-06
 0.114E+10 0.102E+02 0.101E+02 0.931E-06
 0.118E+10 0.102E+02 0.101E+02 0.969E-06
 0.123E+10 0.102E+02 0.101E+02 0.101E-05
 0.128E+10 0.102E+02 0.101E+02 0.105E-05
 0.133E+10 0.102E+02 0.102E+02 0.109E-05
 0.139E+10 0.102E+02 0.102E+02 0.114E-05
 0.145E+10 0.102E+02 0.102E+02 0.119E-05
 0.150E+10 0.102E+02 0.102E+02 0.123E-05
 0.157E+10 0.102E+02 0.102E+02 0.128E-05
 0.163E+10 0.102E+02 0.102E+02 0.134E-05
 0.170E+10 0.102E+02 0.102E+02 0.139E-05
 0.177E+10 0.102E+02 0.102E+02 0.145E-05
 0.184E+10 0.102E+02 0.102E+02 0.151E-05
 0.191E+10 0.102E+02 0.102E+02 0.157E-05
 0.199E+10 0.102E+02 0.102E+02 0.164E-05
 0.207E+10 0.102E+02 0.102E+02 0.170E-05
 0.216E+10 0.102E+02 0.102E+02 0.177E-05
 0.224E+10 0.102E+02 0.102E+02 0.185E-05
 0.234E+10 0.102E+02 0.102E+02 0.192E-05
 0.243E+10 0.102E+02 0.102E+02 0.200E-05
 0.253E+10 0.102E+02 0.102E+02 0.208E-05
 0.263E+10 0.102E+02 0.102E+02 0.217E-05
 0.274E+10 0.102E+02 0.102E+02 0.226E-05
 0.285E+10 0.102E+02 0.102E+02 0.235E-05
 0.297E+10 0.102E+02 0.102E+02 0.245E-05
 0.309E+10 0.103E+02 0.102E+02 0.255E-05
 0.322E+10 0.103E+02 0.102E+02 0.266E-05
 0.335E+10 0.103E+02 0.102E+02 0.277E-05
 0.348E+10 0.103E+02 0.102E+02 0.288E-05
 0.363E+10 0.103E+02 0.102E+02 0.300E-05
 0.377E+10 0.103E+02 0.102E+02 0.312E-05
 0.393E+10 0.103E+02 0.103E+02 0.325E-05
 0.409E+10 0.103E+02 0.103E+02 0.339E-05
 0.426E+10 0.103E+02 0.103E+02 0.353E-05
 0.443E+10 0.103E+02 0.103E+02 0.367E-05
 0.461E+10 0.103E+02 0.103E+02 0.382E-05
 0.480E+10 0.103E+02 0.103E+02 0.398E-05
 0.499E+10 0.103E+02 0.103E+02 0.414E-05
 0.520E+10 0.103E+02 0.103E+02 0.432E-05
 0.541E+10 0.103E+02 0.103E+02 0.449E-05
 0.563E+10 0.103E+02 0.103E+02 0.468E-05
 0.586E+10 0.103E+02 0.103E+02 0.487E-05
 0.610E+10 0.103E+02 0.103E+02 0.507E-05
 0.635E+10 0.103E+02 0.103E+02 0.528E-05
 0.661E+10 0.103E+02 0.103E+02 0.550E-05
 0.688E+10 0.104E+02 0.103E+02 0.573E-05
 0.716E+10 0.104E+02 0.103E+02 0.597E-05
 0.745E+10 0.104E+02 0.103E+02 0.622E-05
 0.776E+10 0.104E+02 0.103E+02 0.647E-05
 0.807E+10 0.104E+02 0.103E+02 0.674E-05
 0.840E+10 0.104E+02 0.104E+02 0.702E-05
 0.874E+10 0.104E+02 0.104E+02 0.731E-05
 0.910E+10 0.104E+02 0.104E+02 0.761E-05
 0.947E+10 0.104E+02 0.104E+02 0.793E-05
 0.986E+10 0.104E+02 0.104E+02 0.826E-05
 0.103E+11 0.104E+02 0.104E+02 0.860E-05
 0.107E+11 0.104E+02 0.104E+02 0.896E-05
 0.111E+11 0.104E+02 0.104E+02 0.933E-05
 0.116E+11 0.104E+02 0.104E+02 0.972E-05
 0.120E+11 0.104E+02 0.104E+02 0.101E-04
 0.125E+11 0.104E+02 0.104E+02 0.105E-04
 0.130E+11 0.105E+02 0.104E+02 0.110E-04
 0.136E+11 0.105E+02 0.104E+02 0.114E-04
 0.141E+11 0.105E+02 0.104E+02 0.119E-04
 0.147E+11 0.105E+02 0.105E+02 0.124E-04
 0.153E+11 0.105E+02 0.105E+02 0.129E-04
 0.159E+11 0.105E+02 0.105E+02 0.135E-04
 0.166E+11 0.105E+02 0.105E+02 0.141E-04
 0.173E+11 0.106E+02 0.105E+02 0.147E-04
 0.180E+11 0.106E+02 0.106E+02 0.153E-04
 0.187E+11 0.106E+02 0.106E+02 0.160E-04
 0.194E+11 0.106E+02 0.106E+02 0.167E-04
 0.202E+11 0.107E+02 0.106E+02 0.174E-04
 0.211E+11 0.107E+02 0.107E+02 0.182E-04
 0.219E+11 0.107E+02 0.107E+02 0.190E-04
 0.228E+11 0.108E+02 0.108E+02 0.198E-04
 0.237E+11 0.108E+02 0.108E+02 0.207E-04
 0.247E+11 0.109E+02 0.108E+02 0.216E-04
 0.257E+11 0.109E+02 0.109E+02 0.226E-04
 0.268E+11 0.109E+02 0.109E+02 0.236E-04
 0.279E+11 0.110E+02 0.110E+02 0.246E-04
 0.290E+11 0.110E+02 0.110E+02 0.257E-04
 0.302E+11 0.111E+02 0.110E+02 0.269E-04
 0.314E+11 0.111E+02 0.111E+02 0.281E-04
 0.327E+11 0.112E+02 0.112E+02 0.294E-04
 0.340E+11 0.112E+02 0.112E+02 0.308E-04
 0.354E+11 0.113E+02 0.113E+02 0.322E-04
 0.368E+11 0.114E+02 0.113E+02 0.337E-04
 0.383E+11 0.114E+02 0.114E+02 0.352E-04
 0.399E+11 0.115E+02 0.114E+02 0.369E-04
 0.415E+11 0.115E+02 0.115E+02 0.386E-04
 0.432E+11 0.116E+02 0.116E+02 0.404E-04
 0.450E+11 0.117E+02 0.117E+02 0.423E-04
 0.468E+11 0.118E+02 0.117E+02 0.443E-04
 0.487E+11 0.118E+02 0.118E+02 0.464E-04
 0.507E+11 0.119E+02 0.119E+02 0.486E-04
 0.528E+11 0.120E+02 0.120E+02 0.510E-04
 0.549E+11 0.121E+02 0.121E+02 0.534E-04
 0.572E+11 0.122E+02 0.121E+02 0.560E-04
 0.595E+11 0.123E+02 0.122E+02 0.587E-04
 0.619E+11 0.124E+02 0.123E+02 0.616E-04
 0.644E+11 0.125E+02 0.124E+02 0.646E-04
 0.670E+11 0.126E+02 0.125E+02 0.677E-04
 0.698E+11 0.127E+02 0.126E+02 0.711E-04
 0.726E+11 0.128E+02 0.127E+02 0.746E-04
 0.756E+11 0.129E+02 0.128E+02 0.783E-04
 0.786E+11 0.130E+02 0.129E+02 0.822E-04
 0.818E+11 0.131E+02 0.131E+02 0.863E-04
 0.852E+11 0.132E+02 0.132E+02 0.906E-04
 0.886E+11 0.133E+02 0.133E+02 0.952E-04
 0.922E+11 0.135E+02 0.134E+02 0.100E-03
 0.960E+11 0.136E+02 0.136E+02 0.105E-03
 0.999E+11 0.137E+02 0.137E+02 0.111E-03
 0.104E+12 0.139E+02 0.139E+02 0.116E-03
 0.108E+12 0.141E+02 0.140E+02 0.123E-03
 0.113E+12 0.142E+02 0.142E+02 0.129E-03
 0.117E+12 0.144E+02 0.144E+02 0.136E-03
 0.122E+12 0.146E+02 0.146E+02 0.144E-03
 0.127E+12 0.148E+02 0.148E+02 0.152E-03
 0.132E+12 0.151E+02 0.150E+02 0.160E-03
 0.138E+12 0.153E+02 0.152E+02 0.169E-03
 0.143E+12 0.155E+02 0.155E+02 0.179E-03
 0.149E+12 0.158E+02 0.157E+02 0.189E-03
 0.155E+12 0.161E+02 0.160E+02 0.200E-03
 0.161E+12 0.163E+02 0.163E+02 0.212E-03
 0.168E+12 0.166E+02 0.166E+02 0.225E-03
 0.175E+12 0.169E+02 0.169E+02 0.238E-03
 0.182E+12 0.172E+02 0.172E+02 0.253E-03
 0.189E+12 0.176E+02 0.175E+02 0.268E-03
 0.197E+12 0.179E+02 0.179E+02 0.284E-03
 0.205E+12 0.183E+02 0.182E+02 0.302E-03
 0.214E+12 0.186E+02 0.186E+02 0.321E-03
 0.222E+12 0.190E+02 0.190E+02 0.341E-03
 0.231E+12 0.194E+02 0.194E+02 0.362E-03
 0.241E+12 0.198E+02 0.198E+02 0.385E-03
 0.251E+12 0.203E+02 0.202E+02 0.409E-03
 0.261E+12 0.207E+02 0.207E+02 0.435E-03
 0.272E+12 0.212E+02 0.211E+02 0.463E-03
 0.283E+12 0.216E+02 0.216E+02 0.493E-03
 0.294E+12 0.221E+02 0.221E+02 0.524E-03
 0.306E+12 0.226E+02 0.226E+02 0.558E-03
 0.319E+12 0.232E+02 0.231E+02 0.594E-03
 0.332E+12 0.237E+02 0.236E+02 0.633E-03
 0.345E+12 0.243E+02 0.242E+02 0.674E-03
 0.359E+12 0.248E+02 0.248E+02 0.718E-03
 0.374E+12 0.254E+02 0.254E+02 0.766E-03
 0.389E+12 0.260E+02 0.260E+02 0.816E-03
 0.405E+12 0.267E+02 0.266E+02 0.870E-03
 0.422E+12 0.273E+02 0.273E+02 0.928E-03
 0.439E+12 0.280E+02 0.279E+02 0.989E-03
 0.457E+12 0.287E+02 0.286E+02 0.105E-02
 0.475E+12 0.294E+02 0.293E+02 0.113E-02
 0.495E+12 0.301E+02 0.301E+02 0.120E-02
 0.515E+12 0.309E+02 0.308E+02 0.128E-02
 0.536E+12 0.317E+02 0.316E+02 0.137E-02
 0.558E+12 0.325E+02 0.324E+02 0.146E-02
 0.581E+12 0.333E+02 0.332E+02 0.156E-02
 0.604E+12 0.341E+02 0.341E+02 0.166E-02
 0.629E+12 0.350E+02 0.349E+02 0.177E-02
 0.655E+12 0.359E+02 0.358E+02 0.189E-02
 0.682E+12 0.368E+02 0.367E+02 0.202E-02
 0.709E+12 0.378E+02 0.377E+02 0.216E-02
 0.738E+12 0.388E+02 0.387E+02 0.230E-02
 0.768E+12 0.398E+02 0.397E+02 0.246E-02
 0.800E+12 0.408E+02 0.407E+02 0.263E-02
 0.832E+12 0.418E+02 0.417E+02 0.280E-02
 0.866E+12 0.429E+02 0.428E+02 0.299E-02
 0.902E+12 0.440E+02 0.439E+02 0.320E-02
 0.939E+12 0.452E+02 0.451E+02 0.341E-02
 0.977E+12 0.464E+02 0.462E+02 0.365E-02
 0.102E+13 0.476E+02 0.474E+02 0.389E-02
 0.106E+13 0.488E+02 0.487E+02 0.416E-02
 0.110E+13 0.501E+02 0.499E+02 0.444E-02
 0.115E+13 0.513E+02 0.512E+02 0.474E-02
 0.119E+13 0.527E+02 0.525E+02 0.506E-02
 0.124E+13 0.540E+02 0.539E+02 0.540E-02
 0.129E+13 0.554E+02 0.552E+02 0.576E-02
 0.135E+13 0.568E+02 0.566E+02 0.615E-02
 0.140E+13 0.582E+02 0.581E+02 0.656E-02
 0.146E+13 0.596E+02 0.595E+02 0.700E-02
 0.152E+13 0.611E+02 0.610E+02 0.746E-02
 0.158E+13 0.626E+02 0.625E+02 0.796E-02
 0.164E+13 0.641E+02 0.640E+02 0.848E-02
 0.171E+13 0.657E+02 0.655E+02 0.904E-02
 0.178E+13 0.672E+02 0.670E+02 0.963E-02
 0.185E+13 0.688E+02 0.686E+02 0.103E-01
 0.193E+13 0.703E+02 0.702E+02 0.109E-01
 0.201E+13 0.719E+02 0.718E+02 0.116E-01
 0.209E+13 0.736E+02 0.734E+02 0.124E-01
 0.217E+13 0.752E+02 0.750E+02 0.132E-01
 0.226E+13 0.768E+02 0.766E+02 0.140E-01
 0.236E+13 0.785E+02 0.783E+02 0.149E-01
 0.245E+13 0.801E+02 0.799E+02 0.158E-01
 0.255E+13 0.818E+02 0.816E+02 0.168E-01
 0.266E+13 0.834E+02 0.833E+02 0.178E-01
 0.276E+13 0.851E+02 0.850E+02 0.189E-01
 0.288E+13 0.868E+02 0.866E+02 0.201E-01
 0.299E+13 0.885E+02 0.883E+02 0.213E-01
 0.312E+13 0.902E+02 0.900E+02 0.226E-01
 0.324E+13 0.919E+02 0.918E+02 0.240E-01
 0.338E+13 0.937E+02 0.935E+02 0.255E-01
 0.351E+13 0.954E+02 0.952E+02 0.270E-01
 0.366E+13 0.971E+02 0.970E+02 0.286E-01
 0.381E+13 0.989E+02 0.987E+02 0.303E-01
 0.396E+13 0.101E+03 0.100E+03 0.321E-01
 0.412E+13 0.102E+03 0.102E+03 0.340E-01
 0.429E+13 0.104E+03 0.104E+03 0.360E-01
 0.447E+13 0.106E+03 0.106E+03 0.381E-01
 0.465E+13 0.108E+03 0.108E+03 0.404E-01
 0.484E+13 0.110E+03 0.109E+03 0.427E-01
 0.504E+13 0.112E+03 0.111E+03 0.452E-01
 0.524E+13 0.113E+03 0.113E+03 0.478E-01
 0.546E+13 0.115E+03 0.115E+03 0.506E-01
 0.568E+13 0.117E+03 0.117E+03 0.536E-01
 0.591E+13 0.119E+03 0.119E+03 0.567E-01
 0.615E+13 0.121E+03 0.121E+03 0.600E-01
 0.640E+13 0.123E+03 0.123E+03 0.634E-01
 0.666E+13 0.125E+03 0.125E+03 0.671E-01
 0.694E+13 0.127E+03 0.127E+03 0.709E-01
 0.722E+13 0.129E+03 0.129E+03 0.750E-01
 0.751E+13 0.131E+03 0.131E+03 0.792E-01
 0.782E+13 0.133E+03 0.133E+03 0.838E-01
 0.814E+13 0.135E+03 0.135E+03 0.885E-01
 0.847E+13 0.137E+03 0.137E+03 0.935E-01
 0.882E+13 0.139E+03 0.139E+03 0.988E-01
 0.918E+13 0.141E+03 0.141E+03 0.104E+00
 0.955E+13 0.144E+03 0.143E+03 0.110E+00
 0.994E+13 0.146E+03 0.146E+03 0.117E+00
 0.103E+14 0.148E+03 0.148E+03 0.123E+00
 0.108E+14 0.150E+03 0.150E+03 0.130E+00
 0.112E+14 0.152E+03 0.152E+03 0.137E+00
 0.117E+14 0.155E+03 0.154E+03 0.145E+00
 0.121E+14 0.157E+03 0.157E+03 0.153E+00
 0.126E+14 0.159E+03 0.159E+03 0.162E+00
 0.132E+14 0.162E+03 0.161E+03 0.171E+00
 0.137E+14 0.164E+03 0.164E+03 0.181E+00
 0.142E+14 0.166E+03 0.166E+03 0.191E+00
 0.148E+14 0.169E+03 0.169E+03 0.202E+00
 0.154E+14 0.171E+03 0.171E+03 0.213E+00
 0.161E+14 0.174E+03 0.174E+03 0.225E+00
 0.167E+14 0.176E+03 0.176E+03 0.237E+00
 0.174E+14 0.179E+03 0.179E+03 0.251E+00
 0.181E+14 0.182E+03 0.181E+03 0.265E+00
 0.189E+14 0.184E+03 0.184E+03 0.280E+00
 0.196E+14 0.187E+03 0.187E+03 0.295E+00
 0.204E+14 0.190E+03 0.189E+03 0.312E+00
 0.213E+14 0.192E+03 0.192E+03 0.329E+00
 0.221E+14 0.195E+03 0.195E+03 0.348E+00
 0.230E+14 0.198E+03 0.198E+03 0.367E+00
 0.240E+14 0.201E+03 0.201E+03 0.388E+00
 0.249E+14 0.204E+03 0.204E+03 0.410E+00
 0.260E+14 0.207E+03 0.207E+03 0.433E+00
 0.270E+14 0.210E+03 0.210E+03 0.457E+00
 0.281E+14 0.213E+03 0.213E+03 0.483E+00
 0.293E+14 0.216E+03 0.216E+03 0.510E+00
 0.305E+14 0.220E+03 0.219E+03 0.538E+00
 0.317E+14 0.223E+03 0.222E+03 0.569E+00
 0.330E+14 0.226E+03 0.226E+03 0.601E+00
 0.343E+14 0.229E+03 0.229E+03 0.634E+00
 0.358E+14 0.233E+03 0.233E+03 0.670E+00
 0.372E+14 0.236E+03 0.236E+03 0.708E+00
 0.387E+14 0.240E+03 0.240E+03 0.748E+00
 0.403E+14 0.244E+03 0.243E+03 0.790E+00
 0.420E+14 0.247E+03 0.247E+03 0.835E+00
 0.437E+14 0.251E+03 0.251E+03 0.882E+00
 0.454E+14 0.255E+03 0.254E+03 0.932E+00
 0.473E+14 0.259E+03 0.258E+03 0.985E+00
 0.492E+14 0.263E+03 0.262E+03 0.104E+01
 0.512E+14 0.267E+03 0.266E+03 0.110E+01
 0.533E+14 0.271E+03 0.270E+03 0.116E+01
 0.555E+14 0.275E+03 0.275E+03 0.123E+01
 0.578E+14 0.279E+03 0.279E+03 0.130E+01
 0.601E+14 0.284E+03 0.283E+03 0.137E+01
 0.626E+14 0.288E+03 0.288E+03 0.145E+01
 0.651E+14 0.293E+03 0.292E+03 0.154E+01
 0.678E+14 0.297E+03 0.297E+03 0.162E+01
 0.706E+14 0.302E+03 0.302E+03 0.172E+01
 0.734E+14 0.307E+03 0.307E+03 0.182E+01
 0.764E+14 0.312E+03 0.311E+03 0.192E+01
 0.796E+14 0.317E+03 0.316E+03 0.203E+01
 0.828E+14 0.322E+03 0.322E+03 0.215E+01
 0.862E+14 0.327E+03 0.327E+03 0.227E+01
 0.897E+14 0.333E+03 0.332E+03 0.240E+01
 0.934E+14 0.338E+03 0.338E+03 0.254E+01
 0.972E+14 0.344E+03 0.343E+03 0.269E+01
