 0.100E+00 0.300E+03 0.100E+02 0.449E-14
 0.100E+00 0.300E+03 0.100E+02 0.449E-14
 0.100E+00 0.300E+03 0.100E+02 0.449E-14
 0.100E+00 0.300E+03 0.100E+02 0.449E-14
 0.100E+00 0.300E+03 0.100E+02 0.449E-14
 0.100E+00 0.300E+03 0.100E+02 0.449E-14
 0.100E+00 0.300E+03 0.100E+02 0.449E-14
 0.100E+00 0.300E+03 0.100E+02 0.449E-14
 0.100E+00 0.300E+03 0.100E+02 0.449E-14
 0.100E+00 0.300E+03 0.100E+02 0.449E-14
 0.100E+00 0.300E+03 0.100E+02 0.449E-14
 0.100E+00 0.300E+03 0.100E+02 0.449E-14
 0.100E+00 0.300E+03 0.100E+02 0.449E-14
 0.100E+00 0.300E+03 0.100E+02 0.449E-14
 0.100E+00 0.300E+03 0.100E+02 0.449E-14
 0.100E+00 0.301E+03 0.100E+02 0.451E-14
 0.103E+00 0.305E+03 0.100E+02 0.471E-14
 0.120E+00 0.329E+03 0.100E+02 0.590E-14
 0.146E+00 0.364E+03 0.100E+02 0.797E-14
 0.179E+00 0.402E+03 0.100E+02 0.107E-13
 0.218E+00 0.441E+03 0.100E+02 0.144E-13
 0.267E+00 0.482E+03 0.100E+02 0.192E-13
 0.326E+00 0.523E+03 0.100E+02 0.255E-13
 0.398E+00 0.563E+03 0.100E+02 0.334E-13
 0.486E+00 0.598E+03 0.100E+02 0.434E-13
 0.593E+00 0.627E+03 0.100E+02 0.556E-13
 0.725E+00 0.645E+03 0.100E+02 0.698E-13
 0.885E+00 0.650E+03 0.100E+02 0.860E-13
 0.108E+01 0.641E+03 0.100E+02 0.103E-12
 0.132E+01 0.617E+03 0.100E+02 0.122E-12
 0.161E+01 0.582E+03 0.100E+02 0.140E-12
 0.195E+01 0.540E+03 0.100E+02 0.157E-12
 0.233E+01 0.497E+03 0.100E+02 0.173E-12
 0.275E+01 0.454E+03 0.100E+02 0.186E-12
 0.322E+01 0.413E+03 0.100E+02 0.199E-12
 0.375E+01 0.375E+03 0.100E+02 0.210E-12
 0.436E+01 0.339E+03 0.100E+02 0.221E-12
 0.505E+01 0.307E+03 0.100E+02 0.231E-12
 0.584E+01 0.277E+03 0.100E+02 0.241E-12
 0.675E+01 0.250E+03 0.100E+02 0.252E-12
 0.779E+01 0.225E+03 0.100E+02 0.262E-12
 0.900E+01 0.203E+03 0.100E+02 0.273E-12
 0.104E+02 0.183E+03 0.100E+02 0.285E-12
 0.120E+02 0.166E+03 0.100E+02 0.298E-12
 0.139E+02 0.150E+03 0.100E+02 0.311E-12
 0.161E+02 0.135E+03 0.100E+02 0.325E-12
 0.186E+02 0.122E+03 0.100E+02 0.338E-12
 0.215E+02 0.110E+03 0.100E+02 0.351E-12
 0.247E+02 0.987E+02 0.100E+02 0.363E-12
 0.283E+02 0.886E+02 0.100E+02 0.374E-12
 0.323E+02 0.793E+02 0.100E+02 0.382E-12
 0.368E+02 0.708E+02 0.100E+02 0.388E-12
 0.418E+02 0.632E+02 0.100E+02 0.394E-12
 0.474E+02 0.563E+02 0.100E+02 0.398E-12
 0.537E+02 0.502E+02 0.100E+02 0.401E-12
 0.609E+02 0.447E+02 0.100E+02 0.405E-12
 0.691E+02 0.399E+02 0.100E+02 0.410E-12
 0.786E+02 0.356E+02 0.100E+02 0.417E-12
 0.897E+02 0.319E+02 0.100E+02 0.426E-12
 0.103E+03 0.286E+02 0.100E+02 0.438E-12
 0.118E+03 0.258E+02 0.100E+02 0.454E-12
 0.137E+03 0.233E+02 0.100E+02 0.474E-12
 0.159E+03 0.212E+02 0.100E+02 0.502E-12
 0.187E+03 0.194E+02 0.100E+02 0.538E-12
 0.222E+03 0.178E+02 0.100E+02 0.587E-12
 0.266E+03 0.165E+02 0.100E+02 0.652E-12
 0.324E+03 0.154E+02 0.100E+02 0.741E-12
 0.395E+03 0.146E+02 0.100E+02 0.857E-12
 0.483E+03 0.141E+02 0.100E+02 0.101E-11
 0.589E+03 0.137E+02 0.100E+02 0.120E-11
 0.719E+03 0.134E+02 0.100E+02 0.142E-11
 0.876E+03 0.132E+02 0.100E+02 0.171E-11
 0.107E+04 0.130E+02 0.100E+02 0.205E-11
 0.130E+04 0.130E+02 0.100E+02 0.249E-11
 0.159E+04 0.130E+02 0.100E+02 0.305E-11
 0.193E+04 0.132E+02 0.100E+02 0.376E-11
 0.235E+04 0.135E+02 0.100E+02 0.467E-11
 0.287E+04 0.140E+02 0.100E+02 0.585E-11
 0.349E+04 0.145E+02 0.100E+02 0.738E-11
 0.426E+04 0.151E+02 0.100E+02 0.934E-11
 0.521E+04 0.158E+02 0.100E+02 0.119E-10
 0.637E+04 0.165E+02 0.100E+02 0.151E-10
 0.778E+04 0.172E+02 0.100E+02 0.191E-10
 0.951E+04 0.179E+02 0.100E+02 0.241E-10
 0.116E+05 0.187E+02 0.100E+02 0.304E-10
 0.142E+05 0.194E+02 0.100E+02 0.383E-10
 0.174E+05 0.201E+02 0.100E+02 0.482E-10
 0.212E+05 0.209E+02 0.100E+02 0.606E-10
 0.259E+05 0.218E+02 0.100E+02 0.763E-10
 0.316E+05 0.228E+02 0.100E+02 0.960E-10
 0.386E+05 0.238E+02 0.101E+02 0.121E-09
 0.472E+05 0.248E+02 0.101E+02 0.152E-09
 0.577E+05 0.260E+02 0.101E+02 0.191E-09
 0.705E+05 0.272E+02 0.101E+02 0.240E-09
 0.861E+05 0.284E+02 0.102E+02 0.302E-09
 0.105E+06 0.297E+02 0.102E+02 0.378E-09
 0.129E+06 0.310E+02 0.103E+02 0.473E-09
 0.157E+06 0.324E+02 0.103E+02 0.592E-09
 0.192E+06 0.338E+02 0.104E+02 0.739E-09
 0.235E+06 0.352E+02 0.106E+02 0.920E-09
 0.287E+06 0.366E+02 0.107E+02 0.114E-08
 0.351E+06 0.380E+02 0.109E+02 0.142E-08
 0.429E+06 0.392E+02 0.111E+02 0.175E-08
 0.524E+06 0.404E+02 0.113E+02 0.215E-08
 0.641E+06 0.414E+02 0.115E+02 0.264E-08
 0.784E+06 0.424E+02 0.117E+02 0.323E-08
 0.958E+06 0.432E+02 0.120E+02 0.395E-08
 0.117E+07 0.438E+02 0.123E+02 0.480E-08
 0.143E+07 0.442E+02 0.126E+02 0.582E-08
 0.175E+07 0.444E+02 0.129E+02 0.703E-08
 0.214E+07 0.444E+02 0.132E+02 0.846E-08
 0.262E+07 0.442E+02 0.135E+02 0.101E-07
 0.320E+07 0.438E+02 0.138E+02 0.121E-07
 0.391E+07 0.431E+02 0.141E+02 0.144E-07
 0.478E+07 0.421E+02 0.144E+02 0.170E-07
 0.584E+07 0.406E+02 0.147E+02 0.199E-07
 0.713E+07 0.388E+02 0.149E+02 0.230E-07
 0.870E+07 0.366E+02 0.150E+02 0.263E-07
 0.105E+08 0.342E+02 0.151E+02 0.296E-07
 0.127E+08 0.318E+02 0.151E+02 0.330E-07
 0.152E+08 0.295E+02 0.151E+02 0.364E-07
 0.181E+08 0.272E+02 0.151E+02 0.400E-07
 0.216E+08 0.251E+02 0.150E+02 0.439E-07
 0.257E+08 0.232E+02 0.149E+02 0.484E-07
 0.308E+08 0.215E+02 0.147E+02 0.536E-07
 0.372E+08 0.200E+02 0.146E+02 0.600E-07
 0.454E+08 0.189E+02 0.144E+02 0.692E-07
 0.554E+08 0.179E+02 0.143E+02 0.802E-07
 0.677E+08 0.172E+02 0.142E+02 0.936E-07
 0.827E+08 0.166E+02 0.141E+02 0.110E-06
 0.101E+09 0.161E+02 0.141E+02 0.131E-06
 0.123E+09 0.157E+02 0.140E+02 0.155E-06
 0.150E+09 0.153E+02 0.140E+02 0.186E-06
 0.183E+09 0.151E+02 0.139E+02 0.223E-06
 0.224E+09 0.149E+02 0.139E+02 0.268E-06
 0.273E+09 0.148E+02 0.139E+02 0.324E-06
 0.333E+09 0.147E+02 0.140E+02 0.394E-06
 0.406E+09 0.147E+02 0.140E+02 0.480E-06
 0.496E+09 0.147E+02 0.141E+02 0.586E-06
 0.605E+09 0.147E+02 0.142E+02 0.718E-06
 0.739E+09 0.148E+02 0.143E+02 0.880E-06
 0.902E+09 0.149E+02 0.145E+02 0.108E-05
 0.110E+10 0.150E+02 0.146E+02 0.133E-05
 0.134E+10 0.152E+02 0.148E+02 0.164E-05
 0.164E+10 0.153E+02 0.150E+02 0.203E-05
 0.200E+10 0.155E+02 0.152E+02 0.251E-05
 0.245E+10 0.157E+02 0.154E+02 0.310E-05
 0.299E+10 0.159E+02 0.156E+02 0.383E-05
 0.365E+10 0.162E+02 0.158E+02 0.475E-05
 0.446E+10 0.164E+02 0.161E+02 0.588E-05
 0.544E+10 0.166E+02 0.163E+02 0.729E-05
 0.665E+10 0.169E+02 0.166E+02 0.904E-05
 0.812E+10 0.172E+02 0.169E+02 0.112E-04
 0.992E+10 0.174E+02 0.171E+02 0.139E-04
 0.121E+11 0.177E+02 0.174E+02 0.173E-04
 0.148E+11 0.180E+02 0.177E+02 0.215E-04
 0.181E+11 0.183E+02 0.180E+02 0.266E-04
 0.221E+11 0.186E+02 0.183E+02 0.331E-04
 0.269E+11 0.190E+02 0.187E+02 0.411E-04
 0.329E+11 0.193E+02 0.190E+02 0.511E-04
 0.402E+11 0.196E+02 0.193E+02 0.636E-04
 0.491E+11 0.200E+02 0.197E+02 0.790E-04
 0.600E+11 0.203E+02 0.203E+02 0.981E-04
 0.733E+11 0.206E+02 0.206E+02 0.122E-03
 0.895E+11 0.210E+02 0.209E+02 0.151E-03
 0.109E+12 0.213E+02 0.213E+02 0.188E-03
 0.133E+12 0.217E+02 0.217E+02 0.233E-03
 0.163E+12 0.221E+02 0.221E+02 0.290E-03
 0.199E+12 0.225E+02 0.225E+02 0.361E-03
 0.243E+12 0.229E+02 0.229E+02 0.449E-03
 0.297E+12 0.234E+02 0.233E+02 0.558E-03
 0.363E+12 0.238E+02 0.237E+02 0.695E-03
 0.443E+12 0.242E+02 0.242E+02 0.864E-03
 0.541E+12 0.247E+02 0.247E+02 0.108E-02
 0.661E+12 0.252E+02 0.251E+02 0.134E-02
 0.807E+12 0.257E+02 0.256E+02 0.167E-02
 0.986E+12 0.262E+02 0.261E+02 0.208E-02
 0.120E+13 0.267E+02 0.266E+02 0.258E-02
 0.147E+13 0.273E+02 0.272E+02 0.322E-02
 0.178E+13 0.282E+02 0.281E+02 0.405E-02
 0.217E+13 0.294E+02 0.293E+02 0.513E-02
 0.264E+13 0.308E+02 0.307E+02 0.655E-02
 0.322E+13 0.329E+02 0.326E+02 0.852E-02
 0.393E+13 0.356E+02 0.353E+02 0.113E-01
 0.480E+13 0.392E+02 0.388E+02 0.152E-01
 0.587E+13 0.435E+02 0.430E+02 0.206E-01
 0.717E+13 0.486E+02 0.481E+02 0.281E-01
 0.875E+13 0.545E+02 0.539E+02 0.384E-01
 0.107E+14 0.612E+02 0.605E+02 0.526E-01
 0.131E+14 0.684E+02 0.677E+02 0.719E-01
 0.160E+14 0.761E+02 0.753E+02 0.978E-01
 0.195E+14 0.842E+02 0.834E+02 0.132E+00
 0.238E+14 0.925E+02 0.917E+02 0.177E+00
 0.291E+14 0.101E+03 0.100E+03 0.236E+00
 0.355E+14 0.110E+03 0.109E+03 0.314E+00
 0.434E+14 0.119E+03 0.118E+03 0.415E+00
 0.530E+14 0.128E+03 0.127E+03 0.547E+00
 0.647E+14 0.138E+03 0.137E+03 0.721E+00
 0.790E+14 0.149E+03 0.148E+03 0.949E+00
 0.965E+14 0.161E+03 0.159E+03 0.125E+01
