 0.100E+00 0.300E+03 0.100E+02 0.449E-14
 0.100E+00 0.300E+03 0.100E+02 0.449E-14
 0.100E+00 0.300E+03 0.100E+02 0.449E-14
 0.100E+00 0.300E+03 0.100E+02 0.449E-14
 0.100E+00 0.300E+03 0.100E+02 0.449E-14
 0.100E+00 0.300E+03 0.100E+02 0.449E-14
 0.100E+00 0.300E+03 0.100E+02 0.449E-14
 0.100E+00 0.300E+03 0.100E+02 0.449E-14
 0.100E+00 0.300E+03 0.100E+02 0.449E-14
 0.100E+00 0.300E+03 0.100E+02 0.449E-14
 0.100E+00 0.300E+03 0.100E+02 0.449E-14
 0.100E+00 0.300E+03 0.100E+02 0.449E-14
 0.100E+00 0.300E+03 0.100E+02 0.449E-14
 0.100E+00 0.300E+03 0.100E+02 0.449E-14
 0.100E+00 0.300E+03 0.100E+02 0.450E-14
 0.101E+00 0.303E+03 0.100E+02 0.458E-14
 0.110E+00 0.319E+03 0.100E+02 0.523E-14
 0.134E+00 0.365E+03 0.100E+02 0.733E-14
 0.164E+00 0.417E+03 0.100E+02 0.102E-13
 0.200E+00 0.477E+03 0.100E+02 0.143E-13
 0.245E+00 0.544E+03 0.100E+02 0.199E-13
 0.299E+00 0.621E+03 0.100E+02 0.277E-13
 0.365E+00 0.707E+03 0.100E+02 0.386E-13
 0.446E+00 0.802E+03 0.100E+02 0.534E-13
 0.544E+00 0.904E+03 0.100E+02 0.736E-13
 0.665E+00 0.101E+04 0.100E+02 0.100E-12
 0.812E+00 0.111E+04 0.100E+02 0.135E-12
 0.992E+00 0.119E+04 0.100E+02 0.177E-12
 0.121E+01 0.124E+04 0.100E+02 0.224E-12
 0.148E+01 0.124E+04 0.100E+02 0.275E-12
 0.181E+01 0.121E+04 0.100E+02 0.327E-12
 0.221E+01 0.115E+04 0.100E+02 0.379E-12
 0.269E+01 0.107E+04 0.100E+02 0.432E-12
 0.326E+01 0.998E+03 0.100E+02 0.486E-12
 0.393E+01 0.925E+03 0.100E+02 0.543E-12
 0.472E+01 0.857E+03 0.100E+02 0.605E-12
 0.568E+01 0.794E+03 0.100E+02 0.674E-12
 0.683E+01 0.736E+03 0.100E+02 0.751E-12
 0.822E+01 0.682E+03 0.100E+02 0.837E-12
 0.990E+01 0.633E+03 0.100E+02 0.936E-12
 0.120E+02 0.588E+03 0.100E+02 0.105E-11
 0.145E+02 0.547E+03 0.100E+02 0.118E-11
 0.175E+02 0.509E+03 0.100E+02 0.133E-11
 0.213E+02 0.476E+03 0.100E+02 0.152E-11
 0.260E+02 0.445E+03 0.100E+02 0.173E-11
 0.318E+02 0.418E+03 0.100E+02 0.198E-11
 0.388E+02 0.394E+03 0.100E+02 0.228E-11
 0.474E+02 0.372E+03 0.100E+02 0.264E-11
 0.579E+02 0.353E+03 0.100E+02 0.306E-11
 0.708E+02 0.336E+03 0.100E+02 0.355E-11
 0.864E+02 0.321E+03 0.100E+02 0.414E-11
 0.106E+03 0.307E+03 0.100E+02 0.485E-11
 0.129E+03 0.295E+03 0.100E+02 0.569E-11
 0.157E+03 0.285E+03 0.100E+02 0.670E-11
 0.192E+03 0.275E+03 0.100E+02 0.790E-11
 0.235E+03 0.266E+03 0.100E+02 0.934E-11
 0.287E+03 0.258E+03 0.100E+02 0.111E-10
 0.350E+03 0.251E+03 0.100E+02 0.131E-10
 0.428E+03 0.243E+03 0.100E+02 0.156E-10
 0.522E+03 0.237E+03 0.100E+02 0.185E-10
 0.638E+03 0.231E+03 0.100E+02 0.220E-10
 0.779E+03 0.225E+03 0.100E+02 0.262E-10
 0.951E+03 0.220E+03 0.101E+02 0.312E-10
 0.116E+04 0.215E+03 0.101E+02 0.372E-10
 0.142E+04 0.210E+03 0.101E+02 0.445E-10
 0.173E+04 0.206E+03 0.101E+02 0.533E-10
 0.211E+04 0.202E+03 0.101E+02 0.639E-10
 0.258E+04 0.199E+03 0.101E+02 0.767E-10
 0.315E+04 0.196E+03 0.102E+02 0.923E-10
 0.385E+04 0.193E+03 0.102E+02 0.111E-09
 0.470E+04 0.191E+03 0.102E+02 0.134E-09
 0.573E+04 0.189E+03 0.103E+02 0.162E-09
 0.700E+04 0.187E+03 0.103E+02 0.196E-09
 0.855E+04 0.186E+03 0.104E+02 0.238E-09
 0.104E+05 0.185E+03 0.104E+02 0.288E-09
 0.127E+05 0.184E+03 0.105E+02 0.350E-09
 0.156E+05 0.183E+03 0.106E+02 0.426E-09
 0.190E+05 0.183E+03 0.107E+02 0.519E-09
 0.232E+05 0.183E+03 0.108E+02 0.633E-09
 0.283E+05 0.183E+03 0.110E+02 0.774E-09
 0.346E+05 0.183E+03 0.111E+02 0.947E-09
 0.422E+05 0.184E+03 0.113E+02 0.116E-08
 0.515E+05 0.185E+03 0.115E+02 0.142E-08
 0.629E+05 0.186E+03 0.117E+02 0.175E-08
 0.767E+05 0.188E+03 0.119E+02 0.216E-08
 0.937E+05 0.190E+03 0.122E+02 0.266E-08
 0.114E+06 0.193E+03 0.125E+02 0.329E-08
 0.140E+06 0.196E+03 0.129E+02 0.408E-08
 0.170E+06 0.199E+03 0.132E+02 0.506E-08
 0.208E+06 0.203E+03 0.136E+02 0.630E-08
 0.254E+06 0.208E+03 0.140E+02 0.786E-08
 0.309E+06 0.213E+03 0.145E+02 0.984E-08
 0.378E+06 0.219E+03 0.150E+02 0.123E-07
 0.461E+06 0.225E+03 0.155E+02 0.155E-07
 0.562E+06 0.233E+03 0.161E+02 0.196E-07
 0.686E+06 0.241E+03 0.167E+02 0.247E-07
 0.838E+06 0.250E+03 0.174E+02 0.313E-07
 0.102E+07 0.259E+03 0.181E+02 0.396E-07
 0.125E+07 0.269E+03 0.188E+02 0.502E-07
 0.153E+07 0.280E+03 0.196E+02 0.637E-07
 0.186E+07 0.290E+03 0.204E+02 0.808E-07
 0.228E+07 0.301E+03 0.213E+02 0.102E-06
 0.278E+07 0.312E+03 0.222E+02 0.130E-06
 0.340E+07 0.323E+03 0.231E+02 0.164E-06
 0.415E+07 0.334E+03 0.240E+02 0.207E-06
 0.508E+07 0.345E+03 0.250E+02 0.262E-06
 0.620E+07 0.357E+03 0.261E+02 0.330E-06
 0.758E+07 0.368E+03 0.272E+02 0.417E-06
 0.926E+07 0.380E+03 0.283E+02 0.525E-06
 0.113E+08 0.391E+03 0.295E+02 0.661E-06
 0.138E+08 0.403E+03 0.307E+02 0.832E-06
 0.169E+08 0.415E+03 0.319E+02 0.105E-05
 0.206E+08 0.427E+03 0.332E+02 0.131E-05
 0.252E+08 0.439E+03 0.346E+02 0.165E-05
 0.308E+08 0.451E+03 0.360E+02 0.207E-05
 0.376E+08 0.463E+03 0.374E+02 0.260E-05
 0.460E+08 0.474E+03 0.390E+02 0.325E-05
 0.561E+08 0.486E+03 0.405E+02 0.407E-05
 0.686E+08 0.498E+03 0.421E+02 0.510E-05
 0.838E+08 0.510E+03 0.438E+02 0.637E-05
 0.102E+09 0.521E+03 0.455E+02 0.796E-05
 0.125E+09 0.531E+03 0.473E+02 0.992E-05
 0.153E+09 0.539E+03 0.491E+02 0.123E-04
 0.187E+09 0.545E+03 0.509E+02 0.152E-04
 0.229E+09 0.552E+03 0.528E+02 0.188E-04
 0.279E+09 0.559E+03 0.548E+02 0.233E-04
 0.341E+09 0.566E+03 0.569E+02 0.288E-04
 0.417E+09 0.573E+03 0.591E+02 0.355E-04
 0.509E+09 0.579E+03 0.614E+02 0.439E-04
 0.622E+09 0.585E+03 0.637E+02 0.542E-04
 0.760E+09 0.591E+03 0.662E+02 0.668E-04
 0.928E+09 0.597E+03 0.688E+02 0.824E-04
 0.113E+10 0.602E+03 0.714E+02 0.101E-03
 0.138E+10 0.607E+03 0.742E+02 0.125E-03
 0.169E+10 0.613E+03 0.771E+02 0.154E-03
 0.206E+10 0.619E+03 0.801E+02 0.189E-03
 0.252E+10 0.626E+03 0.833E+02 0.233E-03
 0.308E+10 0.634E+03 0.868E+02 0.288E-03
 0.375E+10 0.646E+03 0.904E+02 0.356E-03
 0.458E+10 0.660E+03 0.943E+02 0.442E-03
 0.559E+10 0.677E+03 0.986E+02 0.550E-03
 0.683E+10 0.697E+03 0.103E+03 0.686E-03
 0.834E+10 0.721E+03 0.108E+03 0.857E-03
 0.102E+11 0.747E+03 0.113E+03 0.107E-02
 0.124E+11 0.775E+03 0.119E+03 0.134E-02
 0.152E+11 0.805E+03 0.125E+03 0.167E-02
 0.186E+11 0.835E+03 0.131E+03 0.207E-02
 0.227E+11 0.866E+03 0.137E+03 0.257E-02
 0.278E+11 0.897E+03 0.143E+03 0.317E-02
 0.340E+11 0.928E+03 0.150E+03 0.390E-02
 0.415E+11 0.958E+03 0.158E+03 0.480E-02
 0.508E+11 0.987E+03 0.167E+03 0.587E-02
 0.621E+11 0.102E+04 0.175E+03 0.717E-02
 0.759E+11 0.104E+04 0.184E+03 0.874E-02
 0.927E+11 0.107E+04 0.193E+03 0.106E-01
 0.113E+12 0.109E+04 0.203E+03 0.129E-01
 0.138E+12 0.111E+04 0.214E+03 0.156E-01
 0.169E+12 0.113E+04 0.225E+03 0.190E-01
 0.207E+12 0.115E+04 0.237E+03 0.229E-01
 0.252E+12 0.116E+04 0.248E+03 0.277E-01
 0.308E+12 0.117E+04 0.261E+03 0.335E-01
 0.376E+12 0.118E+04 0.273E+03 0.406E-01
 0.460E+12 0.119E+04 0.286E+03 0.491E-01
 0.561E+12 0.120E+04 0.300E+03 0.594E-01
 0.686E+12 0.121E+04 0.315E+03 0.719E-01
 0.837E+12 0.121E+04 0.330E+03 0.870E-01
 0.102E+13 0.121E+04 0.345E+03 0.105E+00
 0.125E+13 0.121E+04 0.361E+03 0.128E+00
 0.152E+13 0.122E+04 0.381E+03 0.155E+00
 0.186E+13 0.122E+04 0.400E+03 0.188E+00
 0.227E+13 0.122E+04 0.418E+03 0.228E+00
 0.278E+13 0.121E+04 0.436E+03 0.277E+00
 0.340E+13 0.121E+04 0.455E+03 0.335E+00
 0.415E+13 0.120E+04 0.473E+03 0.406E+00
 0.507E+13 0.119E+04 0.492E+03 0.491E+00
 0.619E+13 0.118E+04 0.511E+03 0.593E+00
 0.757E+13 0.117E+04 0.530E+03 0.715E+00
 0.925E+13 0.115E+04 0.549E+03 0.861E+00
 0.112E+14 0.114E+04 0.615E+03 0.103E+01
 0.137E+14 0.117E+04 0.647E+03 0.129E+01
 0.167E+14 0.119E+04 0.774E+03 0.160E+01
 0.204E+14 0.121E+04 0.809E+03 0.199E+01
 0.250E+14 0.123E+04 0.844E+03 0.247E+01
 0.305E+14 0.125E+04 0.879E+03 0.306E+01
 0.373E+14 0.126E+04 0.914E+03 0.379E+01
 0.456E+14 0.128E+04 0.949E+03 0.469E+01
 0.557E+14 0.129E+04 0.984E+03 0.580E+01
 0.680E+14 0.131E+04 0.102E+04 0.716E+01
 0.831E+14 0.132E+04 0.105E+04 0.884E+01
 0.101E+15 0.133E+04 0.109E+04 0.109E+02
