 0.100E+00 0.100E-05 0.927E-04 0.217E-19 0.235E-35
 0.100E+00 0.100E-05 0.927E-04 0.187E-18 0.172E-33
 0.100E+00 0.100E-05 0.927E-04 0.159E-17 0.124E-31
 0.100E+00 0.100E-05 0.927E-04 0.135E-16 0.896E-30
 0.100E+00 0.100E-05 0.927E-04 0.110E-15 0.595E-28
 0.100E+00 0.100E-05 0.927E-04 0.725E-15 0.256E-26
 0.100E+00 0.100E-05 0.927E-04 0.454E-14 0.100E-24
 0.100E+00 0.100E-05 0.927E-04 0.281E-13 0.385E-23
 0.100E+00 0.100E-05 0.927E-04 0.174E-12 0.148E-21
 0.100E+00 0.100E-05 0.927E-04 0.108E-11 0.571E-20
 0.100E+00 0.100E-05 0.927E-04 0.668E-11 0.229E-18
 0.100E+00 0.101E-05 0.927E-04 0.415E-10 0.107E-16
 0.100E+00 0.106E-05 0.927E-04 0.258E-09 0.481E-15
 0.100E+00 0.138E-05 0.927E-04 0.160E-08 0.971E-14
 0.100E+00 0.334E-05 0.927E-04 0.994E-08 0.221E-12
 0.100E+00 0.155E-04 0.926E-04 0.619E-07 0.701E-11
 0.100E+00 0.390E-04 0.925E-04 0.162E-06 0.409E-10
 0.101E+00 0.624E-04 0.924E-04 0.264E-06 0.957E-10
 0.101E+00 0.858E-04 0.923E-04 0.366E-06 0.166E-09
 0.101E+00 0.109E-03 0.922E-04 0.470E-06 0.248E-09
 0.101E+00 0.132E-03 0.921E-04 0.575E-06 0.339E-09
 0.102E+00 0.156E-03 0.920E-04 0.682E-06 0.437E-09
 0.102E+00 0.179E-03 0.919E-04 0.790E-06 0.540E-09
 0.102E+00 0.202E-03 0.918E-04 0.899E-06 0.648E-09
 0.102E+00 0.225E-03 0.917E-04 0.101E-05 0.760E-09
 0.103E+00 0.248E-03 0.916E-04 0.112E-05 0.875E-09
 0.103E+00 0.271E-03 0.915E-04 0.123E-05 0.992E-09
 0.103E+00 0.294E-03 0.913E-04 0.135E-05 0.111E-08
 0.103E+00 0.317E-03 0.912E-04 0.147E-05 0.124E-08
 0.104E+00 0.339E-03 0.911E-04 0.159E-05 0.136E-08
 0.104E+00 0.362E-03 0.910E-04 0.171E-05 0.149E-08
 0.104E+00 0.384E-03 0.909E-04 0.183E-05 0.162E-08
 0.104E+00 0.407E-03 0.907E-04 0.195E-05 0.175E-08
 0.105E+00 0.429E-03 0.906E-04 0.208E-05 0.188E-08
 0.105E+00 0.451E-03 0.905E-04 0.221E-05 0.202E-08
 0.105E+00 0.473E-03 0.904E-04 0.234E-05 0.215E-08
 0.105E+00 0.495E-03 0.902E-04 0.248E-05 0.229E-08
 0.106E+00 0.517E-03 0.901E-04 0.261E-05 0.243E-08
 0.106E+00 0.539E-03 0.899E-04 0.275E-05 0.258E-08
 0.106E+00 0.561E-03 0.898E-04 0.290E-05 0.272E-08
 0.106E+00 0.582E-03 0.897E-04 0.304E-05 0.287E-08
 0.107E+00 0.604E-03 0.895E-04 0.319E-05 0.302E-08
 0.107E+00 0.625E-03 0.894E-04 0.334E-05 0.317E-08
 0.107E+00 0.647E-03 0.892E-04 0.350E-05 0.332E-08
 0.107E+00 0.668E-03 0.890E-04 0.366E-05 0.348E-08
 0.108E+00 0.690E-03 0.889E-04 0.383E-05 0.363E-08
 0.108E+00 0.711E-03 0.887E-04 0.400E-05 0.379E-08
 0.108E+00 0.733E-03 0.885E-04 0.417E-05 0.396E-08
 0.108E+00 0.755E-03 0.883E-04 0.435E-05 0.412E-08
 0.109E+00 0.776E-03 0.882E-04 0.454E-05 0.429E-08
 0.109E+00 0.798E-03 0.880E-04 0.473E-05 0.446E-08
 0.109E+00 0.820E-03 0.878E-04 0.493E-05 0.463E-08
 0.109E+00 0.842E-03 0.876E-04 0.513E-05 0.481E-08
 0.110E+00 0.864E-03 0.874E-04 0.534E-05 0.500E-08
 0.110E+00 0.887E-03 0.871E-04 0.556E-05 0.518E-08
 0.110E+00 0.909E-03 0.869E-04 0.579E-05 0.538E-08
 0.110E+00 0.932E-03 0.867E-04 0.603E-05 0.558E-08
 0.111E+00 0.955E-03 0.864E-04 0.628E-05 0.578E-08
 0.111E+00 0.979E-03 0.862E-04 0.654E-05 0.599E-08
 0.111E+00 0.100E-02 0.859E-04 0.681E-05 0.621E-08
 0.112E+00 0.103E-02 0.856E-04 0.710E-05 0.644E-08
 0.112E+00 0.105E-02 0.853E-04 0.740E-05 0.668E-08
 0.112E+00 0.108E-02 0.850E-04 0.771E-05 0.693E-08
 0.113E+00 0.110E-02 0.847E-04 0.804E-05 0.719E-08
 0.113E+00 0.113E-02 0.843E-04 0.839E-05 0.746E-08
 0.114E+00 0.116E-02 0.839E-04 0.876E-05 0.775E-08
 0.114E+00 0.119E-02 0.835E-04 0.916E-05 0.805E-08
 0.115E+00 0.122E-02 0.831E-04 0.957E-05 0.837E-08
 0.115E+00 0.125E-02 0.827E-04 0.100E-04 0.871E-08
 0.115E+00 0.128E-02 0.822E-04 0.105E-04 0.907E-08
 0.116E+00 0.131E-02 0.817E-04 0.110E-04 0.946E-08
 0.117E+00 0.135E-02 0.812E-04 0.115E-04 0.987E-08
 0.117E+00 0.139E-02 0.806E-04 0.121E-04 0.103E-07
 0.118E+00 0.142E-02 0.799E-04 0.127E-04 0.108E-07
 0.118E+00 0.147E-02 0.793E-04 0.134E-04 0.113E-07
 0.119E+00 0.151E-02 0.786E-04 0.141E-04 0.119E-07
 0.120E+00 0.155E-02 0.778E-04 0.149E-04 0.125E-07
 0.121E+00 0.160E-02 0.770E-04 0.157E-04 0.131E-07
 0.122E+00 0.165E-02 0.761E-04 0.166E-04 0.138E-07
 0.123E+00 0.171E-02 0.751E-04 0.176E-04 0.146E-07
 0.124E+00 0.177E-02 0.741E-04 0.186E-04 0.154E-07
 0.125E+00 0.183E-02 0.729E-04 0.197E-04 0.163E-07
 0.126E+00 0.189E-02 0.718E-04 0.209E-04 0.173E-07
 0.128E+00 0.196E-02 0.705E-04 0.222E-04 0.184E-07
 0.129E+00 0.204E-02 0.692E-04 0.235E-04 0.196E-07
 0.131E+00 0.212E-02 0.678E-04 0.249E-04 0.209E-07
 0.132E+00 0.220E-02 0.663E-04 0.264E-04 0.223E-07
 0.134E+00 0.229E-02 0.647E-04 0.279E-04 0.238E-07
 0.136E+00 0.238E-02 0.631E-04 0.295E-04 0.254E-07
 0.138E+00 0.248E-02 0.615E-04 0.312E-04 0.271E-07
 0.141E+00 0.258E-02 0.598E-04 0.328E-04 0.290E-07
 0.143E+00 0.269E-02 0.581E-04 0.345E-04 0.309E-07
 0.145E+00 0.280E-02 0.564E-04 0.362E-04 0.330E-07
 0.148E+00 0.291E-02 0.547E-04 0.379E-04 0.352E-07
 0.151E+00 0.302E-02 0.530E-04 0.396E-04 0.375E-07
 0.154E+00 0.314E-02 0.513E-04 0.413E-04 0.399E-07
 0.157E+00 0.326E-02 0.497E-04 0.430E-04 0.424E-07
 0.160E+00 0.338E-02 0.480E-04 0.446E-04 0.450E-07
 0.163E+00 0.351E-02 0.464E-04 0.462E-04 0.478E-07
 0.167E+00 0.364E-02 0.448E-04 0.478E-04 0.507E-07
 0.170E+00 0.377E-02 0.433E-04 0.493E-04 0.536E-07
 0.174E+00 0.390E-02 0.418E-04 0.508E-04 0.567E-07
 0.178E+00 0.403E-02 0.403E-04 0.523E-04 0.600E-07
 0.182E+00 0.417E-02 0.389E-04 0.537E-04 0.634E-07
 0.186E+00 0.430E-02 0.375E-04 0.551E-04 0.669E-07
 0.190E+00 0.444E-02 0.362E-04 0.565E-04 0.705E-07
 0.195E+00 0.459E-02 0.349E-04 0.578E-04 0.744E-07
 0.199E+00 0.473E-02 0.336E-04 0.590E-04 0.784E-07
 0.204E+00 0.488E-02 0.323E-04 0.603E-04 0.826E-07
 0.209E+00 0.503E-02 0.311E-04 0.615E-04 0.870E-07
 0.215E+00 0.519E-02 0.299E-04 0.627E-04 0.916E-07
 0.220E+00 0.535E-02 0.288E-04 0.638E-04 0.965E-07
 0.226E+00 0.551E-02 0.276E-04 0.650E-04 0.102E-06
 0.232E+00 0.568E-02 0.265E-04 0.661E-04 0.107E-06
 0.239E+00 0.585E-02 0.255E-04 0.671E-04 0.113E-06
 0.246E+00 0.603E-02 0.244E-04 0.682E-04 0.119E-06
 0.253E+00 0.621E-02 0.234E-04 0.692E-04 0.125E-06
 0.261E+00 0.641E-02 0.224E-04 0.702E-04 0.132E-06
 0.269E+00 0.660E-02 0.214E-04 0.711E-04 0.139E-06
 0.278E+00 0.681E-02 0.205E-04 0.721E-04 0.147E-06
 0.287E+00 0.702E-02 0.196E-04 0.730E-04 0.155E-06
 0.297E+00 0.725E-02 0.187E-04 0.739E-04 0.164E-06
 0.308E+00 0.748E-02 0.178E-04 0.747E-04 0.174E-06
 0.319E+00 0.772E-02 0.170E-04 0.755E-04 0.184E-06
 0.331E+00 0.798E-02 0.162E-04 0.763E-04 0.194E-06
 0.344E+00 0.824E-02 0.154E-04 0.771E-04 0.206E-06
 0.358E+00 0.852E-02 0.146E-04 0.778E-04 0.218E-06
 0.373E+00 0.880E-02 0.139E-04 0.785E-04 0.231E-06
 0.388E+00 0.908E-02 0.133E-04 0.792E-04 0.244E-06
 0.404E+00 0.937E-02 0.127E-04 0.798E-04 0.258E-06
 0.420E+00 0.967E-02 0.121E-04 0.803E-04 0.273E-06
 0.438E+00 0.996E-02 0.115E-04 0.809E-04 0.288E-06
 0.455E+00 0.103E-01 0.110E-04 0.814E-04 0.303E-06
 0.474E+00 0.106E-01 0.106E-04 0.818E-04 0.319E-06
 0.493E+00 0.109E-01 0.101E-04 0.822E-04 0.336E-06
 0.514E+00 0.112E-01 0.969E-05 0.826E-04 0.354E-06
 0.534E+00 0.115E-01 0.930E-05 0.830E-04 0.372E-06
 0.556E+00 0.119E-01 0.892E-05 0.834E-04 0.391E-06
 0.579E+00 0.122E-01 0.857E-05 0.837E-04 0.411E-06
 0.603E+00 0.125E-01 0.824E-05 0.840E-04 0.431E-06
 0.627E+00 0.129E-01 0.792E-05 0.843E-04 0.453E-06
 0.653E+00 0.132E-01 0.762E-05 0.846E-04 0.475E-06
 0.679E+00 0.136E-01 0.734E-05 0.849E-04 0.498E-06
 0.707E+00 0.139E-01 0.707E-05 0.851E-04 0.523E-06
 0.736E+00 0.143E-01 0.682E-05 0.853E-04 0.548E-06
 0.766E+00 0.147E-01 0.658E-05 0.855E-04 0.574E-06
 0.797E+00 0.151E-01 0.635E-05 0.857E-04 0.602E-06
 0.830E+00 0.155E-01 0.613E-05 0.859E-04 0.630E-06
 0.864E+00 0.159E-01 0.592E-05 0.861E-04 0.660E-06
 0.899E+00 0.163E-01 0.573E-05 0.863E-04 0.692E-06
 0.936E+00 0.167E-01 0.554E-05 0.864E-04 0.724E-06
 0.974E+00 0.171E-01 0.536E-05 0.866E-04 0.758E-06
 0.101E+01 0.175E-01 0.519E-05 0.867E-04 0.794E-06
 0.106E+01 0.180E-01 0.503E-05 0.868E-04 0.831E-06
 0.110E+01 0.184E-01 0.488E-05 0.869E-04 0.870E-06
 0.114E+01 0.189E-01 0.473E-05 0.871E-04 0.911E-06
 0.119E+01 0.193E-01 0.459E-05 0.872E-04 0.954E-06
 0.124E+01 0.198E-01 0.445E-05 0.872E-04 0.998E-06
 0.129E+01 0.203E-01 0.432E-05 0.873E-04 0.105E-05
 0.134E+01 0.208E-01 0.420E-05 0.874E-04 0.109E-05
 0.140E+01 0.213E-01 0.408E-05 0.875E-04 0.115E-05
 0.145E+01 0.218E-01 0.396E-05 0.875E-04 0.120E-05
 0.151E+01 0.223E-01 0.385E-05 0.876E-04 0.125E-05
 0.157E+01 0.228E-01 0.375E-05 0.876E-04 0.131E-05
 0.164E+01 0.233E-01 0.365E-05 0.877E-04 0.138E-05
 0.171E+01 0.239E-01 0.355E-05 0.877E-04 0.144E-05
 0.177E+01 0.244E-01 0.345E-05 0.877E-04 0.151E-05
 0.185E+01 0.250E-01 0.336E-05 0.877E-04 0.158E-05
 0.192E+01 0.256E-01 0.328E-05 0.878E-04 0.165E-05
 0.200E+01 0.262E-01 0.319E-05 0.878E-04 0.173E-05
 0.208E+01 0.268E-01 0.311E-05 0.878E-04 0.181E-05
 0.217E+01 0.274E-01 0.303E-05 0.878E-04 0.190E-05
 0.226E+01 0.280E-01 0.295E-05 0.877E-04 0.199E-05
 0.235E+01 0.286E-01 0.288E-05 0.877E-04 0.208E-05
 0.244E+01 0.292E-01 0.280E-05 0.877E-04 0.218E-05
 0.254E+01 0.299E-01 0.273E-05 0.877E-04 0.228E-05
 0.265E+01 0.306E-01 0.266E-05 0.876E-04 0.239E-05
 0.276E+01 0.312E-01 0.259E-05 0.876E-04 0.250E-05
 0.287E+01 0.319E-01 0.253E-05 0.875E-04 0.262E-05
 0.298E+01 0.326E-01 0.246E-05 0.875E-04 0.274E-05
 0.311E+01 0.334E-01 0.240E-05 0.874E-04 0.287E-05
 0.323E+01 0.341E-01 0.233E-05 0.873E-04 0.300E-05
 0.337E+01 0.348E-01 0.227E-05 0.873E-04 0.314E-05
 0.350E+01 0.356E-01 0.221E-05 0.872E-04 0.329E-05
 0.365E+01 0.364E-01 0.215E-05 0.871E-04 0.344E-05
 0.379E+01 0.371E-01 0.209E-05 0.870E-04 0.360E-05
 0.395E+01 0.379E-01 0.203E-05 0.869E-04 0.376E-05
 0.411E+01 0.388E-01 0.197E-05 0.868E-04 0.393E-05
 0.428E+01 0.396E-01 0.191E-05 0.867E-04 0.411E-05
 0.445E+01 0.404E-01 0.185E-05 0.865E-04 0.430E-05
 0.463E+01 0.413E-01 0.179E-05 0.864E-04 0.449E-05
 0.482E+01 0.422E-01 0.173E-05 0.863E-04 0.468E-05
 0.502E+01 0.431E-01 0.168E-05 0.861E-04 0.489E-05
 0.523E+01 0.440E-01 0.162E-05 0.860E-04 0.510E-05
 0.544E+01 0.449E-01 0.156E-05 0.858E-04 0.532E-05
 0.566E+01 0.459E-01 0.151E-05 0.856E-04 0.555E-05
 0.589E+01 0.468E-01 0.145E-05 0.854E-04 0.578E-05
 0.613E+01 0.478E-01 0.139E-05 0.853E-04 0.602E-05
 0.638E+01 0.488E-01 0.134E-05 0.851E-04 0.626E-05
 0.664E+01 0.498E-01 0.128E-05 0.849E-04 0.652E-05
 0.691E+01 0.509E-01 0.123E-05 0.847E-04 0.678E-05
 0.720E+01 0.519E-01 0.117E-05 0.845E-04 0.705E-05
 0.749E+01 0.530E-01 0.112E-05 0.842E-04 0.732E-05
 0.780E+01 0.541E-01 0.106E-05 0.840E-04 0.761E-05
 0.811E+01 0.552E-01 0.101E-05 0.838E-04 0.790E-05
 0.844E+01 0.564E-01 0.959E-06 0.835E-04 0.819E-05
 0.879E+01 0.575E-01 0.907E-06 0.833E-04 0.850E-05
 0.915E+01 0.587E-01 0.856E-06 0.830E-04 0.881E-05
 0.952E+01 0.599E-01 0.806E-06 0.827E-04 0.912E-05
 0.991E+01 0.611E-01 0.757E-06 0.825E-04 0.945E-05
 0.103E+02 0.624E-01 0.708E-06 0.822E-04 0.978E-05
 0.107E+02 0.637E-01 0.660E-06 0.819E-04 0.101E-04
 0.112E+02 0.649E-01 0.614E-06 0.816E-04 0.105E-04
 0.116E+02 0.663E-01 0.568E-06 0.813E-04 0.108E-04
 0.121E+02 0.676E-01 0.523E-06 0.810E-04 0.112E-04
 0.126E+02 0.690E-01 0.479E-06 0.807E-04 0.115E-04
 0.131E+02 0.704E-01 0.437E-06 0.803E-04 0.119E-04
 0.136E+02 0.718E-01 0.395E-06 0.800E-04 0.123E-04
 0.142E+02 0.732E-01 0.355E-06 0.797E-04 0.127E-04
 0.148E+02 0.747E-01 0.316E-06 0.793E-04 0.130E-04
 0.154E+02 0.762E-01 0.279E-06 0.790E-04 0.134E-04
 0.160E+02 0.777E-01 0.243E-06 0.786E-04 0.138E-04
 0.167E+02 0.793E-01 0.209E-06 0.782E-04 0.142E-04
 0.173E+02 0.808E-01 0.177E-06 0.779E-04 0.146E-04
 0.181E+02 0.824E-01 0.148E-06 0.775E-04 0.150E-04
 0.188E+02 0.841E-01 0.122E-06 0.771E-04 0.155E-04
 0.196E+02 0.857E-01 0.984E-07 0.767E-04 0.159E-04
 0.204E+02 0.874E-01 0.783E-07 0.763E-04 0.163E-04
 0.212E+02 0.891E-01 0.614E-07 0.759E-04 0.167E-04
 0.221E+02 0.909E-01 0.479E-07 0.755E-04 0.171E-04
 0.230E+02 0.927E-01 0.374E-07 0.751E-04 0.176E-04
 0.239E+02 0.945E-01 0.295E-07 0.746E-04 0.180E-04
 0.249E+02 0.963E-01 0.238E-07 0.742E-04 0.184E-04
 0.259E+02 0.982E-01 0.197E-07 0.738E-04 0.189E-04
 0.269E+02 0.100E+00 0.168E-07 0.734E-04 0.193E-04
 0.280E+02 0.102E+00 0.147E-07 0.729E-04 0.197E-04
 0.292E+02 0.104E+00 0.132E-07 0.725E-04 0.202E-04
 0.304E+02 0.106E+00 0.120E-07 0.720E-04 0.206E-04
 0.316E+02 0.108E+00 0.110E-07 0.716E-04 0.211E-04
 0.329E+02 0.110E+00 0.102E-07 0.711E-04 0.216E-04
 0.342E+02 0.112E+00 0.953E-08 0.706E-04 0.220E-04
 0.356E+02 0.114E+00 0.890E-08 0.702E-04 0.225E-04
 0.371E+02 0.116E+00 0.832E-08 0.697E-04 0.230E-04
 0.386E+02 0.119E+00 0.778E-08 0.692E-04 0.234E-04
 0.402E+02 0.121E+00 0.727E-08 0.687E-04 0.239E-04
 0.418E+02 0.123E+00 0.680E-08 0.683E-04 0.244E-04
 0.435E+02 0.125E+00 0.635E-08 0.678E-04 0.249E-04
 0.453E+02 0.128E+00 0.593E-08 0.673E-04 0.254E-04
 0.472E+02 0.130E+00 0.553E-08 0.668E-04 0.259E-04
 0.491E+02 0.133E+00 0.516E-08 0.663E-04 0.264E-04
 0.511E+02 0.135E+00 0.480E-08 0.658E-04 0.269E-04
 0.532E+02 0.137E+00 0.446E-08 0.653E-04 0.274E-04
 0.553E+02 0.140E+00 0.414E-08 0.648E-04 0.279E-04
 0.576E+02 0.143E+00 0.384E-08 0.642E-04 0.284E-04
 0.600E+02 0.145E+00 0.356E-08 0.637E-04 0.289E-04
 0.624E+02 0.148E+00 0.329E-08 0.632E-04 0.295E-04
 0.649E+02 0.150E+00 0.304E-08 0.627E-04 0.300E-04
 0.676E+02 0.153E+00 0.280E-08 0.622E-04 0.305E-04
 0.704E+02 0.156E+00 0.258E-08 0.616E-04 0.310E-04
 0.732E+02 0.159E+00 0.238E-08 0.611E-04 0.316E-04
 0.762E+02 0.161E+00 0.219E-08 0.606E-04 0.321E-04
 0.793E+02 0.164E+00 0.201E-08 0.600E-04 0.326E-04
 0.826E+02 0.167E+00 0.185E-08 0.595E-04 0.332E-04
 0.859E+02 0.170E+00 0.169E-08 0.590E-04 0.337E-04
 0.894E+02 0.173E+00 0.155E-08 0.584E-04 0.343E-04
 0.931E+02 0.176E+00 0.142E-08 0.579E-04 0.348E-04
 0.969E+02 0.179E+00 0.130E-08 0.573E-04 0.354E-04
 0.101E+03 0.182E+00 0.119E-08 0.568E-04 0.359E-04
 0.105E+03 0.186E+00 0.106E-08 0.560E-04 0.367E-04
 0.109E+03 0.191E+00 0.933E-09 0.552E-04 0.375E-04
 0.114E+03 0.196E+00 0.820E-09 0.544E-04 0.383E-04
 0.118E+03 0.200E+00 0.722E-09 0.536E-04 0.391E-04
 0.123E+03 0.205E+00 0.637E-09 0.528E-04 0.399E-04
 0.128E+03 0.209E+00 0.563E-09 0.521E-04 0.406E-04
 0.133E+03 0.214E+00 0.498E-09 0.513E-04 0.414E-04
 0.139E+03 0.219E+00 0.441E-09 0.505E-04 0.422E-04
 0.144E+03 0.223E+00 0.392E-09 0.498E-04 0.429E-04
 0.150E+03 0.228E+00 0.348E-09 0.490E-04 0.437E-04
 0.156E+03 0.233E+00 0.310E-09 0.483E-04 0.444E-04
 0.163E+03 0.237E+00 0.276E-09 0.476E-04 0.451E-04
 0.169E+03 0.242E+00 0.247E-09 0.468E-04 0.458E-04
 0.176E+03 0.247E+00 0.220E-09 0.461E-04 0.466E-04
 0.184E+03 0.251E+00 0.197E-09 0.454E-04 0.473E-04
 0.191E+03 0.256E+00 0.177E-09 0.447E-04 0.480E-04
 0.199E+03 0.261E+00 0.159E-09 0.440E-04 0.487E-04
 0.207E+03 0.265E+00 0.142E-09 0.433E-04 0.493E-04
 0.215E+03 0.270E+00 0.128E-09 0.427E-04 0.500E-04
 0.224E+03 0.275E+00 0.115E-09 0.420E-04 0.507E-04
 0.233E+03 0.279E+00 0.104E-09 0.413E-04 0.514E-04
 0.243E+03 0.284E+00 0.935E-10 0.407E-04 0.520E-04
 0.253E+03 0.288E+00 0.844E-10 0.400E-04 0.527E-04
 0.263E+03 0.293E+00 0.762E-10 0.393E-04 0.533E-04
 0.274E+03 0.298E+00 0.688E-10 0.387E-04 0.540E-04
 0.285E+03 0.302E+00 0.622E-10 0.381E-04 0.546E-04
 0.297E+03 0.307E+00 0.563E-10 0.374E-04 0.553E-04
 0.309E+03 0.311E+00 0.510E-10 0.368E-04 0.559E-04
 0.321E+03 0.316E+00 0.462E-10 0.362E-04 0.565E-04
 0.334E+03 0.320E+00 0.419E-10 0.356E-04 0.571E-04
 0.348E+03 0.325E+00 0.380E-10 0.350E-04 0.577E-04
 0.362E+03 0.329E+00 0.345E-10 0.344E-04 0.583E-04
 0.377E+03 0.334E+00 0.313E-10 0.338E-04 0.589E-04
 0.392E+03 0.338E+00 0.285E-10 0.332E-04 0.595E-04
 0.408E+03 0.342E+00 0.259E-10 0.326E-04 0.601E-04
 0.425E+03 0.347E+00 0.235E-10 0.320E-04 0.607E-04
 0.443E+03 0.351E+00 0.214E-10 0.314E-04 0.613E-04
 0.461E+03 0.355E+00 0.195E-10 0.308E-04 0.618E-04
 0.479E+03 0.360E+00 0.177E-10 0.303E-04 0.624E-04
 0.499E+03 0.364E+00 0.161E-10 0.297E-04 0.630E-04
 0.519E+03 0.368E+00 0.147E-10 0.292E-04 0.635E-04
 0.540E+03 0.372E+00 0.134E-10 0.286E-04 0.641E-04
 0.563E+03 0.376E+00 0.122E-10 0.281E-04 0.646E-04
 0.586E+03 0.380E+00 0.111E-10 0.275E-04 0.652E-04
 0.609E+03 0.384E+00 0.102E-10 0.270E-04 0.657E-04
 0.634E+03 0.388E+00 0.929E-11 0.265E-04 0.662E-04
 0.660E+03 0.392E+00 0.848E-11 0.259E-04 0.667E-04
 0.687E+03 0.396E+00 0.775E-11 0.254E-04 0.673E-04
 0.715E+03 0.400E+00 0.708E-11 0.249E-04 0.678E-04
 0.744E+03 0.403E+00 0.647E-11 0.244E-04 0.683E-04
 0.775E+03 0.407E+00 0.591E-11 0.239E-04 0.688E-04
 0.806E+03 0.410E+00 0.541E-11 0.234E-04 0.692E-04
 0.839E+03 0.414E+00 0.495E-11 0.230E-04 0.697E-04
 0.874E+03 0.417E+00 0.452E-11 0.225E-04 0.702E-04
 0.909E+03 0.421E+00 0.414E-11 0.220E-04 0.707E-04
 0.946E+03 0.424E+00 0.378E-11 0.215E-04 0.711E-04
 0.985E+03 0.427E+00 0.346E-11 0.211E-04 0.716E-04
 0.103E+04 0.430E+00 0.317E-11 0.206E-04 0.721E-04
 0.107E+04 0.433E+00 0.290E-11 0.202E-04 0.725E-04
 0.111E+04 0.436E+00 0.265E-11 0.197E-04 0.729E-04
 0.116E+04 0.439E+00 0.242E-11 0.193E-04 0.734E-04
 0.120E+04 0.442E+00 0.221E-11 0.189E-04 0.738E-04
 0.125E+04 0.444E+00 0.202E-11 0.185E-04 0.742E-04
 0.130E+04 0.447E+00 0.184E-11 0.180E-04 0.746E-04
 0.136E+04 0.450E+00 0.168E-11 0.176E-04 0.751E-04
 0.141E+04 0.452E+00 0.153E-11 0.172E-04 0.755E-04
 0.147E+04 0.454E+00 0.140E-11 0.168E-04 0.759E-04
 0.153E+04 0.457E+00 0.127E-11 0.164E-04 0.762E-04
 0.159E+04 0.459E+00 0.116E-11 0.160E-04 0.766E-04
 0.166E+04 0.461E+00 0.105E-11 0.157E-04 0.770E-04
 0.172E+04 0.463E+00 0.956E-12 0.153E-04 0.774E-04
 0.179E+04 0.465E+00 0.867E-12 0.149E-04 0.778E-04
 0.187E+04 0.467E+00 0.786E-12 0.145E-04 0.781E-04
 0.194E+04 0.469E+00 0.711E-12 0.142E-04 0.785E-04
 0.202E+04 0.471E+00 0.642E-12 0.138E-04 0.788E-04
 0.211E+04 0.472E+00 0.579E-12 0.135E-04 0.792E-04
 0.219E+04 0.474E+00 0.522E-12 0.131E-04 0.795E-04
 0.228E+04 0.476E+00 0.469E-12 0.128E-04 0.799E-04
 0.238E+04 0.477E+00 0.421E-12 0.125E-04 0.802E-04
 0.247E+04 0.478E+00 0.377E-12 0.122E-04 0.805E-04
 0.257E+04 0.480E+00 0.338E-12 0.118E-04 0.808E-04
 0.268E+04 0.481E+00 0.301E-12 0.115E-04 0.811E-04
 0.279E+04 0.482E+00 0.269E-12 0.112E-04 0.815E-04
 0.290E+04 0.484E+00 0.239E-12 0.109E-04 0.818E-04
 0.302E+04 0.485E+00 0.212E-12 0.106E-04 0.821E-04
 0.314E+04 0.486E+00 0.188E-12 0.103E-04 0.823E-04
 0.327E+04 0.487E+00 0.166E-12 0.100E-04 0.826E-04
 0.340E+04 0.488E+00 0.146E-12 0.976E-05 0.829E-04
 0.354E+04 0.489E+00 0.128E-12 0.948E-05 0.832E-04
 0.369E+04 0.489E+00 0.112E-12 0.921E-05 0.835E-04
 0.384E+04 0.490E+00 0.984E-13 0.895E-05 0.837E-04
 0.400E+04 0.491E+00 0.858E-13 0.869E-05 0.840E-04
 0.416E+04 0.492E+00 0.746E-13 0.844E-05 0.842E-04
 0.433E+04 0.492E+00 0.647E-13 0.819E-05 0.845E-04
 0.450E+04 0.493E+00 0.560E-13 0.794E-05 0.847E-04
 0.469E+04 0.493E+00 0.482E-13 0.770E-05 0.850E-04
 0.488E+04 0.494E+00 0.415E-13 0.747E-05 0.852E-04
 0.508E+04 0.495E+00 0.355E-13 0.723E-05 0.854E-04
 0.529E+04 0.495E+00 0.303E-13 0.701E-05 0.857E-04
 0.550E+04 0.495E+00 0.258E-13 0.679E-05 0.859E-04
 0.573E+04 0.496E+00 0.218E-13 0.657E-05 0.861E-04
 0.596E+04 0.496E+00 0.184E-13 0.635E-05 0.863E-04
 0.620E+04 0.497E+00 0.155E-13 0.614E-05 0.865E-04
 0.646E+04 0.497E+00 0.129E-13 0.594E-05 0.867E-04
 0.672E+04 0.497E+00 0.108E-13 0.574E-05 0.869E-04
 0.699E+04 0.497E+00 0.890E-14 0.554E-05 0.871E-04
 0.728E+04 0.498E+00 0.733E-14 0.534E-05 0.873E-04
 0.758E+04 0.498E+00 0.599E-14 0.515E-05 0.875E-04
 0.788E+04 0.498E+00 0.487E-14 0.496E-05 0.877E-04
 0.821E+04 0.498E+00 0.393E-14 0.478E-05 0.879E-04
 0.854E+04 0.499E+00 0.315E-14 0.459E-05 0.881E-04
 0.889E+04 0.499E+00 0.250E-14 0.442E-05 0.882E-04
 0.925E+04 0.499E+00 0.196E-14 0.424E-05 0.884E-04
 0.963E+04 0.499E+00 0.153E-14 0.407E-05 0.886E-04
 0.100E+05 0.499E+00 0.118E-14 0.390E-05 0.888E-04
 0.104E+05 0.499E+00 0.897E-15 0.373E-05 0.889E-04
 0.109E+05 0.499E+00 0.673E-15 0.356E-05 0.891E-04
 0.113E+05 0.499E+00 0.498E-15 0.340E-05 0.893E-04
 0.118E+05 0.500E+00 0.363E-15 0.324E-05 0.894E-04
 0.122E+05 0.500E+00 0.260E-15 0.309E-05 0.896E-04
 0.127E+05 0.500E+00 0.183E-15 0.294E-05 0.897E-04
 0.133E+05 0.500E+00 0.126E-15 0.279E-05 0.899E-04
 0.138E+05 0.500E+00 0.855E-16 0.264E-05 0.900E-04
 0.144E+05 0.500E+00 0.565E-16 0.250E-05 0.901E-04
 0.149E+05 0.500E+00 0.365E-16 0.236E-05 0.903E-04
 0.155E+05 0.500E+00 0.230E-16 0.222E-05 0.904E-04
 0.162E+05 0.500E+00 0.142E-16 0.209E-05 0.905E-04
 0.168E+05 0.500E+00 0.849E-17 0.196E-05 0.907E-04
 0.175E+05 0.500E+00 0.497E-17 0.184E-05 0.908E-04
 0.182E+05 0.500E+00 0.284E-17 0.171E-05 0.909E-04
 0.190E+05 0.500E+00 0.159E-17 0.160E-05 0.910E-04
 0.198E+05 0.500E+00 0.873E-18 0.148E-05 0.911E-04
 0.206E+05 0.500E+00 0.469E-18 0.138E-05 0.912E-04
 0.214E+05 0.500E+00 0.247E-18 0.127E-05 0.913E-04
 0.223E+05 0.500E+00 0.128E-18 0.118E-05 0.914E-04
 0.232E+05 0.500E+00 0.657E-19 0.108E-05 0.915E-04
 0.241E+05 0.500E+00 0.332E-19 0.995E-06 0.916E-04
 0.251E+05 0.500E+00 0.166E-19 0.913E-06 0.916E-04
 0.261E+05 0.500E+00 0.823E-20 0.836E-06 0.917E-04
 0.272E+05 0.500E+00 0.406E-20 0.764E-06 0.918E-04
 0.283E+05 0.500E+00 0.199E-20 0.697E-06 0.918E-04
 0.295E+05 0.500E+00 0.973E-21 0.635E-06 0.919E-04
 0.307E+05 0.500E+00 0.476E-21 0.578E-06 0.919E-04
 0.319E+05 0.500E+00 0.234E-21 0.525E-06 0.920E-04
 0.332E+05 0.500E+00 0.115E-21 0.476E-06 0.920E-04
 0.346E+05 0.500E+00 0.572E-22 0.431E-06 0.921E-04
 0.360E+05 0.500E+00 0.287E-22 0.390E-06 0.921E-04
 0.375E+05 0.500E+00 0.145E-22 0.352E-06 0.921E-04
 0.390E+05 0.500E+00 0.748E-23 0.317E-06 0.922E-04
 0.406E+05 0.500E+00 0.391E-23 0.285E-06 0.922E-04
 0.423E+05 0.500E+00 0.207E-23 0.256E-06 0.922E-04
 0.440E+05 0.500E+00 0.112E-23 0.230E-06 0.922E-04
 0.458E+05 0.500E+00 0.615E-24 0.206E-06 0.923E-04
 0.477E+05 0.500E+00 0.343E-24 0.184E-06 0.923E-04
 0.496E+05 0.500E+00 0.195E-24 0.164E-06 0.923E-04
 0.516E+05 0.500E+00 0.112E-24 0.146E-06 0.923E-04
 0.537E+05 0.500E+00 0.648E-25 0.130E-06 0.923E-04
 0.559E+05 0.500E+00 0.379E-25 0.115E-06 0.923E-04
 0.582E+05 0.500E+00 0.224E-25 0.102E-06 0.924E-04
 0.606E+05 0.500E+00 0.133E-25 0.903E-07 0.924E-04
 0.631E+05 0.500E+00 0.793E-26 0.797E-07 0.924E-04
 0.656E+05 0.500E+00 0.475E-26 0.702E-07 0.924E-04
 0.683E+05 0.500E+00 0.284E-26 0.617E-07 0.924E-04
 0.711E+05 0.500E+00 0.170E-26 0.542E-07 0.924E-04
 0.740E+05 0.500E+00 0.102E-26 0.474E-07 0.924E-04
 0.770E+05 0.500E+00 0.609E-27 0.414E-07 0.924E-04
 0.802E+05 0.500E+00 0.365E-27 0.360E-07 0.924E-04
 0.834E+05 0.500E+00 0.219E-27 0.313E-07 0.924E-04
 0.868E+05 0.500E+00 0.132E-27 0.271E-07 0.924E-04
 0.904E+05 0.500E+00 0.810E-28 0.235E-07 0.924E-04
 0.941E+05 0.500E+00 0.487E-28 0.202E-07 0.924E-04
 0.979E+05 0.500E+00 0.302E-28 0.174E-07 0.924E-04
 0.102E+06 0.500E+00 0.190E-28 0.149E-07 0.924E-04
 0.106E+06 0.500E+00 0.123E-28 0.127E-07 0.924E-04
 0.110E+06 0.500E+00 0.866E-29 0.108E-07 0.924E-04
 0.115E+06 0.500E+00 0.554E-29 0.920E-08 0.924E-04
 0.120E+06 0.500E+00 0.388E-29 0.778E-08 0.924E-04
 0.124E+06 0.500E+00 0.279E-29 0.657E-08 0.924E-04
 0.130E+06 0.500E+00 0.205E-29 0.552E-08 0.924E-04
 0.135E+06 0.500E+00 0.153E-29 0.463E-08 0.924E-04
 0.140E+06 0.500E+00 0.116E-29 0.386E-08 0.924E-04
 0.146E+06 0.500E+00 0.961E-30 0.321E-08 0.924E-04
 0.152E+06 0.500E+00 0.690E-30 0.266E-08 0.924E-04
 0.158E+06 0.500E+00 0.644E-30 0.220E-08 0.924E-04
 0.165E+06 0.500E+00 0.417E-30 0.181E-08 0.924E-04
 0.171E+06 0.500E+00 0.418E-30 0.148E-08 0.924E-04
 0.178E+06 0.500E+00 0.284E-30 0.121E-08 0.924E-04
 0.186E+06 0.500E+00 0.197E-30 0.984E-09 0.924E-04
 0.193E+06 0.500E+00 0.153E-30 0.797E-09 0.924E-04
 0.201E+06 0.500E+00 0.118E-30 0.642E-09 0.924E-04
 0.209E+06 0.500E+00 0.934E-31 0.515E-09 0.924E-04
 0.218E+06 0.500E+00 0.703E-31 0.412E-09 0.924E-04
 0.227E+06 0.500E+00 0.761E-31 0.328E-09 0.925E-04
 0.236E+06 0.500E+00 0.412E-31 0.259E-09 0.925E-04
 0.246E+06 0.500E+00 0.314E-31 0.204E-09 0.925E-04
 0.256E+06 0.500E+00 0.238E-31 0.160E-09 0.925E-04
 0.266E+06 0.500E+00 0.180E-31 0.125E-09 0.925E-04
 0.277E+06 0.500E+00 0.135E-31 0.971E-10 0.925E-04
 0.288E+06 0.500E+00 0.101E-31 0.750E-10 0.925E-04
 0.300E+06 0.500E+00 0.755E-32 0.577E-10 0.925E-04
 0.312E+06 0.500E+00 0.560E-32 0.441E-10 0.925E-04
 0.325E+06 0.500E+00 0.413E-32 0.335E-10 0.925E-04
 0.338E+06 0.500E+00 0.303E-32 0.253E-10 0.925E-04
 0.352E+06 0.500E+00 0.221E-32 0.190E-10 0.925E-04
 0.367E+06 0.500E+00 0.161E-32 0.142E-10 0.925E-04
 0.382E+06 0.500E+00 0.116E-32 0.106E-10 0.925E-04
 0.397E+06 0.500E+00 0.834E-33 0.782E-11 0.925E-04
 0.413E+06 0.500E+00 0.872E-33 0.574E-11 0.925E-04
 0.430E+06 0.500E+00 0.423E-33 0.419E-11 0.925E-04
 0.448E+06 0.500E+00 0.298E-33 0.304E-11 0.925E-04
 0.466E+06 0.500E+00 0.209E-33 0.219E-11 0.925E-04
 0.485E+06 0.500E+00 0.146E-33 0.156E-11 0.925E-04
 0.505E+06 0.500E+00 0.101E-33 0.111E-11 0.925E-04
 0.525E+06 0.500E+00 0.694E-34 0.785E-12 0.925E-04
 0.547E+06 0.500E+00 0.474E-34 0.550E-12 0.925E-04
 0.569E+06 0.500E+00 0.321E-34 0.383E-12 0.925E-04
 0.592E+06 0.500E+00 0.216E-34 0.264E-12 0.925E-04
 0.617E+06 0.500E+00 0.145E-34 0.181E-12 0.925E-04
 0.642E+06 0.500E+00 0.960E-35 0.123E-12 0.925E-04
 0.668E+06 0.500E+00 0.762E-34 0.833E-13 0.925E-04
 0.695E+06 0.500E+00 0.420E-35 0.558E-13 0.925E-04
 0.724E+06 0.500E+00 0.613E-34 0.371E-13 0.925E-04
 0.753E+06 0.500E+00 0.172E-35 0.245E-13 0.925E-04
 0.784E+06 0.500E+00 0.110E-35 0.160E-13 0.925E-04
 0.816E+06 0.500E+00 0.697E-36 0.104E-13 0.925E-04
 0.849E+06 0.500E+00 0.437E-36 0.666E-14 0.925E-04
 0.884E+06 0.500E+00 0.272E-36 0.424E-14 0.925E-04
 0.920E+06 0.500E+00 0.168E-36 0.268E-14 0.925E-04
 0.957E+06 0.500E+00 0.781E-34 0.167E-14 0.925E-04
 0.996E+06 0.500E+00 0.180E-36 0.104E-14 0.925E-04
 0.104E+07 0.500E+00 0.372E-37 0.637E-15 0.925E-04
 0.108E+07 0.500E+00 0.131E-36 0.387E-15 0.925E-04
 0.112E+07 0.500E+00 0.130E-37 0.233E-15 0.925E-04
 0.117E+07 0.500E+00 0.755E-38 0.139E-15 0.925E-04
 0.122E+07 0.500E+00 0.435E-38 0.817E-16 0.925E-04
 0.127E+07 0.500E+00 0.248E-38 0.477E-16 0.925E-04
 0.132E+07 0.500E+00 0.100E-36 0.275E-16 0.925E-04
 0.137E+07 0.500E+00 0.782E-39 0.157E-16 0.925E-04
 0.143E+07 0.500E+00 0.432E-39 0.887E-17 0.925E-04
 0.149E+07 0.500E+00 0.236E-39 0.495E-17 0.925E-04
 0.155E+07 0.500E+00 0.911E-37 0.273E-17 0.925E-04
 0.161E+07 0.500E+00 0.688E-40 0.149E-17 0.925E-04
 0.168E+07 0.500E+00 0.358E-40 0.802E-18 0.925E-04
 0.174E+07 0.500E+00 0.186E-40 0.427E-18 0.925E-04
 0.182E+07 0.500E+00 0.961E-41 0.224E-18 0.925E-04
 0.189E+07 0.500E+00 0.487E-41 0.116E-18 0.925E-04
 0.197E+07 0.500E+00 0.244E-41 0.596E-19 0.925E-04
 0.205E+07 0.500E+00 0.121E-41 0.301E-19 0.925E-04
 0.213E+07 0.500E+00 0.590E-42 0.150E-19 0.925E-04
 0.222E+07 0.500E+00 0.284E-42 0.740E-20 0.925E-04
 0.231E+07 0.500E+00 0.193E-41 0.359E-20 0.925E-04
 0.240E+07 0.500E+00 0.566E-37 0.172E-20 0.925E-04
 0.250E+07 0.500E+00 0.294E-43 0.809E-21 0.925E-04
 0.260E+07 0.500E+00 0.156E-43 0.376E-21 0.925E-04
 0.271E+07 0.500E+00 0.594E-44 0.172E-21 0.925E-04
 0.282E+07 0.500E+00 0.692E-43 0.774E-22 0.925E-04
 0.293E+07 0.500E+00 0.114E-44 0.343E-22 0.925E-04
 0.305E+07 0.500E+00 0.492E-45 0.150E-22 0.925E-04
 0.318E+07 0.500E+00 0.295E-45 0.644E-23 0.925E-04
 0.331E+07 0.500E+00 0.848E-46 0.272E-23 0.925E-04
 0.344E+07 0.500E+00 0.345E-46 0.113E-23 0.925E-04
 0.358E+07 0.500E+00 0.144E-46 0.462E-24 0.925E-04
 0.373E+07 0.500E+00 0.822E-43 0.185E-24 0.925E-04
 0.388E+07 0.500E+00 0.110E-44 0.730E-25 0.925E-04
 0.404E+07 0.500E+00 0.113E-47 0.283E-25 0.925E-04
 0.421E+07 0.500E+00 0.297E-48 0.107E-25 0.925E-04
 0.438E+07 0.500E+00 0.109E-48 0.401E-26 0.925E-04
 0.456E+07 0.500E+00 0.496E-45 0.147E-26 0.925E-04
 0.474E+07 0.500E+00 0.137E-49 0.526E-27 0.925E-04
 0.493E+07 0.500E+00 0.261E-43 0.185E-27 0.925E-04
 0.514E+07 0.500E+00 0.758E-50 0.638E-28 0.925E-04
 0.535E+07 0.500E+00 0.527E-51 0.215E-28 0.925E-04
 0.556E+07 0.500E+00 0.171E-51 0.712E-29 0.925E-04
 0.579E+07 0.500E+00 0.543E-52 0.231E-29 0.925E-04
 0.603E+07 0.500E+00 0.168E-52 0.730E-30 0.925E-04
 0.627E+07 0.500E+00 0.512E-53 0.226E-30 0.925E-04
 0.653E+07 0.500E+00 0.152E-53 0.685E-31 0.925E-04
 0.680E+07 0.500E+00 0.441E-54 0.203E-31 0.925E-04
 0.707E+07 0.500E+00 0.125E-54 0.586E-32 0.925E-04
 0.736E+07 0.500E+00 0.346E-55 0.166E-32 0.925E-04
 0.766E+07 0.500E+00 0.936E-56 0.456E-33 0.925E-04
 0.798E+07 0.500E+00 0.247E-56 0.123E-33 0.925E-04
 0.830E+07 0.500E+00 0.635E-57 0.322E-34 0.925E-04
 0.864E+07 0.500E+00 0.159E-57 0.822E-35 0.925E-04
 0.899E+07 0.500E+00 0.389E-58 0.205E-35 0.925E-04
 0.936E+07 0.500E+00 0.925E-59 0.497E-36 0.925E-04
 0.974E+07 0.500E+00 0.214E-59 0.117E-36 0.925E-04
 0.101E+08 0.500E+00 0.483E-60 0.269E-37 0.925E-04
 0.106E+08 0.500E+00 0.106E-60 0.602E-38 0.925E-04
 0.110E+08 0.500E+00 0.225E-61 0.131E-38 0.925E-04
 0.114E+08 0.500E+00 0.466E-62 0.276E-39 0.925E-04
 0.119E+08 0.500E+00 0.937E-63 0.565E-40 0.925E-04
 0.124E+08 0.500E+00 0.183E-63 0.112E-40 0.925E-04
 0.129E+08 0.500E+00 0.346E-64 0.216E-41 0.925E-04
 0.134E+08 0.500E+00 0.635E-65 0.405E-42 0.925E-04
 0.140E+08 0.500E+00 0.113E-65 0.733E-43 0.925E-04
 0.145E+08 0.500E+00 0.194E-66 0.129E-43 0.925E-04
 0.151E+08 0.500E+00 0.324E-67 0.218E-44 0.925E-04
 0.157E+08 0.500E+00 0.522E-68 0.359E-45 0.925E-04
 0.164E+08 0.500E+00 0.813E-69 0.570E-46 0.925E-04
 0.171E+08 0.500E+00 0.122E-69 0.875E-47 0.925E-04
 0.177E+08 0.500E+00 0.178E-70 0.130E-47 0.925E-04
 0.185E+08 0.500E+00 0.250E-71 0.185E-48 0.925E-04
 0.192E+08 0.500E+00 0.339E-72 0.256E-49 0.925E-04
 0.200E+08 0.500E+00 0.442E-73 0.340E-50 0.925E-04
 0.208E+08 0.500E+00 0.556E-74 0.436E-51 0.925E-04
 0.217E+08 0.500E+00 0.673E-75 0.538E-52 0.925E-04
 0.226E+08 0.500E+00 0.784E-76 0.638E-53 0.925E-04
 0.235E+08 0.500E+00 0.883E-77 0.732E-54 0.925E-04
 0.244E+08 0.500E+00 0.950E-78 0.803E-55 0.925E-04
 0.254E+08 0.500E+00 0.982E-79 0.845E-56 0.925E-04
 0.265E+08 0.500E+00 0.974E-80 0.854E-57 0.925E-04
 0.276E+08 0.500E+00 0.135E-66 0.187E-53 0.925E-04
 0.287E+08 0.500E+00 0.191E-77 0.174E-54 0.925E-04
 0.299E+08 0.500E+00 0.167E-78 0.154E-55 0.925E-04
 0.311E+08 0.500E+00 0.139E-79 0.131E-56 0.925E-04
 0.323E+08 0.500E+00 0.111E-80 0.107E-57 0.925E-04
 0.337E+08 0.500E+00 0.167E-72 0.925E-54 0.925E-04
 0.350E+08 0.500E+00 0.689E-78 0.687E-55 0.925E-04
 0.365E+08 0.500E+00 0.479E-79 0.487E-56 0.925E-04
 0.380E+08 0.500E+00 0.318E-80 0.329E-57 0.925E-04
 0.395E+08 0.500E+00 0.201E-81 0.212E-58 0.925E-04
 0.411E+08 0.500E+00 0.121E-82 0.130E-59 0.925E-04
 0.428E+08 0.500E+00 0.692E-84 0.756E-61 0.925E-04
 0.445E+08 0.500E+00 0.377E-85 0.419E-62 0.925E-04
 0.464E+08 0.500E+00 0.195E-86 0.221E-63 0.925E-04
 0.482E+08 0.500E+00 0.983E-88 0.113E-64 0.925E-04
 0.502E+08 0.500E+00 0.669E-89 0.785E-66 0.925E-04
 0.523E+08 0.500E+00 0.664E-87 0.246E-66 0.925E-04
 0.544E+08 0.500E+00 0.157E-89 0.190E-66 0.925E-04
 0.566E+08 0.500E+00 0.134E-89 0.166E-66 0.925E-04
 0.589E+08 0.500E+00 0.198E-83 0.250E-60 0.925E-04
 0.613E+08 0.500E+00 0.697E-85 0.896E-62 0.925E-04
 0.638E+08 0.500E+00 0.232E-86 0.303E-63 0.925E-04
 0.664E+08 0.500E+00 0.395E-86 0.526E-63 0.925E-04
 0.692E+08 0.500E+00 0.117E-87 0.159E-64 0.925E-04
 0.720E+08 0.500E+00 0.368E-89 0.508E-66 0.925E-04
 0.749E+08 0.500E+00 0.456E-90 0.639E-67 0.925E-04
 0.780E+08 0.500E+00 0.121E-81 0.173E-58 0.925E-04
 0.812E+08 0.500E+00 0.279E-83 0.406E-60 0.925E-04
 0.845E+08 0.500E+00 0.601E-85 0.892E-62 0.925E-04
 0.879E+08 0.500E+00 0.122E-86 0.184E-63 0.925E-04
 0.915E+08 0.500E+00 0.232E-88 0.356E-65 0.925E-04
 0.952E+08 0.500E+00 0.534E-90 0.834E-67 0.925E-04
 0.991E+08 0.500E+00 0.170E-84 0.271E-61 0.925E-04
 0.103E+09 0.500E+00 0.165E-85 0.426E-63 0.925E-04
 0.107E+09 0.500E+00 0.379E-88 0.625E-65 0.925E-04
 0.112E+09 0.500E+00 0.568E-90 0.954E-67 0.925E-04
 0.116E+09 0.500E+00 0.579E-91 0.986E-68 0.925E-04
 0.121E+09 0.500E+00 0.212E-88 0.368E-65 0.925E-04
 0.126E+09 0.500E+00 0.264E-90 0.466E-67 0.925E-04
 0.131E+09 0.500E+00 0.479E-91 0.857E-68 0.925E-04
 0.136E+09 0.500E+00 0.254E-91 0.464E-68 0.925E-04
 0.142E+09 0.500E+00 0.231E-91 0.429E-68 0.925E-04
 0.148E+09 0.500E+00 0.177E-91 0.335E-68 0.925E-04
 0.154E+09 0.500E+00 0.153E-91 0.294E-68 0.925E-04
 0.160E+09 0.500E+00 0.161E-91 0.315E-68 0.925E-04
 0.167E+09 0.500E+00 0.104E-91 0.207E-68 0.925E-04
 0.174E+09 0.500E+00 0.868E-92 0.176E-68 0.925E-04
 0.181E+09 0.500E+00 0.729E-92 0.150E-68 0.925E-04
 0.188E+09 0.500E+00 0.608E-92 0.127E-68 0.925E-04
 0.196E+09 0.500E+00 0.509E-92 0.109E-68 0.925E-04
 0.204E+09 0.500E+00 0.426E-92 0.925E-69 0.925E-04
 0.212E+09 0.500E+00 0.493E-85 0.109E-61 0.925E-04
 0.221E+09 0.500E+00 0.169E-87 0.381E-64 0.925E-04
 0.230E+09 0.500E+00 0.529E-90 0.122E-66 0.925E-04
 0.239E+09 0.500E+00 0.359E-92 0.838E-69 0.925E-04
 0.249E+09 0.500E+00 0.175E-92 0.415E-69 0.925E-04
 0.259E+09 0.500E+00 0.147E-92 0.354E-69 0.925E-04
 0.269E+09 0.500E+00 0.136E-92 0.333E-69 0.925E-04
 0.280E+09 0.500E+00 0.103E-92 0.256E-69 0.925E-04
 0.292E+09 0.500E+00 0.871E-93 0.221E-69 0.925E-04
 0.304E+09 0.500E+00 0.721E-93 0.186E-69 0.925E-04
 0.316E+09 0.500E+00 0.604E-93 0.158E-69 0.925E-04
 0.329E+09 0.500E+00 0.110E-91 0.295E-68 0.925E-04
 0.343E+09 0.500E+00 0.440E-93 0.119E-69 0.925E-04
 0.356E+09 0.500E+00 0.361E-93 0.996E-70 0.925E-04
 0.371E+09 0.500E+00 0.303E-93 0.849E-70 0.925E-04
 0.386E+09 0.500E+00 0.259E-93 0.739E-70 0.925E-04
 0.402E+09 0.500E+00 0.208E-93 0.604E-70 0.925E-04
 0.418E+09 0.500E+00 0.179E-93 0.527E-70 0.925E-04
 0.435E+09 0.500E+00 0.146E-93 0.438E-70 0.925E-04
 0.453E+09 0.500E+00 0.220E-86 0.672E-63 0.925E-04
 0.472E+09 0.500E+00 0.127E-85 0.396E-62 0.925E-04
 0.491E+09 0.500E+00 0.568E-89 0.180E-65 0.925E-04
 0.511E+09 0.500E+00 0.236E-92 0.758E-69 0.925E-04
 0.532E+09 0.500E+00 0.609E-94 0.199E-70 0.925E-04
 0.553E+09 0.500E+00 0.504E-94 0.167E-70 0.925E-04
 0.576E+09 0.500E+00 0.422E-94 0.142E-70 0.925E-04
 0.600E+09 0.500E+00 0.393E-94 0.135E-70 0.925E-04
 0.624E+09 0.500E+00 0.296E-94 0.103E-70 0.925E-04
 0.650E+09 0.500E+00 0.248E-94 0.877E-71 0.925E-04
 0.676E+09 0.500E+00 0.717E-88 0.259E-64 0.925E-04
 0.704E+09 0.500E+00 0.113E-91 0.414E-68 0.925E-04
 0.732E+09 0.500E+00 0.185E-94 0.687E-71 0.925E-04
 0.762E+09 0.500E+00 0.167E-94 0.629E-71 0.925E-04
 0.793E+09 0.500E+00 0.102E-94 0.392E-71 0.925E-04
 0.826E+09 0.500E+00 0.936E-95 0.365E-71 0.925E-04
 0.859E+09 0.500E+00 0.890E-94 0.351E-70 0.925E-04
 0.894E+09 0.500E+00 0.602E-95 0.242E-71 0.925E-04
 0.931E+09 0.500E+00 0.503E-95 0.206E-71 0.925E-04
 0.969E+09 0.500E+00 0.549E-95 0.228E-71 0.925E-04
 0.101E+10 0.500E+00 0.352E-95 0.148E-71 0.925E-04
 0.105E+10 0.500E+00 0.328E-95 0.141E-71 0.925E-04
 0.109E+10 0.500E+00 0.246E-95 0.107E-71 0.925E-04
 0.114E+10 0.500E+00 0.206E-95 0.909E-72 0.925E-04
 0.118E+10 0.500E+00 0.328E-95 0.148E-71 0.925E-04
 0.123E+10 0.500E+00 0.144E-95 0.655E-72 0.925E-04
 0.128E+10 0.500E+00 0.120E-95 0.557E-72 0.925E-04
 0.133E+10 0.500E+00 0.100E-95 0.472E-72 0.925E-04
 0.139E+10 0.500E+00 0.204E-89 0.979E-66 0.925E-04
 0.145E+10 0.500E+00 0.270E-94 0.131E-70 0.925E-04
 0.150E+10 0.500E+00 0.587E-96 0.289E-72 0.925E-04
 0.157E+10 0.500E+00 0.511E-96 0.256E-72 0.925E-04
 0.163E+10 0.500E+00 0.364E-86 0.186E-62 0.925E-04
 0.170E+10 0.500E+00 0.259E-91 0.134E-67 0.925E-04
 0.177E+10 0.500E+00 0.449E-96 0.235E-72 0.925E-04
 0.184E+10 0.500E+00 0.240E-96 0.127E-72 0.925E-04
 0.191E+10 0.500E+00 0.200E-96 0.108E-72 0.925E-04
 0.199E+10 0.500E+00 0.103E-87 0.566E-64 0.925E-04
 0.207E+10 0.500E+00 0.340E-93 0.189E-69 0.925E-04
 0.216E+10 0.500E+00 0.118E-96 0.665E-73 0.925E-04
 0.224E+10 0.500E+00 0.979E-97 0.560E-73 0.925E-04
 0.234E+10 0.500E+00 0.819E-97 0.475E-73 0.925E-04
 0.243E+10 0.500E+00 0.687E-97 0.404E-73 0.925E-04
 0.253E+10 0.500E+00 0.625E-97 0.373E-73 0.925E-04
 0.263E+10 0.500E+00 0.478E-97 0.289E-73 0.925E-04
 0.274E+10 0.500E+00 0.960E-97 0.591E-73 0.925E-04
 0.285E+10 0.500E+00 0.334E-97 0.208E-73 0.925E-04
 0.297E+10 0.500E+00 0.279E-97 0.176E-73 0.925E-04
 0.309E+10 0.500E+00 0.235E-97 0.150E-73 0.925E-04
 0.322E+10 0.500E+00 0.195E-97 0.126E-73 0.925E-04
 0.335E+10 0.500E+00 0.187E-97 0.123E-73 0.925E-04
 0.348E+10 0.500E+00 0.136E-97 0.907E-74 0.925E-04
 0.363E+10 0.500E+00 0.114E-97 0.768E-74 0.925E-04
 0.377E+10 0.500E+00 0.950E-98 0.650E-74 0.925E-04
 0.393E+10 0.500E+00 0.793E-98 0.550E-74 0.925E-04
 0.409E+10 0.500E+00 0.662E-98 0.466E-74 0.925E-04
 0.426E+10 0.500E+00 0.611E-98 0.436E-74 0.925E-04
 0.443E+10 0.500E+00 0.462E-98 0.333E-74 0.925E-04
 0.461E+10 0.500E+00 0.494E-98 0.361E-74 0.925E-04
 0.480E+10 0.500E+00 0.322E-98 0.238E-74 0.925E-04
 0.499E+10 0.500E+00 0.269E-98 0.201E-74 0.925E-04
 0.520E+10 0.500E+00 0.224E-98 0.170E-74 0.925E-04
 0.541E+10 0.500E+00 0.146E-91 0.113E-67 0.925E-04
 0.563E+10 0.500E+00 0.159E-96 0.124E-72 0.925E-04
 0.586E+10 0.500E+00 0.130E-98 0.102E-74 0.925E-04
 0.610E+10 0.500E+00 0.108E-98 0.864E-75 0.925E-04
 0.635E+10 0.500E+00 0.904E-99 0.729E-75 0.925E-04
 0.661E+10 0.500E+00 0.754E-99 0.615E-75 0.925E-04
 0.688E+10 0.500E+00 0.628E-99 0.518E-75 0.925E-04
 0.716E+10 0.500E+00 0.523E-99 0.437E-75 0.925E-04
 0.745E+10 0.500E+00 0.110E-89 0.933E-66 0.925E-04
 0.776E+10 0.500E+00 0.120E-97 0.103E-73 0.925E-04
 0.807E+10 0.500E+00 0.447E-99 0.387E-75 0.925E-04
 0.840E+10 0.500E+00 0.251E-99 0.219E-75 0.925E-04
 0.874E+10 0.500E+00 0.209E-99 0.185E-75 0.925E-04
 0.910E+10 0.500E+00 0.174E-99 0.155E-75 0.925E-04
 0.947E+10 0.500E+00 0.146E-99 0.132E-75 0.925E-04
 0.986E+10 0.500E+00 0.120E-99 0.109E-75 0.925E-04
 0.103E+11 0.500E+00 0.985E-95 0.910E-71 0.925E-04
 0.107E+11 0.500E+00 0.829-100 0.770E-76 0.925E-04
 0.111E+11 0.500E+00 0.688-100 0.646E-76 0.925E-04
 0.116E+11 0.500E+00 0.930E-94 0.885E-70 0.925E-04
 0.120E+11 0.500E+00 0.474-100 0.454E-76 0.925E-04
 0.125E+11 0.500E+00 0.398-100 0.385E-76 0.925E-04
 0.130E+11 0.500E+00 0.325-100 0.317E-76 0.925E-04
 0.136E+11 0.500E+00 0.269-100 0.265E-76 0.925E-04
 0.141E+11 0.500E+00 0.222-100 0.221E-76 0.925E-04
 0.147E+11 0.500E+00 0.178E-99 0.179E-75 0.925E-04
 0.153E+11 0.500E+00 0.150-100 0.151E-76 0.925E-04
 0.159E+11 0.500E+00 0.122-100 0.125E-76 0.925E-04
 0.166E+11 0.500E+00 0.995-101 0.102E-76 0.925E-04
 0.173E+11 0.500E+00 0.444E-91 0.462E-67 0.925E-04
 0.180E+11 0.500E+00 0.138E-98 0.145E-74 0.925E-04
 0.187E+11 0.500E+00 0.530-101 0.559E-77 0.925E-04
 0.194E+11 0.500E+00 0.430-101 0.457E-77 0.925E-04
 0.202E+11 0.500E+00 0.344-101 0.369E-77 0.925E-04
 0.211E+11 0.500E+00 0.423E-99 0.459E-75 0.925E-04
 0.219E+11 0.500E+00 0.220-101 0.240E-77 0.925E-04
 0.228E+11 0.500E+00 0.175-101 0.192E-77 0.925E-04
 0.237E+11 0.500E+00 0.177-100 0.195E-76 0.925E-04
 0.247E+11 0.500E+00 0.115-101 0.127E-77 0.925E-04
 0.257E+11 0.500E+00 0.874-102 0.977E-78 0.925E-04
 0.268E+11 0.500E+00 0.685-102 0.770E-78 0.925E-04
 0.279E+11 0.500E+00 0.549-102 0.620E-78 0.925E-04
 0.290E+11 0.500E+00 0.529E-92 0.603E-68 0.925E-04
 0.302E+11 0.500E+00 0.327-102 0.374E-78 0.925E-04
 0.314E+11 0.500E+00 0.123-100 0.142E-76 0.925E-04
 0.327E+11 0.500E+00 0.193-102 0.223E-78 0.925E-04
 0.340E+11 0.500E+00 0.320-100 0.371E-76 0.925E-04
 0.354E+11 0.500E+00 0.113-102 0.131E-78 0.925E-04
 0.368E+11 0.500E+00 0.436E-90 0.510E-66 0.925E-04
 0.383E+11 0.500E+00 0.762-103 0.893E-79 0.925E-04
 0.399E+11 0.500E+00 0.478-103 0.562E-79 0.925E-04
 0.415E+11 0.500E+00 0.357-103 0.417E-79 0.925E-04
 0.432E+11 0.500E+00 0.260-103 0.307E-79 0.925E-04
 0.450E+11 0.500E+00 0.189-103 0.224E-79 0.925E-04
 0.468E+11 0.500E+00 0.137-103 0.163E-79 0.925E-04
 0.487E+11 0.500E+00 0.182E-96 0.216E-72 0.925E-04
 0.507E+11 0.500E+00 0.268-103 0.319E-79 0.925E-04
 0.528E+11 0.500E+00 0.488-104 0.582E-80 0.925E-04
 0.549E+11 0.500E+00 0.449E-92 0.536E-68 0.925E-04
 0.572E+11 0.500E+00 0.126-102 0.150E-78 0.925E-04
 0.595E+11 0.500E+00 0.241-102 0.288E-78 0.925E-04
 0.619E+11 0.500E+00 0.164-102 0.195E-78 0.925E-04
 0.644E+11 0.500E+00 0.159-104 0.190E-80 0.925E-04
 0.670E+11 0.500E+00 0.500-105 0.595E-81 0.925E-04
 0.698E+11 0.500E+00 0.288-105 0.342E-81 0.925E-04
 0.726E+11 0.500E+00 0.287-105 0.215E-81 0.925E-04
 0.756E+11 0.500E+00 0.112-105 0.133E-81 0.925E-04
 0.786E+11 0.500E+00 0.677-106 0.800E-82 0.925E-04
 0.818E+11 0.500E+00 0.420-106 0.495E-82 0.925E-04
 0.852E+11 0.500E+00 0.234-106 0.275E-82 0.925E-04
 0.886E+11 0.500E+00 0.361E-91 0.423E-67 0.925E-04
 0.922E+11 0.500E+00 0.739-107 0.864E-83 0.925E-04
 0.960E+11 0.500E+00 0.404-107 0.470E-83 0.925E-04
 0.999E+11 0.500E+00 0.141E-96 0.163E-72 0.925E-04
 0.104E+12 0.500E+00 0.118-107 0.136E-83 0.925E-04
 0.108E+12 0.500E+00 0.620-105 0.712E-81 0.925E-04
 0.113E+12 0.500E+00 0.328-105 0.374E-81 0.925E-04
 0.117E+12 0.500E+00 0.469-105 0.533E-81 0.925E-04
 0.122E+12 0.500E+00 0.929-109 0.105E-84 0.925E-04
 0.127E+12 0.500E+00 0.761-107 0.853E-83 0.925E-04
 0.132E+12 0.500E+00 0.497-109 0.553E-85 0.925E-04
 0.138E+12 0.500E+00 0.524E-91 0.579E-67 0.925E-04
 0.143E+12 0.500E+00 0.124E-78 0.136E-54 0.925E-04
 0.149E+12 0.500E+00 0.379E-93 0.373E-69 0.925E-04
 0.155E+12 0.500E+00 0.645-106 0.696E-82 0.925E-04
 0.161E+12 0.500E+00 0.112E-64 0.120E-40 0.925E-04
 0.168E+12 0.500E+00 0.167E-86 0.177E-62 0.925E-04
 0.175E+12 0.500E+00 0.161-108 0.169E-84 0.925E-04
 0.182E+12 0.500E+00 0.509-111 0.530E-87 0.925E-04
 0.189E+12 0.500E+00 0.389-112 0.403E-88 0.925E-04
 0.197E+12 0.500E+00 0.179-112 0.184E-88 0.925E-04
 0.205E+12 0.500E+00 0.816-113 0.828E-89 0.925E-04
 0.214E+12 0.500E+00 0.366-113 0.368E-89 0.925E-04
 0.222E+12 0.500E+00 0.952-106 0.947E-82 0.925E-04
 0.231E+12 0.500E+00 0.716-114 0.705E-90 0.925E-04
 0.241E+12 0.500E+00 0.154E-75 0.150E-51 0.925E-04
 0.251E+12 0.500E+00 0.233E-99 0.225E-75 0.925E-04
 0.261E+12 0.500E+00 0.170E-78 0.162E-54 0.925E-04
 0.272E+12 0.500E+00 0.129E-71 0.122E-47 0.925E-04
 0.283E+12 0.500E+00 0.360E-95 0.336E-71 0.925E-04
 0.294E+12 0.500E+00 0.930-116 0.818E-92 0.925E-04
 0.306E+12 0.500E+00 0.158-101 0.144E-77 0.925E-04
 0.319E+12 0.500E+00 0.770-116 0.696E-92 0.925E-04
 0.332E+12 0.500E+00 0.136-115 0.121E-91 0.925E-04
 0.345E+12 0.500E+00 0.218-115 0.193E-91 0.925E-04
 0.359E+12 0.500E+00 0.698-115 0.610E-91 0.925E-04
 0.374E+12 0.500E+00 0.297-114 0.257E-90 0.925E-04
 0.389E+12 0.500E+00 0.197-113 0.169E-89 0.925E-04
 0.405E+12 0.500E+00 0.155-112 0.128E-88 0.925E-04
 0.422E+12 0.500E+00 0.121-111 0.101E-87 0.925E-04
 0.439E+12 0.500E+00 0.303E-99 0.250E-75 0.925E-04
 0.457E+12 0.500E+00 0.826-110 0.675E-86 0.925E-04
 0.475E+12 0.500E+00 0.692-109 0.559E-85 0.925E-04
 0.495E+12 0.500E+00 0.584-108 0.467E-84 0.925E-04
 0.515E+12 0.500E+00 0.496-107 0.392E-83 0.925E-04
 0.536E+12 0.500E+00 0.424-106 0.331E-82 0.925E-04
 0.558E+12 0.500E+00 0.363-105 0.280E-81 0.925E-04
 0.581E+12 0.500E+00 0.313-104 0.239E-80 0.925E-04
 0.604E+12 0.500E+00 0.270-103 0.204E-79 0.925E-04
 0.629E+12 0.500E+00 0.234-102 0.174E-78 0.925E-04
 0.655E+12 0.500E+00 0.202-101 0.149E-77 0.925E-04
 0.682E+12 0.500E+00 0.175-100 0.128E-76 0.925E-04
 0.709E+12 0.500E+00 0.152E-99 0.109E-75 0.925E-04
 0.738E+12 0.500E+00 0.131E-98 0.934E-75 0.925E-04
 0.768E+12 0.500E+00 0.113E-97 0.797E-74 0.925E-04
 0.800E+12 0.500E+00 0.973E-97 0.678E-73 0.925E-04
 0.832E+12 0.500E+00 0.834E-96 0.574E-72 0.925E-04
 0.866E+12 0.500E+00 0.710E-95 0.484E-71 0.925E-04
 0.902E+12 0.500E+00 0.602E-94 0.405E-70 0.925E-04
 0.939E+12 0.500E+00 0.506E-93 0.337E-69 0.925E-04
 0.977E+12 0.500E+00 0.422E-92 0.279E-68 0.925E-04
 0.102E+13 0.500E+00 0.349E-91 0.228E-67 0.925E-04
 0.106E+13 0.500E+00 0.286E-90 0.185E-66 0.925E-04
 0.110E+13 0.500E+00 0.231E-89 0.148E-65 0.925E-04
 0.115E+13 0.500E+00 0.185E-88 0.117E-64 0.925E-04
 0.119E+13 0.500E+00 0.815E-84 0.510E-60 0.925E-04
 0.124E+13 0.500E+00 0.115E-86 0.714E-63 0.925E-04
 0.129E+13 0.500E+00 0.888E-86 0.547E-62 0.925E-04
 0.135E+13 0.500E+00 0.679E-85 0.415E-61 0.925E-04
 0.140E+13 0.500E+00 0.515E-84 0.312E-60 0.925E-04
 0.146E+13 0.500E+00 0.388E-83 0.233E-59 0.925E-04
 0.152E+13 0.500E+00 0.291E-82 0.173E-58 0.925E-04
 0.158E+13 0.500E+00 0.217E-81 0.129E-57 0.925E-04
 0.164E+13 0.500E+00 0.162E-80 0.955E-57 0.925E-04
 0.171E+13 0.500E+00 0.122E-79 0.712E-56 0.925E-04
 0.178E+13 0.500E+00 0.916E-79 0.533E-55 0.925E-04
 0.185E+13 0.500E+00 0.691E-78 0.401E-54 0.925E-04
 0.193E+13 0.500E+00 0.523E-77 0.303E-53 0.925E-04
 0.201E+13 0.500E+00 0.394E-76 0.228E-52 0.925E-04
 0.209E+13 0.500E+00 0.293E-75 0.170E-51 0.925E-04
 0.217E+13 0.500E+00 0.211E-74 0.124E-50 0.925E-04
 0.226E+13 0.500E+00 0.251E-73 0.868E-50 0.925E-04
 0.236E+13 0.500E+00 0.917E-73 0.566E-49 0.925E-04
 0.245E+13 0.500E+00 0.518E-72 0.334E-48 0.925E-04
 0.255E+13 0.500E+00 0.254E-71 0.174E-47 0.925E-04
 0.266E+13 0.500E+00 0.109E-70 0.804E-47 0.925E-04
 0.276E+13 0.500E+00 0.426E-70 0.339E-46 0.925E-04
 0.288E+13 0.500E+00 0.158E-69 0.135E-45 0.925E-04
 0.299E+13 0.500E+00 0.566E-69 0.524E-45 0.925E-04
 0.312E+13 0.500E+00 0.163E-67 0.198E-44 0.925E-04
 0.324E+13 0.500E+00 0.691E-68 0.731E-44 0.925E-04
 0.338E+13 0.500E+00 0.931E-63 0.264E-43 0.925E-04
 0.351E+13 0.500E+00 0.928E-60 0.935E-43 0.925E-04
 0.366E+13 0.500E+00 0.257E-66 0.323E-42 0.925E-04
 0.381E+13 0.500E+00 0.435E-64 0.109E-41 0.925E-04
 0.396E+13 0.500E+00 0.397E-65 0.357E-41 0.925E-04
 0.412E+13 0.500E+00 0.777E-65 0.113E-40 0.925E-04
 0.429E+13 0.500E+00 0.228E-64 0.347E-40 0.925E-04
 0.447E+13 0.500E+00 0.641E-64 0.102E-39 0.925E-04
 0.465E+13 0.500E+00 0.172E-63 0.286E-39 0.925E-04
 0.484E+13 0.500E+00 0.435E-63 0.754E-39 0.925E-04
 0.504E+13 0.500E+00 0.102E-62 0.184E-38 0.925E-04
 0.524E+13 0.500E+00 0.218E-62 0.410E-38 0.925E-04
 0.546E+13 0.500E+00 0.413E-62 0.805E-38 0.925E-04
 0.568E+13 0.500E+00 0.666E-62 0.135E-37 0.925E-04
 0.591E+13 0.500E+00 0.874E-62 0.184E-37 0.925E-04
 0.615E+13 0.500E+00 0.672E-59 0.192E-37 0.925E-04
 0.640E+13 0.500E+00 0.622E-62 0.141E-37 0.925E-04
 0.666E+13 0.500E+00 0.290E-62 0.683E-38 0.925E-04
 0.694E+13 0.500E+00 0.851E-63 0.209E-38 0.925E-04
 0.722E+13 0.500E+00 0.179E-63 0.457E-39 0.925E-04
 0.751E+13 0.500E+00 0.403E-64 0.107E-39 0.925E-04
 0.782E+13 0.500E+00 0.189E-64 0.522E-40 0.925E-04
 0.814E+13 0.500E+00 0.366E-64 0.105E-39 0.925E-04
 0.847E+13 0.500E+00 0.178E-63 0.538E-39 0.925E-04
 0.882E+13 0.500E+00 0.885E-55 0.336E-38 0.924E-04
 0.918E+13 0.500E+00 0.231E-43 0.210E-37 0.924E-04
 0.955E+13 0.500E+00 0.330E-55 0.128E-36 0.924E-04
 0.994E+13 0.500E+00 0.534E-57 0.763E-36 0.924E-04
 0.103E+14 0.500E+00 0.102E-59 0.431E-35 0.924E-04
 0.108E+14 0.500E+00 0.499E-59 0.234E-34 0.924E-04
 0.112E+14 0.500E+00 0.842E-56 0.123E-33 0.924E-04
 0.117E+14 0.500E+00 0.670E-48 0.623E-33 0.924E-04
 0.121E+14 0.500E+00 0.428E-57 0.305E-32 0.924E-04
 0.126E+14 0.500E+00 0.170E-56 0.144E-31 0.924E-04
 0.132E+14 0.500E+00 0.216E-54 0.643E-31 0.924E-04
 0.137E+14 0.500E+00 0.522E-42 0.270E-30 0.924E-04
 0.142E+14 0.500E+00 0.195E-53 0.103E-29 0.924E-04
 0.148E+14 0.500E+00 0.110E-51 0.339E-29 0.924E-04
 0.154E+14 0.500E+00 0.255E-51 0.874E-29 0.923E-04
 0.161E+14 0.500E+00 0.414E-51 0.153E-28 0.923E-04
 0.167E+14 0.500E+00 0.369E-51 0.143E-28 0.922E-04
 0.174E+14 0.500E+00 0.111E-51 0.441E-29 0.922E-04
 0.181E+14 0.500E+00 0.600E-53 0.242E-30 0.921E-04
 0.189E+14 0.500E+00 0.666E-55 0.273E-32 0.921E-04
 0.196E+14 0.500E+00 0.142E-57 0.587E-35 0.921E-04
 0.204E+14 0.500E+00 0.320E-61 0.134E-38 0.921E-04
 0.213E+14 0.500E+00 0.408E-66 0.173E-43 0.921E-04
 0.221E+14 0.500E+00 0.151E-72 0.646E-50 0.921E-04
 0.230E+14 0.500E+00 0.779E-81 0.338E-58 0.921E-04
 0.240E+14 0.500E+00 0.277E-91 0.122E-68 0.921E-04
 0.249E+14 0.500E+00 0.327E-99 0.145E-76 0.921E-04
 0.260E+14 0.500E+00 0.207E-99 0.927E-77 0.921E-04
 0.270E+14 0.500E+00 0.163E-99 0.741E-77 0.921E-04
 0.281E+14 0.500E+00 0.130E-99 0.594E-77 0.921E-04
 0.293E+14 0.500E+00 0.103E-99 0.477E-77 0.921E-04
 0.305E+14 0.500E+00 0.822-100 0.384E-77 0.921E-04
 0.317E+14 0.500E+00 0.659-100 0.312E-77 0.921E-04
 0.330E+14 0.500E+00 0.533-100 0.255E-77 0.921E-04
 0.343E+14 0.500E+00 0.436-100 0.210E-77 0.921E-04
 0.358E+14 0.500E+00 0.361-100 0.176E-77 0.921E-04
 0.372E+14 0.500E+00 0.304-100 0.150E-77 0.921E-04
 0.387E+14 0.500E+00 0.262-100 0.130E-77 0.921E-04
 0.403E+14 0.500E+00 0.231-100 0.116E-77 0.921E-04
 0.420E+14 0.500E+00 0.210-100 0.106E-77 0.921E-04
 0.437E+14 0.500E+00 0.197-100 0.101E-77 0.921E-04
 0.454E+14 0.500E+00 0.191-100 0.985E-78 0.921E-04
 0.473E+14 0.500E+00 0.191-100 0.993E-78 0.921E-04
 0.492E+14 0.500E+00 0.196-100 0.103E-77 0.921E-04
 0.512E+14 0.500E+00 0.206-100 0.109E-77 0.921E-04
 0.533E+14 0.500E+00 0.220-100 0.117E-77 0.921E-04
 0.555E+14 0.500E+00 0.239-100 0.129E-77 0.921E-04
 0.578E+14 0.500E+00 0.262-100 0.142E-77 0.921E-04
 0.601E+14 0.500E+00 0.290-100 0.159E-77 0.921E-04
 0.626E+14 0.500E+00 0.322-100 0.178E-77 0.921E-04
 0.651E+14 0.500E+00 0.360-100 0.200E-77 0.921E-04
 0.678E+14 0.500E+00 0.987-100 0.554E-77 0.921E-04
 0.706E+14 0.500E+00 0.111E-99 0.628E-77 0.921E-04
 0.734E+14 0.500E+00 0.125E-99 0.713E-77 0.921E-04
 0.764E+14 0.500E+00 0.141E-99 0.808E-77 0.921E-04
 0.796E+14 0.500E+00 0.158E-99 0.917E-77 0.921E-04
 0.828E+14 0.500E+00 0.178E-99 0.104E-76 0.921E-04
 0.862E+14 0.500E+00 0.200E-99 0.118E-76 0.921E-04
 0.897E+14 0.500E+00 0.227E-99 0.134E-76 0.921E-04
 0.934E+14 0.500E+00 0.260E-99 0.156E-76 0.921E-04
 0.972E+14 0.500E+00 0.312E-99 0.188E-76 0.921E-04
