 0.100E+01 0.100E-05 0.927E-04 0.217E-18 0.235E-33
 0.100E+01 0.100E-05 0.927E-04 0.187E-17 0.172E-31
 0.100E+01 0.100E-05 0.927E-04 0.159E-16 0.124E-29
 0.100E+01 0.100E-05 0.927E-04 0.128E-15 0.808E-28
 0.100E+01 0.100E-05 0.927E-04 0.841E-15 0.344E-26
 0.100E+01 0.100E-05 0.927E-04 0.525E-14 0.134E-24
 0.100E+01 0.100E-05 0.927E-04 0.326E-13 0.516E-23
 0.100E+01 0.100E-05 0.927E-04 0.202E-12 0.198E-21
 0.100E+01 0.100E-05 0.927E-04 0.125E-11 0.767E-20
 0.100E+01 0.100E-05 0.927E-04 0.771E-11 0.309E-18
 0.100E+01 0.101E-05 0.927E-04 0.470E-10 0.144E-16
 0.100E+01 0.107E-05 0.927E-04 0.264E-09 0.559E-15
 0.100E+01 0.148E-05 0.927E-04 0.103E-08 0.667E-14
 0.100E+01 0.821E-05 0.927E-04 0.136E-08 0.140E-13
 0.100E+01 0.590E-04 0.927E-04 0.146E-08 0.140E-13
 0.101E+01 0.150E-03 0.927E-04 0.165E-08 0.143E-13
 0.102E+01 0.341E-03 0.927E-04 0.208E-08 0.159E-13
 0.103E+01 0.631E-03 0.927E-04 0.282E-08 0.228E-13
 0.104E+01 0.767E-03 0.927E-04 0.318E-08 0.287E-13
 0.105E+01 0.900E-03 0.927E-04 0.355E-08 0.366E-13
 0.106E+01 0.104E-02 0.927E-04 0.395E-08 0.475E-13
 0.107E+01 0.120E-02 0.927E-04 0.441E-08 0.635E-13
 0.108E+01 0.139E-02 0.927E-04 0.499E-08 0.887E-13
 0.110E+01 0.165E-02 0.927E-04 0.579E-08 0.135E-12
 0.114E+01 0.210E-02 0.927E-04 0.711E-08 0.247E-12
 0.119E+01 0.256E-02 0.927E-04 0.838E-08 0.416E-12
 0.124E+01 0.301E-02 0.927E-04 0.940E-08 0.630E-12
 0.128E+01 0.342E-02 0.927E-04 0.101E-07 0.866E-12
 0.132E+01 0.376E-02 0.927E-04 0.106E-07 0.110E-11
 0.136E+01 0.407E-02 0.927E-04 0.110E-07 0.134E-11
 0.140E+01 0.438E-02 0.927E-04 0.113E-07 0.160E-11
 0.143E+01 0.467E-02 0.927E-04 0.115E-07 0.189E-11
 0.147E+01 0.497E-02 0.927E-04 0.117E-07 0.219E-11
 0.151E+01 0.527E-02 0.927E-04 0.119E-07 0.253E-11
 0.154E+01 0.557E-02 0.927E-04 0.121E-07 0.290E-11
 0.158E+01 0.587E-02 0.927E-04 0.122E-07 0.330E-11
 0.162E+01 0.619E-02 0.927E-04 0.123E-07 0.375E-11
 0.166E+01 0.651E-02 0.927E-04 0.124E-07 0.423E-11
 0.170E+01 0.684E-02 0.927E-04 0.125E-07 0.477E-11
 0.174E+01 0.717E-02 0.927E-04 0.127E-07 0.535E-11
 0.178E+01 0.752E-02 0.927E-04 0.128E-07 0.599E-11
 0.182E+01 0.788E-02 0.927E-04 0.129E-07 0.670E-11
 0.187E+01 0.825E-02 0.927E-04 0.130E-07 0.746E-11
 0.191E+01 0.862E-02 0.927E-04 0.131E-07 0.831E-11
 0.196E+01 0.902E-02 0.927E-04 0.132E-07 0.923E-11
 0.201E+01 0.942E-02 0.927E-04 0.133E-07 0.102E-10
 0.206E+01 0.984E-02 0.927E-04 0.135E-07 0.113E-10
 0.211E+01 0.103E-01 0.927E-04 0.136E-07 0.125E-10
 0.216E+01 0.107E-01 0.927E-04 0.137E-07 0.138E-10
 0.222E+01 0.112E-01 0.927E-04 0.139E-07 0.152E-10
 0.227E+01 0.116E-01 0.927E-04 0.140E-07 0.168E-10
 0.233E+01 0.121E-01 0.927E-04 0.142E-07 0.184E-10
 0.239E+01 0.126E-01 0.927E-04 0.144E-07 0.203E-10
 0.245E+01 0.131E-01 0.927E-04 0.146E-07 0.222E-10
 0.251E+01 0.137E-01 0.927E-04 0.148E-07 0.244E-10
 0.258E+01 0.142E-01 0.927E-04 0.150E-07 0.267E-10
 0.265E+01 0.148E-01 0.927E-04 0.152E-07 0.292E-10
 0.272E+01 0.154E-01 0.927E-04 0.154E-07 0.319E-10
 0.279E+01 0.160E-01 0.927E-04 0.156E-07 0.348E-10
 0.286E+01 0.166E-01 0.927E-04 0.159E-07 0.380E-10
 0.294E+01 0.173E-01 0.927E-04 0.162E-07 0.413E-10
 0.302E+01 0.179E-01 0.927E-04 0.165E-07 0.450E-10
 0.310E+01 0.186E-01 0.927E-04 0.168E-07 0.490E-10
 0.318E+01 0.193E-01 0.927E-04 0.171E-07 0.533E-10
 0.327E+01 0.200E-01 0.927E-04 0.174E-07 0.580E-10
 0.336E+01 0.208E-01 0.927E-04 0.177E-07 0.630E-10
 0.345E+01 0.216E-01 0.927E-04 0.181E-07 0.684E-10
 0.355E+01 0.224E-01 0.927E-04 0.185E-07 0.742E-10
 0.365E+01 0.232E-01 0.927E-04 0.189E-07 0.805E-10
 0.375E+01 0.240E-01 0.927E-04 0.193E-07 0.873E-10
 0.386E+01 0.249E-01 0.927E-04 0.198E-07 0.946E-10
 0.397E+01 0.258E-01 0.927E-04 0.203E-07 0.102E-09
 0.408E+01 0.267E-01 0.927E-04 0.208E-07 0.111E-09
 0.420E+01 0.276E-01 0.927E-04 0.213E-07 0.120E-09
 0.432E+01 0.286E-01 0.927E-04 0.218E-07 0.130E-09
 0.444E+01 0.296E-01 0.927E-04 0.224E-07 0.140E-09
 0.457E+01 0.306E-01 0.927E-04 0.230E-07 0.152E-09
 0.471E+01 0.316E-01 0.927E-04 0.237E-07 0.164E-09
 0.485E+01 0.327E-01 0.927E-04 0.244E-07 0.177E-09
 0.499E+01 0.338E-01 0.927E-04 0.251E-07 0.191E-09
 0.514E+01 0.349E-01 0.927E-04 0.258E-07 0.206E-09
 0.529E+01 0.361E-01 0.927E-04 0.266E-07 0.222E-09
 0.545E+01 0.373E-01 0.927E-04 0.275E-07 0.240E-09
 0.562E+01 0.385E-01 0.927E-04 0.284E-07 0.259E-09
 0.579E+01 0.398E-01 0.927E-04 0.293E-07 0.279E-09
 0.596E+01 0.410E-01 0.927E-04 0.303E-07 0.300E-09
 0.614E+01 0.424E-01 0.927E-04 0.313E-07 0.324E-09
 0.633E+01 0.437E-01 0.927E-04 0.324E-07 0.348E-09
 0.653E+01 0.451E-01 0.927E-04 0.335E-07 0.375E-09
 0.673E+01 0.465E-01 0.927E-04 0.347E-07 0.404E-09
 0.694E+01 0.479E-01 0.927E-04 0.360E-07 0.434E-09
 0.716E+01 0.494E-01 0.927E-04 0.374E-07 0.467E-09
 0.738E+01 0.509E-01 0.927E-04 0.388E-07 0.502E-09
 0.761E+01 0.524E-01 0.927E-04 0.403E-07 0.540E-09
 0.785E+01 0.540E-01 0.927E-04 0.419E-07 0.580E-09
 0.810E+01 0.556E-01 0.927E-04 0.435E-07 0.622E-09
 0.836E+01 0.573E-01 0.927E-04 0.453E-07 0.668E-09
 0.863E+01 0.589E-01 0.927E-04 0.471E-07 0.717E-09
 0.890E+01 0.607E-01 0.927E-04 0.491E-07 0.769E-09
 0.919E+01 0.624E-01 0.926E-04 0.511E-07 0.825E-09
 0.949E+01 0.642E-01 0.926E-04 0.533E-07 0.884E-09
 0.979E+01 0.660E-01 0.926E-04 0.556E-07 0.947E-09
 0.101E+02 0.678E-01 0.926E-04 0.581E-07 0.101E-08
 0.104E+02 0.697E-01 0.926E-04 0.606E-07 0.109E-08
 0.108E+02 0.716E-01 0.926E-04 0.633E-07 0.116E-08
 0.111E+02 0.736E-01 0.926E-04 0.662E-07 0.124E-08
 0.115E+02 0.756E-01 0.926E-04 0.692E-07 0.133E-08
 0.119E+02 0.776E-01 0.926E-04 0.724E-07 0.142E-08
 0.123E+02 0.797E-01 0.926E-04 0.758E-07 0.151E-08
 0.127E+02 0.817E-01 0.926E-04 0.794E-07 0.162E-08
 0.131E+02 0.839E-01 0.926E-04 0.831E-07 0.172E-08
 0.135E+02 0.860E-01 0.926E-04 0.871E-07 0.184E-08
 0.140E+02 0.882E-01 0.926E-04 0.913E-07 0.195E-08
 0.144E+02 0.904E-01 0.926E-04 0.958E-07 0.208E-08
 0.149E+02 0.927E-01 0.926E-04 0.100E-06 0.221E-08
 0.154E+02 0.950E-01 0.926E-04 0.105E-06 0.235E-08
 0.159E+02 0.973E-01 0.926E-04 0.111E-06 0.250E-08
 0.165E+02 0.997E-01 0.926E-04 0.116E-06 0.265E-08
 0.170E+02 0.102E+00 0.926E-04 0.122E-06 0.281E-08
 0.176E+02 0.104E+00 0.926E-04 0.128E-06 0.298E-08
 0.182E+02 0.107E+00 0.926E-04 0.135E-06 0.315E-08
 0.188E+02 0.109E+00 0.926E-04 0.142E-06 0.334E-08
 0.194E+02 0.112E+00 0.925E-04 0.149E-06 0.353E-08
 0.201E+02 0.114E+00 0.925E-04 0.157E-06 0.373E-08
 0.208E+02 0.117E+00 0.925E-04 0.165E-06 0.393E-08
 0.215E+02 0.120E+00 0.925E-04 0.174E-06 0.415E-08
 0.222E+02 0.122E+00 0.925E-04 0.183E-06 0.437E-08
 0.229E+02 0.125E+00 0.925E-04 0.193E-06 0.460E-08
 0.237E+02 0.128E+00 0.925E-04 0.203E-06 0.483E-08
 0.245E+02 0.130E+00 0.925E-04 0.214E-06 0.507E-08
 0.254E+02 0.133E+00 0.925E-04 0.225E-06 0.532E-08
 0.262E+02 0.136E+00 0.925E-04 0.237E-06 0.558E-08
 0.271E+02 0.139E+00 0.924E-04 0.250E-06 0.585E-08
 0.281E+02 0.141E+00 0.924E-04 0.263E-06 0.612E-08
 0.290E+02 0.144E+00 0.924E-04 0.278E-06 0.639E-08
 0.300E+02 0.147E+00 0.924E-04 0.293E-06 0.667E-08
 0.311E+02 0.150E+00 0.924E-04 0.309E-06 0.696E-08
 0.321E+02 0.153E+00 0.924E-04 0.326E-06 0.725E-08
 0.332E+02 0.156E+00 0.923E-04 0.344E-06 0.755E-08
 0.344E+02 0.159E+00 0.923E-04 0.363E-06 0.785E-08
 0.356E+02 0.162E+00 0.923E-04 0.383E-06 0.815E-08
 0.368E+02 0.165E+00 0.923E-04 0.404E-06 0.846E-08
 0.381E+02 0.168E+00 0.923E-04 0.426E-06 0.877E-08
 0.394E+02 0.171E+00 0.922E-04 0.450E-06 0.909E-08
 0.407E+02 0.174E+00 0.922E-04 0.475E-06 0.940E-08
 0.422E+02 0.177E+00 0.922E-04 0.502E-06 0.972E-08
 0.436E+02 0.180E+00 0.922E-04 0.530E-06 0.100E-07
 0.451E+02 0.184E+00 0.921E-04 0.560E-06 0.104E-07
 0.467E+02 0.187E+00 0.921E-04 0.592E-06 0.107E-07
 0.483E+02 0.190E+00 0.921E-04 0.626E-06 0.110E-07
 0.500E+02 0.193E+00 0.920E-04 0.661E-06 0.113E-07
 0.518E+02 0.196E+00 0.920E-04 0.699E-06 0.117E-07
 0.536E+02 0.200E+00 0.919E-04 0.740E-06 0.120E-07
 0.555E+02 0.203E+00 0.919E-04 0.782E-06 0.123E-07
 0.574E+02 0.206E+00 0.919E-04 0.828E-06 0.127E-07
 0.595E+02 0.209E+00 0.918E-04 0.876E-06 0.130E-07
 0.616E+02 0.213E+00 0.918E-04 0.928E-06 0.134E-07
 0.638E+02 0.216E+00 0.917E-04 0.983E-06 0.137E-07
 0.660E+02 0.219E+00 0.916E-04 0.104E-05 0.141E-07
 0.682E+02 0.222E+00 0.916E-04 0.110E-05 0.145E-07
 0.705E+02 0.226E+00 0.915E-04 0.116E-05 0.148E-07
 0.729E+02 0.229E+00 0.915E-04 0.123E-05 0.152E-07
 0.754E+02 0.232E+00 0.914E-04 0.130E-05 0.156E-07
 0.779E+02 0.235E+00 0.913E-04 0.137E-05 0.160E-07
 0.805E+02 0.238E+00 0.912E-04 0.145E-05 0.164E-07
 0.832E+02 0.242E+00 0.911E-04 0.154E-05 0.169E-07
 0.860E+02 0.245E+00 0.911E-04 0.162E-05 0.174E-07
 0.888E+02 0.248E+00 0.910E-04 0.172E-05 0.179E-07
 0.918E+02 0.251E+00 0.909E-04 0.182E-05 0.184E-07
 0.949E+02 0.254E+00 0.908E-04 0.193E-05 0.191E-07
 0.980E+02 0.257E+00 0.906E-04 0.204E-05 0.197E-07
 0.101E+03 0.261E+00 0.905E-04 0.216E-05 0.204E-07
 0.105E+03 0.265E+00 0.904E-04 0.231E-05 0.213E-07
 0.109E+03 0.268E+00 0.902E-04 0.245E-05 0.222E-07
 0.113E+03 0.272E+00 0.901E-04 0.261E-05 0.233E-07
 0.117E+03 0.275E+00 0.899E-04 0.278E-05 0.244E-07
 0.121E+03 0.278E+00 0.897E-04 0.296E-05 0.257E-07
 0.126E+03 0.282E+00 0.895E-04 0.315E-05 0.271E-07
 0.130E+03 0.285E+00 0.893E-04 0.336E-05 0.287E-07
 0.135E+03 0.289E+00 0.891E-04 0.358E-05 0.305E-07
 0.140E+03 0.292E+00 0.888E-04 0.382E-05 0.325E-07
 0.145E+03 0.296E+00 0.886E-04 0.406E-05 0.347E-07
 0.150E+03 0.299E+00 0.883E-04 0.434E-05 0.371E-07
 0.155E+03 0.303E+00 0.880E-04 0.462E-05 0.399E-07
 0.161E+03 0.306E+00 0.877E-04 0.493E-05 0.430E-07
 0.167E+03 0.309E+00 0.874E-04 0.525E-05 0.464E-07
 0.173E+03 0.313E+00 0.870E-04 0.560E-05 0.503E-07
 0.179E+03 0.316E+00 0.867E-04 0.597E-05 0.545E-07
 0.185E+03 0.319E+00 0.863E-04 0.637E-05 0.594E-07
 0.192E+03 0.323E+00 0.858E-04 0.679E-05 0.647E-07
 0.199E+03 0.326E+00 0.854E-04 0.724E-05 0.707E-07
 0.206E+03 0.329E+00 0.849E-04 0.771E-05 0.774E-07
 0.213E+03 0.332E+00 0.844E-04 0.822E-05 0.850E-07
 0.221E+03 0.336E+00 0.838E-04 0.876E-05 0.934E-07
 0.229E+03 0.339E+00 0.833E-04 0.934E-05 0.103E-06
 0.238E+03 0.342E+00 0.826E-04 0.996E-05 0.114E-06
 0.246E+03 0.345E+00 0.820E-04 0.106E-04 0.126E-06
 0.256E+03 0.348E+00 0.812E-04 0.113E-04 0.140E-06
 0.265E+03 0.352E+00 0.805E-04 0.121E-04 0.155E-06
 0.275E+03 0.355E+00 0.797E-04 0.128E-04 0.173E-06
 0.285E+03 0.358E+00 0.788E-04 0.137E-04 0.192E-06
 0.296E+03 0.361E+00 0.780E-04 0.145E-04 0.214E-06
 0.306E+03 0.364E+00 0.770E-04 0.154E-04 0.238E-06
 0.318E+03 0.367E+00 0.761E-04 0.163E-04 0.266E-06
 0.329E+03 0.370E+00 0.751E-04 0.173E-04 0.296E-06
 0.341E+03 0.373E+00 0.740E-04 0.183E-04 0.331E-06
 0.354E+03 0.376E+00 0.729E-04 0.194E-04 0.369E-06
 0.367E+03 0.379E+00 0.718E-04 0.205E-04 0.412E-06
 0.380E+03 0.382E+00 0.706E-04 0.216E-04 0.461E-06
 0.394E+03 0.385E+00 0.694E-04 0.228E-04 0.515E-06
 0.408E+03 0.387E+00 0.681E-04 0.240E-04 0.575E-06
 0.423E+03 0.390E+00 0.668E-04 0.252E-04 0.645E-06
 0.439E+03 0.393E+00 0.655E-04 0.265E-04 0.720E-06
 0.455E+03 0.396E+00 0.641E-04 0.278E-04 0.805E-06
 0.471E+03 0.398E+00 0.627E-04 0.290E-04 0.899E-06
 0.488E+03 0.401E+00 0.613E-04 0.303E-04 0.100E-05
 0.505E+03 0.403E+00 0.599E-04 0.316E-04 0.112E-05
 0.523E+03 0.406E+00 0.585E-04 0.330E-04 0.125E-05
 0.542E+03 0.408E+00 0.570E-04 0.343E-04 0.140E-05
 0.561E+03 0.411E+00 0.555E-04 0.356E-04 0.156E-05
 0.580E+03 0.413E+00 0.540E-04 0.369E-04 0.173E-05
 0.601E+03 0.415E+00 0.525E-04 0.382E-04 0.193E-05
 0.622E+03 0.418E+00 0.510E-04 0.395E-04 0.215E-05
 0.643E+03 0.420E+00 0.495E-04 0.407E-04 0.239E-05
 0.666E+03 0.422E+00 0.480E-04 0.420E-04 0.266E-05
 0.689E+03 0.424E+00 0.465E-04 0.432E-04 0.296E-05
 0.712E+03 0.426E+00 0.450E-04 0.443E-04 0.328E-05
 0.737E+03 0.428E+00 0.435E-04 0.455E-04 0.364E-05
 0.762E+03 0.430E+00 0.420E-04 0.466E-04 0.404E-05
 0.788E+03 0.432E+00 0.405E-04 0.476E-04 0.448E-05
 0.815E+03 0.434E+00 0.391E-04 0.486E-04 0.496E-05
 0.843E+03 0.436E+00 0.376E-04 0.496E-04 0.548E-05
 0.873E+03 0.438E+00 0.361E-04 0.505E-04 0.606E-05
 0.903E+03 0.440E+00 0.346E-04 0.513E-04 0.669E-05
 0.934E+03 0.442E+00 0.331E-04 0.521E-04 0.738E-05
 0.966E+03 0.444E+00 0.317E-04 0.528E-04 0.814E-05
 0.100E+04 0.445E+00 0.302E-04 0.535E-04 0.896E-05
 0.104E+04 0.447E+00 0.288E-04 0.540E-04 0.985E-05
 0.107E+04 0.449E+00 0.273E-04 0.545E-04 0.108E-04
 0.111E+04 0.450E+00 0.259E-04 0.549E-04 0.119E-04
 0.115E+04 0.452E+00 0.244E-04 0.552E-04 0.130E-04
 0.119E+04 0.454E+00 0.230E-04 0.554E-04 0.143E-04
 0.124E+04 0.455E+00 0.216E-04 0.554E-04 0.156E-04
 0.128E+04 0.457E+00 0.202E-04 0.554E-04 0.170E-04
 0.133E+04 0.458E+00 0.189E-04 0.552E-04 0.186E-04
 0.138E+04 0.460E+00 0.175E-04 0.549E-04 0.202E-04
 0.143E+04 0.462E+00 0.162E-04 0.545E-04 0.220E-04
 0.149E+04 0.463E+00 0.149E-04 0.539E-04 0.238E-04
 0.155E+04 0.465E+00 0.136E-04 0.532E-04 0.258E-04
 0.161E+04 0.466E+00 0.124E-04 0.524E-04 0.279E-04
 0.168E+04 0.468E+00 0.112E-04 0.513E-04 0.301E-04
 0.175E+04 0.469E+00 0.101E-04 0.502E-04 0.324E-04
 0.182E+04 0.470E+00 0.900E-05 0.489E-04 0.347E-04
 0.189E+04 0.472E+00 0.801E-05 0.476E-04 0.371E-04
 0.197E+04 0.473E+00 0.709E-05 0.461E-04 0.395E-04
 0.205E+04 0.474E+00 0.624E-05 0.445E-04 0.419E-04
 0.213E+04 0.476E+00 0.545E-05 0.429E-04 0.443E-04
 0.222E+04 0.477E+00 0.473E-05 0.412E-04 0.468E-04
 0.231E+04 0.478E+00 0.407E-05 0.394E-04 0.492E-04
 0.241E+04 0.479E+00 0.348E-05 0.376E-04 0.516E-04
 0.250E+04 0.480E+00 0.295E-05 0.357E-04 0.540E-04
 0.261E+04 0.481E+00 0.247E-05 0.338E-04 0.564E-04
 0.271E+04 0.482E+00 0.204E-05 0.318E-04 0.589E-04
 0.282E+04 0.483E+00 0.165E-05 0.296E-04 0.614E-04
 0.294E+04 0.484E+00 0.131E-05 0.273E-04 0.641E-04
 0.305E+04 0.485E+00 0.100E-05 0.247E-04 0.669E-04
 0.318E+04 0.486E+00 0.732E-06 0.219E-04 0.700E-04
 0.331E+04 0.488E+00 0.500E-06 0.186E-04 0.736E-04
 0.343E+04 0.489E+00 0.293E-06 0.140E-04 0.784E-04
 0.357E+04 0.492E+00 0.110E-06 0.614E-05 0.864E-04
 0.371E+04 0.494E+00 0.480E-07 0.135E-05 0.913E-04
 0.388E+04 0.495E+00 0.342E-07 0.330E-06 0.923E-04
 0.404E+04 0.495E+00 0.287E-07 0.130E-06 0.925E-04
 0.421E+04 0.496E+00 0.250E-07 0.596E-07 0.926E-04
 0.438E+04 0.496E+00 0.219E-07 0.314E-07 0.926E-04
 0.456E+04 0.496E+00 0.194E-07 0.188E-07 0.926E-04
 0.475E+04 0.497E+00 0.172E-07 0.124E-07 0.927E-04
 0.494E+04 0.497E+00 0.152E-07 0.868E-08 0.927E-04
 0.514E+04 0.497E+00 0.135E-07 0.628E-08 0.927E-04
 0.535E+04 0.497E+00 0.120E-07 0.465E-08 0.927E-04
 0.557E+04 0.498E+00 0.106E-07 0.350E-08 0.927E-04
 0.580E+04 0.498E+00 0.942E-08 0.269E-08 0.927E-04
 0.603E+04 0.498E+00 0.836E-08 0.211E-08 0.927E-04
 0.628E+04 0.498E+00 0.741E-08 0.168E-08 0.927E-04
 0.654E+04 0.498E+00 0.658E-08 0.135E-08 0.927E-04
 0.680E+04 0.499E+00 0.584E-08 0.111E-08 0.927E-04
 0.708E+04 0.499E+00 0.519E-08 0.923E-09 0.927E-04
 0.737E+04 0.499E+00 0.461E-08 0.776E-09 0.927E-04
 0.767E+04 0.499E+00 0.410E-08 0.659E-09 0.927E-04
 0.798E+04 0.499E+00 0.366E-08 0.564E-09 0.927E-04
 0.831E+04 0.499E+00 0.326E-08 0.487E-09 0.927E-04
 0.865E+04 0.499E+00 0.291E-08 0.423E-09 0.927E-04
 0.900E+04 0.499E+00 0.260E-08 0.370E-09 0.927E-04
 0.937E+04 0.499E+00 0.233E-08 0.324E-09 0.927E-04
 0.975E+04 0.499E+00 0.209E-08 0.286E-09 0.927E-04
 0.101E+05 0.500E+00 0.188E-08 0.253E-09 0.927E-04
 0.106E+05 0.500E+00 0.169E-08 0.225E-09 0.927E-04
 0.110E+05 0.500E+00 0.153E-08 0.201E-09 0.927E-04
 0.114E+05 0.500E+00 0.138E-08 0.180E-09 0.927E-04
 0.119E+05 0.500E+00 0.125E-08 0.161E-09 0.927E-04
 0.124E+05 0.500E+00 0.114E-08 0.145E-09 0.927E-04
 0.129E+05 0.500E+00 0.103E-08 0.131E-09 0.927E-04
 0.134E+05 0.500E+00 0.942E-09 0.119E-09 0.927E-04
 0.140E+05 0.500E+00 0.860E-09 0.108E-09 0.927E-04
 0.145E+05 0.500E+00 0.787E-09 0.986E-10 0.927E-04
 0.151E+05 0.500E+00 0.722E-09 0.901E-10 0.927E-04
 0.157E+05 0.500E+00 0.663E-09 0.825E-10 0.927E-04
 0.164E+05 0.500E+00 0.610E-09 0.758E-10 0.927E-04
 0.171E+05 0.500E+00 0.563E-09 0.697E-10 0.927E-04
 0.178E+05 0.500E+00 0.520E-09 0.643E-10 0.927E-04
 0.185E+05 0.500E+00 0.481E-09 0.594E-10 0.927E-04
 0.192E+05 0.500E+00 0.446E-09 0.550E-10 0.927E-04
 0.200E+05 0.500E+00 0.414E-09 0.511E-10 0.927E-04
 0.208E+05 0.500E+00 0.385E-09 0.475E-10 0.927E-04
 0.217E+05 0.500E+00 0.359E-09 0.442E-10 0.927E-04
 0.226E+05 0.500E+00 0.335E-09 0.412E-10 0.927E-04
 0.235E+05 0.500E+00 0.312E-09 0.385E-10 0.927E-04
 0.245E+05 0.500E+00 0.292E-09 0.360E-10 0.927E-04
 0.254E+05 0.500E+00 0.274E-09 0.337E-10 0.927E-04
 0.265E+05 0.500E+00 0.256E-09 0.316E-10 0.927E-04
 0.276E+05 0.500E+00 0.241E-09 0.297E-10 0.927E-04
 0.287E+05 0.500E+00 0.226E-09 0.279E-10 0.927E-04
 0.299E+05 0.500E+00 0.212E-09 0.262E-10 0.927E-04
 0.311E+05 0.500E+00 0.200E-09 0.247E-10 0.927E-04
 0.324E+05 0.500E+00 0.188E-09 0.233E-10 0.927E-04
 0.337E+05 0.500E+00 0.178E-09 0.219E-10 0.927E-04
 0.350E+05 0.500E+00 0.168E-09 0.207E-10 0.927E-04
 0.365E+05 0.500E+00 0.158E-09 0.196E-10 0.927E-04
 0.380E+05 0.500E+00 0.149E-09 0.185E-10 0.927E-04
 0.395E+05 0.500E+00 0.141E-09 0.175E-10 0.927E-04
 0.411E+05 0.500E+00 0.134E-09 0.166E-10 0.927E-04
 0.428E+05 0.500E+00 0.127E-09 0.157E-10 0.927E-04
 0.446E+05 0.500E+00 0.120E-09 0.149E-10 0.927E-04
 0.464E+05 0.500E+00 0.114E-09 0.141E-10 0.927E-04
 0.483E+05 0.500E+00 0.108E-09 0.134E-10 0.927E-04
 0.502E+05 0.500E+00 0.102E-09 0.127E-10 0.927E-04
 0.523E+05 0.500E+00 0.970E-10 0.120E-10 0.927E-04
 0.544E+05 0.500E+00 0.921E-10 0.114E-10 0.927E-04
 0.566E+05 0.500E+00 0.874E-10 0.109E-10 0.927E-04
 0.589E+05 0.500E+00 0.831E-10 0.103E-10 0.927E-04
 0.614E+05 0.500E+00 0.790E-10 0.981E-11 0.927E-04
 0.639E+05 0.500E+00 0.751E-10 0.933E-11 0.927E-04
 0.665E+05 0.500E+00 0.714E-10 0.888E-11 0.927E-04
 0.692E+05 0.500E+00 0.680E-10 0.845E-11 0.927E-04
 0.720E+05 0.500E+00 0.647E-10 0.804E-11 0.927E-04
 0.749E+05 0.500E+00 0.616E-10 0.766E-11 0.927E-04
 0.780E+05 0.500E+00 0.587E-10 0.729E-11 0.927E-04
 0.812E+05 0.500E+00 0.559E-10 0.695E-11 0.927E-04
 0.845E+05 0.500E+00 0.533E-10 0.662E-11 0.927E-04
 0.879E+05 0.500E+00 0.508E-10 0.631E-11 0.927E-04
 0.915E+05 0.500E+00 0.484E-10 0.602E-11 0.927E-04
 0.953E+05 0.500E+00 0.462E-10 0.574E-11 0.927E-04
 0.992E+05 0.500E+00 0.440E-10 0.547E-11 0.927E-04
 0.103E+06 0.500E+00 0.420E-10 0.522E-11 0.927E-04
 0.107E+06 0.500E+00 0.401E-10 0.498E-11 0.927E-04
 0.112E+06 0.500E+00 0.383E-10 0.476E-11 0.927E-04
 0.116E+06 0.500E+00 0.365E-10 0.454E-11 0.927E-04
 0.121E+06 0.500E+00 0.349E-10 0.433E-11 0.927E-04
 0.126E+06 0.500E+00 0.333E-10 0.414E-11 0.927E-04
 0.131E+06 0.500E+00 0.318E-10 0.395E-11 0.927E-04
 0.137E+06 0.500E+00 0.304E-10 0.378E-11 0.927E-04
 0.142E+06 0.500E+00 0.290E-10 0.361E-11 0.927E-04
 0.148E+06 0.500E+00 0.277E-10 0.345E-11 0.927E-04
 0.154E+06 0.500E+00 0.265E-10 0.329E-11 0.927E-04
 0.160E+06 0.500E+00 0.253E-10 0.315E-11 0.927E-04
 0.167E+06 0.500E+00 0.242E-10 0.301E-11 0.927E-04
 0.174E+06 0.500E+00 0.232E-10 0.288E-11 0.927E-04
 0.181E+06 0.500E+00 0.221E-10 0.275E-11 0.927E-04
 0.188E+06 0.500E+00 0.212E-10 0.263E-11 0.927E-04
 0.196E+06 0.500E+00 0.203E-10 0.252E-11 0.927E-04
 0.204E+06 0.500E+00 0.194E-10 0.241E-11 0.927E-04
 0.212E+06 0.500E+00 0.185E-10 0.230E-11 0.927E-04
 0.221E+06 0.500E+00 0.177E-10 0.220E-11 0.927E-04
 0.230E+06 0.500E+00 0.170E-10 0.211E-11 0.927E-04
 0.239E+06 0.500E+00 0.162E-10 0.202E-11 0.927E-04
 0.249E+06 0.500E+00 0.155E-10 0.193E-11 0.927E-04
 0.259E+06 0.500E+00 0.149E-10 0.185E-11 0.927E-04
 0.270E+06 0.500E+00 0.142E-10 0.177E-11 0.927E-04
 0.280E+06 0.500E+00 0.136E-10 0.169E-11 0.927E-04
 0.292E+06 0.500E+00 0.131E-10 0.162E-11 0.927E-04
 0.304E+06 0.500E+00 0.125E-10 0.155E-11 0.927E-04
 0.316E+06 0.500E+00 0.120E-10 0.149E-11 0.927E-04
 0.329E+06 0.500E+00 0.115E-10 0.142E-11 0.927E-04
 0.343E+06 0.500E+00 0.110E-10 0.136E-11 0.927E-04
 0.357E+06 0.500E+00 0.105E-10 0.131E-11 0.927E-04
 0.371E+06 0.500E+00 0.101E-10 0.125E-11 0.927E-04
 0.386E+06 0.500E+00 0.965E-11 0.120E-11 0.927E-04
 0.402E+06 0.500E+00 0.925E-11 0.115E-11 0.927E-04
 0.418E+06 0.500E+00 0.886E-11 0.110E-11 0.927E-04
 0.436E+06 0.500E+00 0.849E-11 0.105E-11 0.927E-04
 0.453E+06 0.500E+00 0.814E-11 0.101E-11 0.927E-04
 0.472E+06 0.500E+00 0.780E-11 0.967E-12 0.927E-04
 0.491E+06 0.500E+00 0.747E-11 0.927E-12 0.927E-04
 0.511E+06 0.500E+00 0.716E-11 0.888E-12 0.927E-04
 0.532E+06 0.500E+00 0.687E-11 0.852E-12 0.927E-04
 0.554E+06 0.500E+00 0.658E-11 0.816E-12 0.927E-04
 0.576E+06 0.500E+00 0.631E-11 0.782E-12 0.927E-04
 0.600E+06 0.500E+00 0.605E-11 0.750E-12 0.927E-04
 0.624E+06 0.500E+00 0.580E-11 0.719E-12 0.927E-04
 0.650E+06 0.500E+00 0.556E-11 0.689E-12 0.927E-04
 0.676E+06 0.500E+00 0.533E-11 0.661E-12 0.927E-04
 0.704E+06 0.500E+00 0.511E-11 0.634E-12 0.927E-04
 0.733E+06 0.500E+00 0.490E-11 0.608E-12 0.927E-04
 0.762E+06 0.500E+00 0.470E-11 0.583E-12 0.927E-04
 0.794E+06 0.500E+00 0.451E-11 0.559E-12 0.927E-04
 0.826E+06 0.500E+00 0.432E-11 0.536E-12 0.927E-04
 0.860E+06 0.500E+00 0.414E-11 0.514E-12 0.927E-04
 0.895E+06 0.500E+00 0.397E-11 0.493E-12 0.927E-04
 0.931E+06 0.500E+00 0.381E-11 0.473E-12 0.927E-04
 0.969E+06 0.500E+00 0.366E-11 0.453E-12 0.927E-04
 0.101E+07 0.500E+00 0.351E-11 0.435E-12 0.927E-04
 0.105E+07 0.500E+00 0.336E-11 0.417E-12 0.927E-04
 0.109E+07 0.500E+00 0.323E-11 0.400E-12 0.927E-04
 0.114E+07 0.500E+00 0.310E-11 0.384E-12 0.927E-04
 0.118E+07 0.500E+00 0.297E-11 0.368E-12 0.927E-04
 0.123E+07 0.500E+00 0.285E-11 0.353E-12 0.927E-04
 0.128E+07 0.500E+00 0.273E-11 0.339E-12 0.927E-04
 0.133E+07 0.500E+00 0.262E-11 0.325E-12 0.927E-04
 0.139E+07 0.500E+00 0.252E-11 0.312E-12 0.927E-04
 0.145E+07 0.500E+00 0.241E-11 0.299E-12 0.927E-04
 0.150E+07 0.500E+00 0.232E-11 0.287E-12 0.927E-04
 0.157E+07 0.500E+00 0.222E-11 0.276E-12 0.927E-04
 0.163E+07 0.500E+00 0.213E-11 0.265E-12 0.927E-04
 0.170E+07 0.500E+00 0.205E-11 0.254E-12 0.927E-04
 0.177E+07 0.500E+00 0.196E-11 0.244E-12 0.927E-04
 0.184E+07 0.500E+00 0.188E-11 0.234E-12 0.927E-04
 0.191E+07 0.500E+00 0.181E-11 0.224E-12 0.927E-04
 0.199E+07 0.500E+00 0.174E-11 0.215E-12 0.927E-04
 0.207E+07 0.500E+00 0.167E-11 0.207E-12 0.927E-04
 0.216E+07 0.500E+00 0.160E-11 0.198E-12 0.927E-04
 0.225E+07 0.500E+00 0.153E-11 0.190E-12 0.927E-04
 0.234E+07 0.500E+00 0.147E-11 0.183E-12 0.927E-04
 0.243E+07 0.500E+00 0.141E-11 0.175E-12 0.927E-04
 0.253E+07 0.500E+00 0.136E-11 0.168E-12 0.927E-04
 0.263E+07 0.500E+00 0.130E-11 0.162E-12 0.927E-04
 0.274E+07 0.500E+00 0.125E-11 0.155E-12 0.927E-04
 0.285E+07 0.500E+00 0.120E-11 0.149E-12 0.927E-04
 0.297E+07 0.500E+00 0.115E-11 0.143E-12 0.927E-04
 0.309E+07 0.500E+00 0.111E-11 0.137E-12 0.927E-04
 0.322E+07 0.500E+00 0.106E-11 0.132E-12 0.927E-04
 0.335E+07 0.500E+00 0.102E-11 0.126E-12 0.927E-04
 0.349E+07 0.500E+00 0.978E-12 0.121E-12 0.927E-04
 0.363E+07 0.500E+00 0.939E-12 0.116E-12 0.927E-04
 0.378E+07 0.500E+00 0.902E-12 0.112E-12 0.927E-04
 0.393E+07 0.500E+00 0.866E-12 0.107E-12 0.927E-04
 0.409E+07 0.500E+00 0.831E-12 0.103E-12 0.927E-04
 0.426E+07 0.500E+00 0.798E-12 0.990E-13 0.927E-04
 0.443E+07 0.500E+00 0.766E-12 0.950E-13 0.927E-04
 0.461E+07 0.500E+00 0.735E-12 0.912E-13 0.927E-04
 0.480E+07 0.500E+00 0.706E-12 0.876E-13 0.927E-04
 0.500E+07 0.500E+00 0.678E-12 0.841E-13 0.927E-04
 0.520E+07 0.500E+00 0.651E-12 0.808E-13 0.927E-04
 0.541E+07 0.500E+00 0.625E-12 0.775E-13 0.927E-04
 0.563E+07 0.500E+00 0.600E-12 0.745E-13 0.927E-04
 0.586E+07 0.500E+00 0.576E-12 0.715E-13 0.927E-04
 0.610E+07 0.500E+00 0.553E-12 0.687E-13 0.927E-04
 0.635E+07 0.500E+00 0.531E-12 0.659E-13 0.927E-04
 0.661E+07 0.500E+00 0.510E-12 0.633E-13 0.927E-04
 0.688E+07 0.500E+00 0.490E-12 0.608E-13 0.927E-04
 0.716E+07 0.500E+00 0.470E-12 0.584E-13 0.927E-04
 0.745E+07 0.500E+00 0.452E-12 0.561E-13 0.927E-04
 0.776E+07 0.500E+00 0.434E-12 0.538E-13 0.927E-04
 0.807E+07 0.500E+00 0.417E-12 0.517E-13 0.927E-04
 0.840E+07 0.500E+00 0.400E-12 0.496E-13 0.927E-04
 0.875E+07 0.500E+00 0.384E-12 0.477E-13 0.927E-04
 0.910E+07 0.500E+00 0.369E-12 0.458E-13 0.927E-04
 0.948E+07 0.500E+00 0.354E-12 0.440E-13 0.927E-04
 0.986E+07 0.500E+00 0.340E-12 0.422E-13 0.927E-04
 0.103E+08 0.500E+00 0.327E-12 0.406E-13 0.927E-04
 0.107E+08 0.500E+00 0.314E-12 0.389E-13 0.927E-04
 0.111E+08 0.500E+00 0.301E-12 0.374E-13 0.927E-04
 0.116E+08 0.500E+00 0.289E-12 0.359E-13 0.927E-04
 0.120E+08 0.500E+00 0.278E-12 0.345E-13 0.927E-04
 0.125E+08 0.500E+00 0.267E-12 0.331E-13 0.927E-04
 0.130E+08 0.500E+00 0.256E-12 0.318E-13 0.927E-04
 0.136E+08 0.500E+00 0.246E-12 0.306E-13 0.927E-04
 0.141E+08 0.500E+00 0.236E-12 0.294E-13 0.927E-04
 0.147E+08 0.500E+00 0.227E-12 0.282E-13 0.927E-04
 0.153E+08 0.500E+00 0.218E-12 0.271E-13 0.927E-04
 0.159E+08 0.500E+00 0.209E-12 0.260E-13 0.927E-04
 0.166E+08 0.500E+00 0.201E-12 0.250E-13 0.927E-04
 0.173E+08 0.500E+00 0.193E-12 0.240E-13 0.927E-04
 0.180E+08 0.500E+00 0.186E-12 0.230E-13 0.927E-04
 0.187E+08 0.500E+00 0.178E-12 0.221E-13 0.927E-04
 0.195E+08 0.500E+00 0.171E-12 0.213E-13 0.927E-04
 0.203E+08 0.500E+00 0.164E-12 0.204E-13 0.927E-04
 0.211E+08 0.500E+00 0.158E-12 0.196E-13 0.927E-04
 0.219E+08 0.500E+00 0.152E-12 0.188E-13 0.927E-04
 0.228E+08 0.500E+00 0.146E-12 0.181E-13 0.927E-04
 0.238E+08 0.500E+00 0.140E-12 0.174E-13 0.927E-04
 0.247E+08 0.500E+00 0.134E-12 0.167E-13 0.927E-04
 0.258E+08 0.500E+00 0.129E-12 0.160E-13 0.927E-04
 0.268E+08 0.500E+00 0.124E-12 0.154E-13 0.927E-04
 0.279E+08 0.500E+00 0.119E-12 0.148E-13 0.927E-04
 0.290E+08 0.500E+00 0.114E-12 0.142E-13 0.927E-04
 0.302E+08 0.500E+00 0.110E-12 0.137E-13 0.927E-04
 0.315E+08 0.500E+00 0.106E-12 0.131E-13 0.927E-04
 0.327E+08 0.500E+00 0.101E-12 0.126E-13 0.927E-04
 0.341E+08 0.500E+00 0.974E-13 0.121E-13 0.927E-04
 0.355E+08 0.500E+00 0.935E-13 0.116E-13 0.927E-04
 0.369E+08 0.500E+00 0.898E-13 0.112E-13 0.927E-04
 0.384E+08 0.500E+00 0.863E-13 0.107E-13 0.927E-04
 0.400E+08 0.500E+00 0.829E-13 0.103E-13 0.927E-04
 0.416E+08 0.500E+00 0.796E-13 0.991E-14 0.927E-04
 0.433E+08 0.500E+00 0.765E-13 0.952E-14 0.927E-04
 0.451E+08 0.500E+00 0.735E-13 0.914E-14 0.927E-04
 0.469E+08 0.500E+00 0.706E-13 0.878E-14 0.927E-04
 0.488E+08 0.500E+00 0.678E-13 0.844E-14 0.927E-04
 0.508E+08 0.500E+00 0.651E-13 0.811E-14 0.927E-04
 0.529E+08 0.500E+00 0.626E-13 0.779E-14 0.927E-04
 0.551E+08 0.500E+00 0.601E-13 0.748E-14 0.927E-04
 0.573E+08 0.500E+00 0.577E-13 0.719E-14 0.927E-04
 0.597E+08 0.500E+00 0.554E-13 0.690E-14 0.927E-04
 0.621E+08 0.500E+00 0.533E-13 0.663E-14 0.927E-04
 0.646E+08 0.500E+00 0.512E-13 0.637E-14 0.927E-04
 0.673E+08 0.500E+00 0.492E-13 0.612E-14 0.927E-04
 0.700E+08 0.500E+00 0.472E-13 0.588E-14 0.927E-04
 0.729E+08 0.500E+00 0.454E-13 0.565E-14 0.927E-04
 0.758E+08 0.500E+00 0.436E-13 0.543E-14 0.927E-04
 0.789E+08 0.500E+00 0.419E-13 0.522E-14 0.927E-04
 0.822E+08 0.500E+00 0.402E-13 0.501E-14 0.927E-04
 0.855E+08 0.500E+00 0.386E-13 0.481E-14 0.927E-04
 0.890E+08 0.500E+00 0.371E-13 0.463E-14 0.927E-04
 0.926E+08 0.500E+00 0.356E-13 0.444E-14 0.927E-04
 0.964E+08 0.500E+00 0.342E-13 0.427E-14 0.927E-04
 0.100E+09 0.500E+00 0.329E-13 0.410E-14 0.927E-04
 0.104E+09 0.500E+00 0.316E-13 0.394E-14 0.927E-04
 0.109E+09 0.500E+00 0.304E-13 0.379E-14 0.927E-04
 0.113E+09 0.500E+00 0.292E-13 0.364E-14 0.927E-04
 0.118E+09 0.500E+00 0.280E-13 0.350E-14 0.927E-04
 0.123E+09 0.500E+00 0.269E-13 0.336E-14 0.927E-04
 0.128E+09 0.500E+00 0.259E-13 0.323E-14 0.927E-04
 0.133E+09 0.500E+00 0.248E-13 0.310E-14 0.927E-04
 0.138E+09 0.500E+00 0.239E-13 0.298E-14 0.927E-04
 0.144E+09 0.500E+00 0.229E-13 0.286E-14 0.927E-04
 0.150E+09 0.500E+00 0.220E-13 0.275E-14 0.927E-04
 0.156E+09 0.500E+00 0.212E-13 0.264E-14 0.927E-04
 0.162E+09 0.500E+00 0.203E-13 0.254E-14 0.927E-04
 0.169E+09 0.500E+00 0.195E-13 0.244E-14 0.927E-04
 0.176E+09 0.500E+00 0.188E-13 0.234E-14 0.927E-04
 0.183E+09 0.500E+00 0.180E-13 0.225E-14 0.927E-04
 0.190E+09 0.500E+00 0.173E-13 0.216E-14 0.927E-04
 0.198E+09 0.500E+00 0.166E-13 0.208E-14 0.927E-04
 0.206E+09 0.500E+00 0.160E-13 0.200E-14 0.927E-04
 0.215E+09 0.500E+00 0.153E-13 0.192E-14 0.927E-04
 0.223E+09 0.500E+00 0.147E-13 0.184E-14 0.927E-04
 0.232E+09 0.500E+00 0.142E-13 0.177E-14 0.927E-04
 0.242E+09 0.500E+00 0.136E-13 0.170E-14 0.927E-04
 0.252E+09 0.500E+00 0.131E-13 0.164E-14 0.927E-04
 0.262E+09 0.500E+00 0.126E-13 0.157E-14 0.927E-04
 0.273E+09 0.500E+00 0.121E-13 0.151E-14 0.927E-04
 0.284E+09 0.500E+00 0.116E-13 0.145E-14 0.927E-04
 0.295E+09 0.500E+00 0.111E-13 0.140E-14 0.927E-04
 0.308E+09 0.500E+00 0.107E-13 0.134E-14 0.927E-04
 0.320E+09 0.500E+00 0.103E-13 0.129E-14 0.927E-04
 0.333E+09 0.500E+00 0.987E-14 0.124E-14 0.927E-04
 0.347E+09 0.500E+00 0.949E-14 0.119E-14 0.927E-04
 0.361E+09 0.500E+00 0.911E-14 0.114E-14 0.927E-04
 0.376E+09 0.500E+00 0.876E-14 0.110E-14 0.927E-04
 0.391E+09 0.500E+00 0.841E-14 0.106E-14 0.927E-04
 0.407E+09 0.500E+00 0.808E-14 0.101E-14 0.927E-04
 0.424E+09 0.500E+00 0.776E-14 0.975E-15 0.927E-04
 0.441E+09 0.500E+00 0.746E-14 0.937E-15 0.927E-04
 0.459E+09 0.500E+00 0.717E-14 0.900E-15 0.927E-04
 0.478E+09 0.500E+00 0.689E-14 0.865E-15 0.927E-04
 0.497E+09 0.500E+00 0.661E-14 0.831E-15 0.927E-04
 0.517E+09 0.500E+00 0.635E-14 0.799E-15 0.927E-04
 0.538E+09 0.500E+00 0.611E-14 0.768E-15 0.927E-04
 0.560E+09 0.500E+00 0.587E-14 0.738E-15 0.927E-04
 0.583E+09 0.500E+00 0.564E-14 0.709E-15 0.927E-04
 0.607E+09 0.500E+00 0.541E-14 0.681E-15 0.927E-04
 0.632E+09 0.500E+00 0.520E-14 0.655E-15 0.927E-04
 0.658E+09 0.500E+00 0.500E-14 0.629E-15 0.927E-04
 0.684E+09 0.500E+00 0.480E-14 0.605E-15 0.927E-04
 0.712E+09 0.500E+00 0.461E-14 0.581E-15 0.927E-04
 0.741E+09 0.500E+00 0.443E-14 0.559E-15 0.927E-04
 0.772E+09 0.500E+00 0.426E-14 0.537E-15 0.927E-04
 0.803E+09 0.500E+00 0.409E-14 0.516E-15 0.927E-04
 0.836E+09 0.500E+00 0.393E-14 0.496E-15 0.927E-04
 0.870E+09 0.500E+00 0.378E-14 0.477E-15 0.927E-04
 0.906E+09 0.500E+00 0.363E-14 0.458E-15 0.927E-04
 0.943E+09 0.500E+00 0.348E-14 0.440E-15 0.927E-04
 0.981E+09 0.500E+00 0.335E-14 0.423E-15 0.927E-04
 0.102E+10 0.500E+00 0.322E-14 0.407E-15 0.927E-04
 0.106E+10 0.500E+00 0.309E-14 0.391E-15 0.927E-04
 0.111E+10 0.500E+00 0.297E-14 0.376E-15 0.927E-04
 0.115E+10 0.500E+00 0.285E-14 0.361E-15 0.927E-04
 0.120E+10 0.500E+00 0.274E-14 0.347E-15 0.927E-04
 0.125E+10 0.500E+00 0.263E-14 0.333E-15 0.927E-04
 0.130E+10 0.500E+00 0.253E-14 0.321E-15 0.927E-04
 0.135E+10 0.500E+00 0.243E-14 0.308E-15 0.927E-04
 0.141E+10 0.500E+00 0.233E-14 0.296E-15 0.927E-04
 0.146E+10 0.500E+00 0.224E-14 0.285E-15 0.927E-04
 0.152E+10 0.500E+00 0.216E-14 0.274E-15 0.927E-04
 0.159E+10 0.500E+00 0.207E-14 0.263E-15 0.927E-04
 0.165E+10 0.500E+00 0.199E-14 0.253E-15 0.927E-04
 0.172E+10 0.500E+00 0.191E-14 0.243E-15 0.927E-04
 0.179E+10 0.500E+00 0.184E-14 0.234E-15 0.927E-04
 0.186E+10 0.500E+00 0.176E-14 0.224E-15 0.927E-04
 0.194E+10 0.500E+00 0.169E-14 0.216E-15 0.927E-04
 0.202E+10 0.500E+00 0.163E-14 0.207E-15 0.927E-04
 0.210E+10 0.500E+00 0.156E-14 0.199E-15 0.927E-04
 0.218E+10 0.500E+00 0.150E-14 0.192E-15 0.927E-04
 0.227E+10 0.500E+00 0.144E-14 0.184E-15 0.927E-04
 0.237E+10 0.500E+00 0.139E-14 0.177E-15 0.927E-04
 0.246E+10 0.500E+00 0.133E-14 0.170E-15 0.927E-04
 0.256E+10 0.500E+00 0.128E-14 0.164E-15 0.927E-04
 0.267E+10 0.500E+00 0.123E-14 0.157E-15 0.927E-04
 0.278E+10 0.500E+00 0.118E-14 0.151E-15 0.927E-04
 0.289E+10 0.500E+00 0.114E-14 0.145E-15 0.927E-04
 0.301E+10 0.500E+00 0.109E-14 0.140E-15 0.927E-04
 0.313E+10 0.500E+00 0.105E-14 0.134E-15 0.927E-04
 0.326E+10 0.500E+00 0.101E-14 0.129E-15 0.927E-04
 0.339E+10 0.500E+00 0.968E-15 0.124E-15 0.927E-04
 0.353E+10 0.500E+00 0.930E-15 0.119E-15 0.927E-04
 0.367E+10 0.500E+00 0.893E-15 0.115E-15 0.927E-04
 0.382E+10 0.500E+00 0.858E-15 0.110E-15 0.927E-04
 0.398E+10 0.500E+00 0.825E-15 0.106E-15 0.927E-04
 0.414E+10 0.500E+00 0.792E-15 0.102E-15 0.927E-04
 0.431E+10 0.500E+00 0.761E-15 0.980E-16 0.927E-04
 0.449E+10 0.500E+00 0.731E-15 0.943E-16 0.927E-04
 0.467E+10 0.500E+00 0.703E-15 0.906E-16 0.927E-04
 0.486E+10 0.500E+00 0.675E-15 0.871E-16 0.927E-04
 0.506E+10 0.500E+00 0.649E-15 0.838E-16 0.927E-04
 0.526E+10 0.500E+00 0.623E-15 0.806E-16 0.927E-04
 0.548E+10 0.500E+00 0.599E-15 0.775E-16 0.927E-04
 0.570E+10 0.500E+00 0.575E-15 0.745E-16 0.927E-04
 0.593E+10 0.500E+00 0.553E-15 0.716E-16 0.927E-04
 0.618E+10 0.500E+00 0.531E-15 0.689E-16 0.927E-04
 0.643E+10 0.500E+00 0.510E-15 0.662E-16 0.927E-04
 0.669E+10 0.500E+00 0.490E-15 0.637E-16 0.927E-04
 0.696E+10 0.500E+00 0.471E-15 0.612E-16 0.927E-04
 0.725E+10 0.500E+00 0.452E-15 0.589E-16 0.927E-04
 0.754E+10 0.500E+00 0.435E-15 0.566E-16 0.927E-04
 0.785E+10 0.500E+00 0.418E-15 0.544E-16 0.927E-04
 0.817E+10 0.500E+00 0.401E-15 0.523E-16 0.927E-04
 0.851E+10 0.500E+00 0.385E-15 0.503E-16 0.927E-04
 0.885E+10 0.500E+00 0.370E-15 0.484E-16 0.927E-04
 0.921E+10 0.500E+00 0.356E-15 0.465E-16 0.927E-04
 0.959E+10 0.500E+00 0.342E-15 0.448E-16 0.927E-04
 0.998E+10 0.500E+00 0.328E-15 0.430E-16 0.927E-04
 0.104E+11 0.500E+00 0.316E-15 0.414E-16 0.927E-04
 0.108E+11 0.500E+00 0.303E-15 0.398E-16 0.927E-04
 0.113E+11 0.500E+00 0.291E-15 0.383E-16 0.927E-04
 0.117E+11 0.500E+00 0.280E-15 0.368E-16 0.927E-04
 0.122E+11 0.500E+00 0.269E-15 0.354E-16 0.927E-04
 0.127E+11 0.500E+00 0.258E-15 0.341E-16 0.927E-04
 0.132E+11 0.500E+00 0.248E-15 0.328E-16 0.927E-04
 0.137E+11 0.500E+00 0.238E-15 0.315E-16 0.927E-04
 0.143E+11 0.500E+00 0.229E-15 0.303E-16 0.927E-04
 0.149E+11 0.500E+00 0.220E-15 0.292E-16 0.927E-04
 0.155E+11 0.500E+00 0.212E-15 0.281E-16 0.927E-04
 0.161E+11 0.500E+00 0.203E-15 0.271E-16 0.927E-04
 0.168E+11 0.500E+00 0.195E-15 0.261E-16 0.927E-04
 0.175E+11 0.500E+00 0.188E-15 0.252E-16 0.927E-04
 0.182E+11 0.500E+00 0.180E-15 0.243E-16 0.927E-04
 0.189E+11 0.500E+00 0.173E-15 0.234E-16 0.927E-04
 0.197E+11 0.500E+00 0.166E-15 0.226E-16 0.927E-04
 0.205E+11 0.500E+00 0.160E-15 0.218E-16 0.927E-04
 0.213E+11 0.500E+00 0.154E-15 0.211E-16 0.927E-04
 0.222E+11 0.500E+00 0.148E-15 0.203E-16 0.927E-04
 0.231E+11 0.500E+00 0.142E-15 0.196E-16 0.927E-04
 0.240E+11 0.500E+00 0.136E-15 0.190E-16 0.927E-04
 0.250E+11 0.500E+00 0.131E-15 0.183E-16 0.927E-04
 0.260E+11 0.500E+00 0.126E-15 0.177E-16 0.927E-04
 0.271E+11 0.500E+00 0.121E-15 0.171E-16 0.927E-04
 0.282E+11 0.500E+00 0.116E-15 0.165E-16 0.927E-04
 0.294E+11 0.500E+00 0.112E-15 0.160E-16 0.927E-04
 0.306E+11 0.500E+00 0.107E-15 0.155E-16 0.927E-04
 0.318E+11 0.500E+00 0.103E-15 0.150E-16 0.927E-04
 0.331E+11 0.500E+00 0.990E-16 0.145E-16 0.927E-04
 0.344E+11 0.500E+00 0.951E-16 0.140E-16 0.927E-04
 0.358E+11 0.500E+00 0.914E-16 0.136E-16 0.927E-04
 0.373E+11 0.500E+00 0.878E-16 0.132E-16 0.927E-04
 0.388E+11 0.500E+00 0.843E-16 0.127E-16 0.927E-04
 0.404E+11 0.500E+00 0.810E-16 0.123E-16 0.927E-04
 0.420E+11 0.500E+00 0.779E-16 0.120E-16 0.927E-04
 0.438E+11 0.500E+00 0.748E-16 0.116E-16 0.927E-04
 0.455E+11 0.500E+00 0.719E-16 0.113E-16 0.927E-04
 0.474E+11 0.500E+00 0.690E-16 0.109E-16 0.927E-04
 0.493E+11 0.500E+00 0.663E-16 0.106E-16 0.927E-04
 0.513E+11 0.500E+00 0.637E-16 0.103E-16 0.927E-04
 0.534E+11 0.500E+00 0.612E-16 0.999E-17 0.927E-04
 0.556E+11 0.500E+00 0.588E-16 0.970E-17 0.927E-04
 0.579E+11 0.500E+00 0.565E-16 0.942E-17 0.927E-04
 0.602E+11 0.500E+00 0.543E-16 0.916E-17 0.927E-04
 0.627E+11 0.500E+00 0.522E-16 0.890E-17 0.927E-04
 0.652E+11 0.500E+00 0.501E-16 0.865E-17 0.927E-04
 0.679E+11 0.500E+00 0.482E-16 0.842E-17 0.927E-04
 0.706E+11 0.500E+00 0.463E-16 0.819E-17 0.927E-04
 0.735E+11 0.500E+00 0.445E-16 0.797E-17 0.927E-04
 0.765E+11 0.500E+00 0.427E-16 0.776E-17 0.927E-04
 0.796E+11 0.500E+00 0.410E-16 0.755E-17 0.927E-04
 0.829E+11 0.500E+00 0.394E-16 0.735E-17 0.927E-04
 0.862E+11 0.500E+00 0.379E-16 0.716E-17 0.927E-04
 0.897E+11 0.500E+00 0.364E-16 0.698E-17 0.927E-04
 0.934E+11 0.500E+00 0.350E-16 0.680E-17 0.927E-04
 0.972E+11 0.500E+00 0.336E-16 0.664E-17 0.927E-04
 0.101E+12 0.500E+00 0.323E-16 0.648E-17 0.927E-04
 0.105E+12 0.500E+00 0.310E-16 0.633E-17 0.927E-04
 0.110E+12 0.500E+00 0.298E-16 0.620E-17 0.927E-04
 0.114E+12 0.500E+00 0.286E-16 0.607E-17 0.927E-04
 0.119E+12 0.500E+00 0.275E-16 0.595E-17 0.927E-04
 0.124E+12 0.500E+00 0.264E-16 0.584E-17 0.927E-04
 0.129E+12 0.500E+00 0.254E-16 0.573E-17 0.927E-04
 0.134E+12 0.500E+00 0.244E-16 0.563E-17 0.927E-04
 0.139E+12 0.500E+00 0.234E-16 0.554E-17 0.927E-04
 0.145E+12 0.500E+00 0.225E-16 0.545E-17 0.927E-04
 0.151E+12 0.500E+00 0.216E-16 0.537E-17 0.927E-04
 0.157E+12 0.500E+00 0.207E-16 0.529E-17 0.927E-04
 0.163E+12 0.500E+00 0.199E-16 0.522E-17 0.927E-04
 0.170E+12 0.500E+00 0.191E-16 0.515E-17 0.927E-04
 0.177E+12 0.500E+00 0.184E-16 0.508E-17 0.927E-04
 0.184E+12 0.500E+00 0.176E-16 0.502E-17 0.927E-04
 0.192E+12 0.500E+00 0.169E-16 0.497E-17 0.927E-04
 0.200E+12 0.500E+00 0.163E-16 0.491E-17 0.927E-04
 0.208E+12 0.500E+00 0.156E-16 0.486E-17 0.927E-04
 0.216E+12 0.500E+00 0.150E-16 0.482E-17 0.927E-04
 0.225E+12 0.500E+00 0.144E-16 0.477E-17 0.927E-04
 0.234E+12 0.500E+00 0.138E-16 0.473E-17 0.927E-04
 0.244E+12 0.500E+00 0.133E-16 0.469E-17 0.927E-04
 0.254E+12 0.500E+00 0.128E-16 0.466E-17 0.927E-04
 0.264E+12 0.500E+00 0.123E-16 0.462E-17 0.927E-04
 0.275E+12 0.500E+00 0.118E-16 0.459E-17 0.927E-04
 0.286E+12 0.500E+00 0.113E-16 0.456E-17 0.927E-04
 0.298E+12 0.500E+00 0.109E-16 0.453E-17 0.927E-04
 0.310E+12 0.500E+00 0.104E-16 0.451E-17 0.927E-04
 0.323E+12 0.500E+00 0.100E-16 0.448E-17 0.927E-04
 0.336E+12 0.500E+00 0.961E-17 0.446E-17 0.927E-04
 0.350E+12 0.500E+00 0.922E-17 0.444E-17 0.927E-04
 0.364E+12 0.500E+00 0.886E-17 0.442E-17 0.927E-04
 0.379E+12 0.500E+00 0.850E-17 0.440E-17 0.927E-04
 0.394E+12 0.500E+00 0.817E-17 0.438E-17 0.927E-04
 0.410E+12 0.500E+00 0.784E-17 0.436E-17 0.927E-04
 0.427E+12 0.500E+00 0.753E-17 0.435E-17 0.927E-04
 0.444E+12 0.500E+00 0.723E-17 0.433E-17 0.927E-04
 0.463E+12 0.500E+00 0.694E-17 0.432E-17 0.927E-04
 0.481E+12 0.500E+00 0.666E-17 0.431E-17 0.927E-04
 0.501E+12 0.500E+00 0.640E-17 0.429E-17 0.927E-04
 0.522E+12 0.500E+00 0.614E-17 0.428E-17 0.927E-04
 0.543E+12 0.500E+00 0.590E-17 0.427E-17 0.927E-04
 0.565E+12 0.500E+00 0.566E-17 0.426E-17 0.927E-04
 0.588E+12 0.500E+00 0.543E-17 0.425E-17 0.927E-04
 0.612E+12 0.500E+00 0.522E-17 0.424E-17 0.927E-04
 0.637E+12 0.500E+00 0.501E-17 0.423E-17 0.927E-04
 0.663E+12 0.500E+00 0.481E-17 0.423E-17 0.927E-04
 0.690E+12 0.500E+00 0.462E-17 0.422E-17 0.927E-04
 0.718E+12 0.500E+00 0.443E-17 0.421E-17 0.927E-04
 0.747E+12 0.500E+00 0.426E-17 0.421E-17 0.927E-04
 0.778E+12 0.500E+00 0.409E-17 0.420E-17 0.927E-04
 0.810E+12 0.500E+00 0.392E-17 0.419E-17 0.927E-04
 0.843E+12 0.500E+00 0.377E-17 0.419E-17 0.927E-04
 0.877E+12 0.500E+00 0.361E-17 0.418E-17 0.927E-04
 0.913E+12 0.500E+00 0.347E-17 0.418E-17 0.927E-04
 0.950E+12 0.500E+00 0.333E-17 0.417E-17 0.927E-04
 0.989E+12 0.500E+00 0.320E-17 0.416E-17 0.927E-04
 0.103E+13 0.500E+00 0.307E-17 0.416E-17 0.927E-04
 0.107E+13 0.500E+00 0.295E-17 0.415E-17 0.927E-04
 0.112E+13 0.500E+00 0.283E-17 0.414E-17 0.927E-04
 0.116E+13 0.500E+00 0.272E-17 0.414E-17 0.927E-04
 0.121E+13 0.500E+00 0.261E-17 0.413E-17 0.927E-04
 0.126E+13 0.500E+00 0.250E-17 0.412E-17 0.927E-04
 0.131E+13 0.500E+00 0.240E-17 0.411E-17 0.927E-04
 0.136E+13 0.500E+00 0.231E-17 0.410E-17 0.927E-04
 0.142E+13 0.500E+00 0.221E-17 0.409E-17 0.927E-04
 0.148E+13 0.500E+00 0.213E-17 0.407E-17 0.927E-04
 0.154E+13 0.500E+00 0.204E-17 0.406E-17 0.927E-04
 0.160E+13 0.500E+00 0.196E-17 0.404E-17 0.927E-04
 0.166E+13 0.500E+00 0.188E-17 0.402E-17 0.927E-04
 0.173E+13 0.500E+00 0.181E-17 0.401E-17 0.927E-04
 0.180E+13 0.500E+00 0.173E-17 0.399E-17 0.927E-04
 0.188E+13 0.500E+00 0.166E-17 0.396E-17 0.927E-04
 0.195E+13 0.500E+00 0.160E-17 0.394E-17 0.927E-04
 0.203E+13 0.500E+00 0.153E-17 0.391E-17 0.927E-04
 0.211E+13 0.500E+00 0.147E-17 0.389E-17 0.927E-04
 0.220E+13 0.500E+00 0.141E-17 0.386E-17 0.927E-04
 0.229E+13 0.500E+00 0.136E-17 0.383E-17 0.927E-04
 0.238E+13 0.500E+00 0.130E-17 0.379E-17 0.927E-04
 0.248E+13 0.500E+00 0.125E-17 0.376E-17 0.927E-04
 0.258E+13 0.500E+00 0.120E-17 0.372E-17 0.927E-04
 0.269E+13 0.500E+00 0.115E-17 0.369E-17 0.927E-04
 0.280E+13 0.500E+00 0.111E-17 0.365E-17 0.927E-04
 0.291E+13 0.500E+00 0.106E-17 0.361E-17 0.927E-04
 0.303E+13 0.500E+00 0.102E-17 0.357E-17 0.927E-04
 0.315E+13 0.500E+00 0.977E-18 0.353E-17 0.927E-04
 0.328E+13 0.500E+00 0.938E-18 0.348E-17 0.927E-04
 0.342E+13 0.500E+00 0.900E-18 0.344E-17 0.927E-04
 0.356E+13 0.500E+00 0.864E-18 0.340E-17 0.927E-04
 0.370E+13 0.500E+00 0.829E-18 0.335E-17 0.927E-04
 0.385E+13 0.500E+00 0.795E-18 0.330E-17 0.927E-04
 0.401E+13 0.500E+00 0.763E-18 0.326E-17 0.927E-04
 0.417E+13 0.500E+00 0.732E-18 0.321E-17 0.927E-04
 0.434E+13 0.500E+00 0.703E-18 0.316E-17 0.927E-04
 0.452E+13 0.500E+00 0.674E-18 0.312E-17 0.927E-04
 0.471E+13 0.500E+00 0.647E-18 0.307E-17 0.927E-04
 0.490E+13 0.500E+00 0.621E-18 0.302E-17 0.927E-04
 0.510E+13 0.500E+00 0.595E-18 0.297E-17 0.927E-04
 0.531E+13 0.500E+00 0.571E-18 0.292E-17 0.927E-04
 0.552E+13 0.500E+00 0.548E-18 0.288E-17 0.927E-04
 0.575E+13 0.500E+00 0.526E-18 0.283E-17 0.927E-04
 0.598E+13 0.500E+00 0.504E-18 0.278E-17 0.927E-04
 0.623E+13 0.500E+00 0.483E-18 0.273E-17 0.927E-04
 0.648E+13 0.500E+00 0.464E-18 0.269E-17 0.927E-04
 0.675E+13 0.500E+00 0.445E-18 0.264E-17 0.927E-04
 0.702E+13 0.500E+00 0.426E-18 0.259E-17 0.927E-04
 0.731E+13 0.500E+00 0.409E-18 0.254E-17 0.927E-04
 0.761E+13 0.500E+00 0.391E-18 0.250E-17 0.927E-04
 0.792E+13 0.500E+00 0.375E-18 0.245E-17 0.927E-04
 0.824E+13 0.500E+00 0.359E-18 0.240E-17 0.927E-04
 0.858E+13 0.500E+00 0.343E-18 0.235E-17 0.927E-04
 0.893E+13 0.500E+00 0.328E-18 0.230E-17 0.927E-04
 0.929E+13 0.500E+00 0.313E-18 0.225E-17 0.927E-04
 0.967E+13 0.500E+00 0.298E-18 0.220E-17 0.927E-04
 0.101E+14 0.500E+00 0.283E-18 0.214E-17 0.927E-04
 0.105E+14 0.500E+00 0.267E-18 0.208E-17 0.927E-04
 0.109E+14 0.500E+00 0.251E-18 0.201E-17 0.927E-04
 0.113E+14 0.500E+00 0.234E-18 0.193E-17 0.927E-04
 0.118E+14 0.500E+00 0.216E-18 0.184E-17 0.927E-04
 0.123E+14 0.500E+00 0.197E-18 0.174E-17 0.927E-04
 0.128E+14 0.500E+00 0.178E-18 0.164E-17 0.927E-04
 0.133E+14 0.500E+00 0.158E-18 0.152E-17 0.926E-04
 0.139E+14 0.500E+00 0.140E-18 0.141E-17 0.926E-04
 0.144E+14 0.500E+00 0.123E-18 0.131E-17 0.926E-04
 0.150E+14 0.500E+00 0.109E-18 0.121E-17 0.926E-04
 0.156E+14 0.500E+00 0.983E-19 0.114E-17 0.926E-04
 0.163E+14 0.500E+00 0.902E-19 0.108E-17 0.925E-04
 0.169E+14 0.500E+00 0.844E-19 0.105E-17 0.925E-04
 0.176E+14 0.500E+00 0.802E-19 0.102E-17 0.924E-04
 0.183E+14 0.500E+00 0.767E-19 0.100E-17 0.923E-04
 0.191E+14 0.500E+00 0.735E-19 0.983E-18 0.923E-04
 0.199E+14 0.500E+00 0.706E-19 0.965E-18 0.923E-04
 0.207E+14 0.500E+00 0.678E-19 0.948E-18 0.923E-04
 0.215E+14 0.500E+00 0.652E-19 0.931E-18 0.923E-04
 0.224E+14 0.500E+00 0.626E-19 0.914E-18 0.923E-04
 0.233E+14 0.500E+00 0.602E-19 0.898E-18 0.923E-04
 0.243E+14 0.500E+00 0.578E-19 0.882E-18 0.923E-04
 0.253E+14 0.500E+00 0.555E-19 0.866E-18 0.923E-04
 0.263E+14 0.500E+00 0.534E-19 0.851E-18 0.923E-04
 0.274E+14 0.500E+00 0.513E-19 0.836E-18 0.923E-04
 0.285E+14 0.500E+00 0.492E-19 0.821E-18 0.923E-04
 0.296E+14 0.500E+00 0.473E-19 0.806E-18 0.923E-04
 0.308E+14 0.500E+00 0.455E-19 0.792E-18 0.923E-04
 0.321E+14 0.500E+00 0.437E-19 0.778E-18 0.923E-04
 0.334E+14 0.500E+00 0.420E-19 0.765E-18 0.923E-04
 0.348E+14 0.500E+00 0.403E-19 0.751E-18 0.923E-04
 0.362E+14 0.500E+00 0.387E-19 0.738E-18 0.923E-04
 0.377E+14 0.500E+00 0.372E-19 0.725E-18 0.923E-04
 0.392E+14 0.500E+00 0.357E-19 0.713E-18 0.923E-04
 0.408E+14 0.500E+00 0.343E-19 0.700E-18 0.923E-04
 0.425E+14 0.500E+00 0.330E-19 0.688E-18 0.923E-04
 0.442E+14 0.500E+00 0.317E-19 0.677E-18 0.923E-04
 0.460E+14 0.500E+00 0.305E-19 0.665E-18 0.923E-04
 0.479E+14 0.500E+00 0.293E-19 0.654E-18 0.923E-04
 0.498E+14 0.500E+00 0.281E-19 0.643E-18 0.923E-04
 0.519E+14 0.500E+00 0.270E-19 0.632E-18 0.923E-04
 0.540E+14 0.500E+00 0.259E-19 0.621E-18 0.923E-04
 0.562E+14 0.500E+00 0.249E-19 0.611E-18 0.923E-04
 0.585E+14 0.500E+00 0.239E-19 0.601E-18 0.923E-04
 0.609E+14 0.500E+00 0.230E-19 0.591E-18 0.923E-04
 0.634E+14 0.500E+00 0.221E-19 0.581E-18 0.923E-04
 0.660E+14 0.500E+00 0.212E-19 0.572E-18 0.923E-04
 0.686E+14 0.500E+00 0.204E-19 0.138E-17 0.923E-04
 0.714E+14 0.500E+00 0.196E-19 0.136E-17 0.923E-04
 0.744E+14 0.500E+00 0.188E-19 0.134E-17 0.923E-04
 0.774E+14 0.500E+00 0.181E-19 0.132E-17 0.923E-04
 0.806E+14 0.500E+00 0.174E-19 0.130E-17 0.923E-04
 0.838E+14 0.500E+00 0.167E-19 0.128E-17 0.923E-04
 0.873E+14 0.500E+00 0.160E-19 0.126E-17 0.923E-04
 0.908E+14 0.500E+00 0.154E-19 0.124E-17 0.923E-04
 0.945E+14 0.500E+00 0.148E-19 0.122E-17 0.923E-04
 0.984E+14 0.500E+00 0.142E-19 0.120E-17 0.923E-04
