 0.100E+00 0.100E-05 0.927E-04 0.217E-19 0.236E-35
 0.100E+00 0.100E-05 0.927E-04 0.187E-18 0.172E-33
 0.100E+00 0.100E-05 0.927E-04 0.159E-17 0.124E-31
 0.100E+00 0.100E-05 0.927E-04 0.135E-16 0.897E-30
 0.100E+00 0.100E-05 0.927E-04 0.110E-15 0.595E-28
 0.100E+00 0.100E-05 0.927E-04 0.725E-15 0.257E-26
 0.100E+00 0.100E-05 0.927E-04 0.454E-14 0.100E-24
 0.100E+00 0.100E-05 0.927E-04 0.281E-13 0.385E-23
 0.100E+00 0.100E-05 0.927E-04 0.174E-12 0.148E-21
 0.100E+00 0.999E-06 0.927E-04 0.107E-11 0.567E-20
 0.100E+00 0.997E-06 0.927E-04 0.632E-11 0.219E-18
 0.100E+00 0.979E-06 0.927E-04 0.302E-10 0.795E-17
 0.100E+00 0.813E-06 0.927E-04 0.654E-10 0.118E-15
 0.100E+00 0.735E-07 0.927E-04 0.678E-10 0.136E-15
 0.100E+00 0.721E-07 0.927E-04 0.816E-10 0.137E-15
 0.100E+00 0.716E-07 0.927E-04 0.945E-10 0.138E-15
 0.101E+00 0.711E-07 0.927E-04 0.106E-09 0.139E-15
 0.101E+00 0.705E-07 0.927E-04 0.116E-09 0.141E-15
 0.101E+00 0.698E-07 0.927E-04 0.126E-09 0.142E-15
 0.101E+00 0.690E-07 0.927E-04 0.135E-09 0.144E-15
 0.101E+00 0.682E-07 0.927E-04 0.144E-09 0.145E-15
 0.101E+00 0.673E-07 0.927E-04 0.153E-09 0.147E-15
 0.102E+00 0.664E-07 0.927E-04 0.162E-09 0.149E-15
 0.102E+00 0.654E-07 0.927E-04 0.170E-09 0.151E-15
 0.102E+00 0.643E-07 0.927E-04 0.178E-09 0.153E-15
 0.102E+00 0.632E-07 0.927E-04 0.187E-09 0.155E-15
 0.102E+00 0.620E-07 0.927E-04 0.195E-09 0.157E-15
 0.103E+00 0.608E-07 0.927E-04 0.204E-09 0.159E-15
 0.103E+00 0.596E-07 0.927E-04 0.212E-09 0.162E-15
 0.103E+00 0.583E-07 0.927E-04 0.221E-09 0.164E-15
 0.103E+00 0.571E-07 0.927E-04 0.230E-09 0.167E-15
 0.103E+00 0.558E-07 0.927E-04 0.239E-09 0.169E-15
 0.104E+00 0.544E-07 0.927E-04 0.248E-09 0.172E-15
 0.104E+00 0.531E-07 0.927E-04 0.257E-09 0.175E-15
 0.104E+00 0.518E-07 0.927E-04 0.267E-09 0.179E-15
 0.104E+00 0.504E-07 0.927E-04 0.277E-09 0.182E-15
 0.105E+00 0.491E-07 0.927E-04 0.288E-09 0.185E-15
 0.105E+00 0.477E-07 0.927E-04 0.299E-09 0.189E-15
 0.105E+00 0.464E-07 0.927E-04 0.310E-09 0.193E-15
 0.106E+00 0.451E-07 0.927E-04 0.322E-09 0.198E-15
 0.106E+00 0.437E-07 0.927E-04 0.335E-09 0.202E-15
 0.106E+00 0.425E-07 0.927E-04 0.348E-09 0.207E-15
 0.107E+00 0.412E-07 0.927E-04 0.362E-09 0.212E-15
 0.107E+00 0.399E-07 0.927E-04 0.377E-09 0.218E-15
 0.108E+00 0.387E-07 0.927E-04 0.392E-09 0.223E-15
 0.108E+00 0.375E-07 0.927E-04 0.409E-09 0.230E-15
 0.109E+00 0.363E-07 0.927E-04 0.426E-09 0.237E-15
 0.109E+00 0.352E-07 0.927E-04 0.445E-09 0.244E-15
 0.110E+00 0.341E-07 0.927E-04 0.466E-09 0.252E-15
 0.110E+00 0.330E-07 0.927E-04 0.488E-09 0.261E-15
 0.111E+00 0.320E-07 0.927E-04 0.512E-09 0.271E-15
 0.112E+00 0.310E-07 0.927E-04 0.538E-09 0.281E-15
 0.113E+00 0.301E-07 0.927E-04 0.566E-09 0.293E-15
 0.113E+00 0.292E-07 0.927E-04 0.598E-09 0.306E-15
 0.114E+00 0.283E-07 0.927E-04 0.633E-09 0.321E-15
 0.116E+00 0.275E-07 0.927E-04 0.673E-09 0.339E-15
 0.117E+00 0.267E-07 0.927E-04 0.719E-09 0.359E-15
 0.118E+00 0.260E-07 0.927E-04 0.772E-09 0.382E-15
 0.120E+00 0.254E-07 0.927E-04 0.834E-09 0.356E-15
 0.122E+00 0.249E-07 0.927E-04 0.911E-09 0.379E-15
 0.125E+00 0.246E-07 0.927E-04 0.101E-08 0.408E-15
 0.129E+00 0.245E-07 0.927E-04 0.116E-08 0.449E-15
 0.134E+00 0.249E-07 0.927E-04 0.134E-08 0.503E-15
 0.140E+00 0.258E-07 0.927E-04 0.152E-08 0.558E-15
 0.146E+00 0.272E-07 0.927E-04 0.171E-08 0.615E-15
 0.152E+00 0.288E-07 0.927E-04 0.189E-08 0.675E-15
 0.158E+00 0.309E-07 0.927E-04 0.207E-08 0.737E-15
 0.164E+00 0.332E-07 0.927E-04 0.226E-08 0.803E-15
 0.171E+00 0.360E-07 0.927E-04 0.244E-08 0.873E-15
 0.178E+00 0.392E-07 0.927E-04 0.261E-08 0.948E-15
 0.185E+00 0.427E-07 0.927E-04 0.278E-08 0.103E-14
 0.192E+00 0.465E-07 0.927E-04 0.294E-08 0.110E-14
 0.199E+00 0.506E-07 0.927E-04 0.309E-08 0.118E-14
 0.205E+00 0.551E-07 0.927E-04 0.323E-08 0.126E-14
 0.212E+00 0.599E-07 0.927E-04 0.336E-08 0.134E-14
 0.219E+00 0.653E-07 0.927E-04 0.349E-08 0.143E-14
 0.225E+00 0.712E-07 0.927E-04 0.362E-08 0.151E-14
 0.232E+00 0.779E-07 0.927E-04 0.374E-08 0.160E-14
 0.239E+00 0.853E-07 0.927E-04 0.386E-08 0.170E-14
 0.246E+00 0.939E-07 0.927E-04 0.397E-08 0.180E-14
 0.253E+00 0.104E-06 0.927E-04 0.409E-08 0.190E-14
 0.260E+00 0.115E-06 0.927E-04 0.420E-08 0.201E-14
 0.268E+00 0.129E-06 0.927E-04 0.432E-08 0.213E-14
 0.275E+00 0.145E-06 0.927E-04 0.443E-08 0.226E-14
 0.283E+00 0.166E-06 0.927E-04 0.454E-08 0.440E-14
 0.291E+00 0.193E-06 0.927E-04 0.465E-08 0.465E-14
 0.298E+00 0.232E-06 0.927E-04 0.476E-08 0.492E-14
 0.307E+00 0.293E-06 0.927E-04 0.487E-08 0.526E-14
 0.315E+00 0.423E-06 0.927E-04 0.498E-08 0.579E-14
 0.323E+00 0.121E-05 0.927E-04 0.510E-08 0.813E-14
 0.331E+00 0.240E-04 0.927E-04 0.523E-08 0.694E-13
 0.339E+00 0.479E-04 0.927E-04 0.536E-08 0.128E-12
 0.347E+00 0.634E-04 0.927E-04 0.547E-08 0.160E-12
 0.355E+00 0.755E-04 0.927E-04 0.557E-08 0.181E-12
 0.364E+00 0.862E-04 0.927E-04 0.567E-08 0.197E-12
 0.373E+00 0.967E-04 0.927E-04 0.577E-08 0.211E-12
 0.382E+00 0.107E-03 0.927E-04 0.588E-08 0.223E-12
 0.391E+00 0.118E-03 0.927E-04 0.598E-08 0.235E-12
 0.401E+00 0.130E-03 0.927E-04 0.609E-08 0.246E-12
 0.410E+00 0.143E-03 0.927E-04 0.619E-08 0.257E-12
 0.420E+00 0.157E-03 0.927E-04 0.630E-08 0.268E-12
 0.431E+00 0.171E-03 0.927E-04 0.640E-08 0.278E-12
 0.441E+00 0.187E-03 0.927E-04 0.651E-08 0.287E-12
 0.452E+00 0.204E-03 0.927E-04 0.662E-08 0.296E-12
 0.463E+00 0.223E-03 0.927E-04 0.673E-08 0.304E-12
 0.474E+00 0.242E-03 0.927E-04 0.684E-08 0.312E-12
 0.485E+00 0.264E-03 0.927E-04 0.694E-08 0.318E-12
 0.497E+00 0.286E-03 0.927E-04 0.705E-08 0.324E-12
 0.509E+00 0.311E-03 0.927E-04 0.716E-08 0.329E-12
 0.521E+00 0.337E-03 0.927E-04 0.727E-08 0.333E-12
 0.533E+00 0.365E-03 0.927E-04 0.738E-08 0.336E-12
 0.546E+00 0.394E-03 0.927E-04 0.749E-08 0.337E-12
 0.559E+00 0.426E-03 0.927E-04 0.760E-08 0.338E-12
 0.572E+00 0.460E-03 0.927E-04 0.770E-08 0.338E-12
 0.586E+00 0.497E-03 0.927E-04 0.781E-08 0.337E-12
 0.600E+00 0.535E-03 0.927E-04 0.792E-08 0.335E-12
 0.614E+00 0.576E-03 0.927E-04 0.803E-08 0.332E-12
 0.628E+00 0.620E-03 0.927E-04 0.814E-08 0.329E-12
 0.643E+00 0.666E-03 0.927E-04 0.824E-08 0.325E-12
 0.658E+00 0.715E-03 0.927E-04 0.835E-08 0.320E-12
 0.673E+00 0.767E-03 0.927E-04 0.845E-08 0.314E-12
 0.689E+00 0.822E-03 0.927E-04 0.856E-08 0.309E-12
 0.705E+00 0.880E-03 0.927E-04 0.867E-08 0.303E-12
 0.721E+00 0.942E-03 0.927E-04 0.877E-08 0.297E-12
 0.737E+00 0.101E-02 0.927E-04 0.887E-08 0.292E-12
 0.755E+00 0.108E-02 0.927E-04 0.898E-08 0.287E-12
 0.772E+00 0.115E-02 0.927E-04 0.908E-08 0.283E-12
 0.790E+00 0.122E-02 0.927E-04 0.918E-08 0.279E-12
 0.808E+00 0.131E-02 0.927E-04 0.929E-08 0.277E-12
 0.826E+00 0.139E-02 0.927E-04 0.939E-08 0.277E-12
 0.845E+00 0.148E-02 0.927E-04 0.949E-08 0.278E-12
 0.865E+00 0.157E-02 0.927E-04 0.959E-08 0.282E-12
 0.885E+00 0.167E-02 0.927E-04 0.969E-08 0.289E-12
 0.905E+00 0.177E-02 0.927E-04 0.979E-08 0.298E-12
 0.926E+00 0.188E-02 0.927E-04 0.989E-08 0.311E-12
 0.947E+00 0.199E-02 0.927E-04 0.999E-08 0.328E-12
 0.969E+00 0.211E-02 0.927E-04 0.101E-07 0.349E-12
 0.991E+00 0.224E-02 0.927E-04 0.102E-07 0.376E-12
 0.101E+01 0.237E-02 0.927E-04 0.103E-07 0.408E-12
 0.104E+01 0.250E-02 0.927E-04 0.104E-07 0.447E-12
 0.106E+01 0.264E-02 0.927E-04 0.105E-07 0.493E-12
 0.109E+01 0.279E-02 0.927E-04 0.106E-07 0.547E-12
 0.111E+01 0.295E-02 0.927E-04 0.107E-07 0.610E-12
 0.114E+01 0.311E-02 0.927E-04 0.107E-07 0.682E-12
 0.116E+01 0.328E-02 0.927E-04 0.108E-07 0.766E-12
 0.119E+01 0.345E-02 0.927E-04 0.109E-07 0.862E-12
 0.122E+01 0.363E-02 0.927E-04 0.110E-07 0.971E-12
 0.125E+01 0.383E-02 0.927E-04 0.111E-07 0.110E-11
 0.127E+01 0.402E-02 0.927E-04 0.112E-07 0.124E-11
 0.130E+01 0.423E-02 0.927E-04 0.113E-07 0.139E-11
 0.133E+01 0.444E-02 0.927E-04 0.114E-07 0.157E-11
 0.137E+01 0.467E-02 0.927E-04 0.115E-07 0.177E-11
 0.140E+01 0.490E-02 0.927E-04 0.116E-07 0.200E-11
 0.143E+01 0.514E-02 0.927E-04 0.117E-07 0.225E-11
 0.146E+01 0.539E-02 0.927E-04 0.117E-07 0.253E-11
 0.150E+01 0.565E-02 0.927E-04 0.118E-07 0.284E-11
 0.153E+01 0.591E-02 0.927E-04 0.119E-07 0.319E-11
 0.157E+01 0.619E-02 0.927E-04 0.120E-07 0.357E-11
 0.161E+01 0.648E-02 0.927E-04 0.121E-07 0.400E-11
 0.165E+01 0.678E-02 0.927E-04 0.122E-07 0.447E-11
 0.169E+01 0.709E-02 0.927E-04 0.123E-07 0.498E-11
 0.173E+01 0.741E-02 0.927E-04 0.124E-07 0.556E-11
 0.177E+01 0.774E-02 0.927E-04 0.125E-07 0.618E-11
 0.181E+01 0.809E-02 0.927E-04 0.127E-07 0.687E-11
 0.186E+01 0.844E-02 0.927E-04 0.128E-07 0.763E-11
 0.190E+01 0.881E-02 0.927E-04 0.129E-07 0.846E-11
 0.195E+01 0.919E-02 0.927E-04 0.130E-07 0.937E-11
 0.200E+01 0.959E-02 0.927E-04 0.131E-07 0.104E-10
 0.205E+01 0.999E-02 0.927E-04 0.133E-07 0.114E-10
 0.210E+01 0.104E-01 0.927E-04 0.134E-07 0.126E-10
 0.215E+01 0.108E-01 0.927E-04 0.136E-07 0.139E-10
 0.220E+01 0.113E-01 0.927E-04 0.137E-07 0.153E-10
 0.226E+01 0.118E-01 0.927E-04 0.139E-07 0.168E-10
 0.232E+01 0.122E-01 0.927E-04 0.141E-07 0.185E-10
 0.238E+01 0.127E-01 0.927E-04 0.142E-07 0.203E-10
 0.244E+01 0.133E-01 0.927E-04 0.144E-07 0.222E-10
 0.250E+01 0.138E-01 0.927E-04 0.146E-07 0.244E-10
 0.257E+01 0.143E-01 0.927E-04 0.148E-07 0.267E-10
 0.263E+01 0.149E-01 0.927E-04 0.151E-07 0.291E-10
 0.270E+01 0.155E-01 0.927E-04 0.153E-07 0.318E-10
 0.278E+01 0.161E-01 0.927E-04 0.155E-07 0.347E-10
 0.285E+01 0.167E-01 0.927E-04 0.158E-07 0.379E-10
 0.293E+01 0.173E-01 0.927E-04 0.161E-07 0.412E-10
 0.300E+01 0.180E-01 0.927E-04 0.163E-07 0.449E-10
 0.309E+01 0.187E-01 0.927E-04 0.166E-07 0.488E-10
 0.317E+01 0.194E-01 0.927E-04 0.170E-07 0.531E-10
 0.326E+01 0.201E-01 0.927E-04 0.173E-07 0.577E-10
 0.335E+01 0.208E-01 0.927E-04 0.176E-07 0.627E-10
 0.344E+01 0.216E-01 0.927E-04 0.180E-07 0.681E-10
 0.353E+01 0.224E-01 0.927E-04 0.184E-07 0.738E-10
 0.363E+01 0.232E-01 0.927E-04 0.188E-07 0.801E-10
 0.374E+01 0.240E-01 0.927E-04 0.192E-07 0.868E-10
 0.384E+01 0.249E-01 0.927E-04 0.197E-07 0.940E-10
 0.395E+01 0.258E-01 0.927E-04 0.201E-07 0.102E-09
 0.406E+01 0.267E-01 0.927E-04 0.206E-07 0.110E-09
 0.418E+01 0.276E-01 0.927E-04 0.212E-07 0.119E-09
 0.430E+01 0.286E-01 0.927E-04 0.217E-07 0.129E-09
 0.443E+01 0.296E-01 0.927E-04 0.223E-07 0.139E-09
 0.455E+01 0.306E-01 0.927E-04 0.229E-07 0.151E-09
 0.469E+01 0.316E-01 0.927E-04 0.236E-07 0.163E-09
 0.483E+01 0.327E-01 0.927E-04 0.242E-07 0.176E-09
 0.497E+01 0.338E-01 0.927E-04 0.250E-07 0.190E-09
 0.512E+01 0.349E-01 0.927E-04 0.257E-07 0.205E-09
 0.527E+01 0.361E-01 0.927E-04 0.265E-07 0.221E-09
 0.543E+01 0.372E-01 0.927E-04 0.273E-07 0.238E-09
 0.559E+01 0.385E-01 0.927E-04 0.282E-07 0.257E-09
 0.576E+01 0.397E-01 0.927E-04 0.291E-07 0.277E-09
 0.594E+01 0.410E-01 0.927E-04 0.301E-07 0.298E-09
 0.612E+01 0.423E-01 0.927E-04 0.311E-07 0.321E-09
 0.631E+01 0.436E-01 0.927E-04 0.322E-07 0.346E-09
 0.650E+01 0.450E-01 0.927E-04 0.334E-07 0.372E-09
 0.670E+01 0.464E-01 0.927E-04 0.346E-07 0.401E-09
 0.691E+01 0.478E-01 0.927E-04 0.358E-07 0.431E-09
 0.713E+01 0.493E-01 0.927E-04 0.372E-07 0.463E-09
 0.735E+01 0.508E-01 0.927E-04 0.386E-07 0.498E-09
 0.758E+01 0.523E-01 0.927E-04 0.400E-07 0.535E-09
 0.782E+01 0.539E-01 0.927E-04 0.416E-07 0.575E-09
 0.807E+01 0.555E-01 0.927E-04 0.433E-07 0.618E-09
 0.833E+01 0.571E-01 0.927E-04 0.450E-07 0.663E-09
 0.859E+01 0.588E-01 0.927E-04 0.468E-07 0.712E-09
 0.887E+01 0.605E-01 0.927E-04 0.488E-07 0.763E-09
 0.915E+01 0.623E-01 0.926E-04 0.508E-07 0.818E-09
 0.945E+01 0.640E-01 0.926E-04 0.530E-07 0.877E-09
 0.975E+01 0.658E-01 0.926E-04 0.553E-07 0.940E-09
 0.101E+02 0.677E-01 0.926E-04 0.577E-07 0.101E-08
 0.104E+02 0.696E-01 0.926E-04 0.602E-07 0.108E-08
 0.107E+02 0.715E-01 0.926E-04 0.629E-07 0.115E-08
 0.111E+02 0.734E-01 0.926E-04 0.658E-07 0.123E-08
 0.114E+02 0.754E-01 0.926E-04 0.688E-07 0.132E-08
 0.118E+02 0.774E-01 0.926E-04 0.720E-07 0.141E-08
 0.122E+02 0.795E-01 0.926E-04 0.753E-07 0.150E-08
 0.126E+02 0.815E-01 0.926E-04 0.788E-07 0.160E-08
 0.130E+02 0.837E-01 0.926E-04 0.826E-07 0.171E-08
 0.135E+02 0.858E-01 0.926E-04 0.865E-07 0.182E-08
 0.139E+02 0.880E-01 0.926E-04 0.907E-07 0.194E-08
 0.144E+02 0.902E-01 0.926E-04 0.951E-07 0.207E-08
 0.148E+02 0.925E-01 0.926E-04 0.998E-07 0.220E-08
 0.153E+02 0.948E-01 0.926E-04 0.105E-06 0.234E-08
 0.159E+02 0.971E-01 0.926E-04 0.110E-06 0.248E-08
 0.164E+02 0.994E-01 0.926E-04 0.115E-06 0.263E-08
 0.169E+02 0.102E+00 0.926E-04 0.121E-06 0.279E-08
 0.175E+02 0.104E+00 0.926E-04 0.127E-06 0.296E-08
 0.181E+02 0.107E+00 0.926E-04 0.134E-06 0.313E-08
 0.187E+02 0.109E+00 0.926E-04 0.141E-06 0.332E-08
 0.193E+02 0.112E+00 0.925E-04 0.148E-06 0.351E-08
 0.200E+02 0.114E+00 0.925E-04 0.156E-06 0.370E-08
 0.207E+02 0.117E+00 0.925E-04 0.164E-06 0.391E-08
 0.214E+02 0.119E+00 0.925E-04 0.173E-06 0.412E-08
 0.221E+02 0.122E+00 0.925E-04 0.182E-06 0.434E-08
 0.228E+02 0.125E+00 0.925E-04 0.191E-06 0.457E-08
 0.236E+02 0.127E+00 0.925E-04 0.201E-06 0.480E-08
 0.244E+02 0.130E+00 0.925E-04 0.212E-06 0.505E-08
 0.253E+02 0.133E+00 0.925E-04 0.223E-06 0.529E-08
 0.261E+02 0.136E+00 0.925E-04 0.235E-06 0.555E-08
 0.270E+02 0.138E+00 0.924E-04 0.248E-06 0.581E-08
 0.279E+02 0.141E+00 0.924E-04 0.262E-06 0.608E-08
 0.289E+02 0.144E+00 0.924E-04 0.276E-06 0.636E-08
 0.299E+02 0.147E+00 0.924E-04 0.291E-06 0.664E-08
 0.309E+02 0.150E+00 0.924E-04 0.307E-06 0.693E-08
 0.320E+02 0.153E+00 0.924E-04 0.323E-06 0.722E-08
 0.331E+02 0.156E+00 0.924E-04 0.341E-06 0.751E-08
 0.342E+02 0.159E+00 0.923E-04 0.360E-06 0.781E-08
 0.354E+02 0.162E+00 0.923E-04 0.380E-06 0.812E-08
 0.366E+02 0.165E+00 0.923E-04 0.401E-06 0.843E-08
 0.379E+02 0.168E+00 0.923E-04 0.423E-06 0.874E-08
 0.392E+02 0.171E+00 0.922E-04 0.447E-06 0.905E-08
 0.406E+02 0.174E+00 0.922E-04 0.472E-06 0.937E-08
 0.420E+02 0.177E+00 0.922E-04 0.498E-06 0.968E-08
 0.434E+02 0.180E+00 0.922E-04 0.526E-06 0.100E-07
 0.449E+02 0.183E+00 0.921E-04 0.556E-06 0.103E-07
 0.465E+02 0.186E+00 0.921E-04 0.588E-06 0.106E-07
 0.481E+02 0.190E+00 0.921E-04 0.621E-06 0.110E-07
 0.498E+02 0.193E+00 0.920E-04 0.656E-06 0.113E-07
 0.516E+02 0.196E+00 0.920E-04 0.694E-06 0.116E-07
 0.534E+02 0.199E+00 0.920E-04 0.734E-06 0.120E-07
 0.552E+02 0.202E+00 0.919E-04 0.777E-06 0.123E-07
 0.572E+02 0.206E+00 0.919E-04 0.822E-06 0.126E-07
 0.592E+02 0.209E+00 0.918E-04 0.870E-06 0.130E-07
 0.613E+02 0.212E+00 0.918E-04 0.921E-06 0.133E-07
 0.634E+02 0.216E+00 0.917E-04 0.975E-06 0.137E-07
 0.657E+02 0.219E+00 0.917E-04 0.103E-05 0.140E-07
 0.679E+02 0.222E+00 0.916E-04 0.109E-05 0.143E-07
 0.702E+02 0.225E+00 0.915E-04 0.115E-05 0.147E-07
 0.725E+02 0.228E+00 0.915E-04 0.122E-05 0.151E-07
 0.750E+02 0.232E+00 0.914E-04 0.129E-05 0.155E-07
 0.775E+02 0.235E+00 0.913E-04 0.136E-05 0.159E-07
 0.801E+02 0.238E+00 0.912E-04 0.144E-05 0.163E-07
 0.827E+02 0.241E+00 0.912E-04 0.152E-05 0.167E-07
 0.855E+02 0.244E+00 0.911E-04 0.161E-05 0.172E-07
 0.884E+02 0.247E+00 0.910E-04 0.171E-05 0.177E-07
 0.913E+02 0.251E+00 0.909E-04 0.180E-05 0.183E-07
 0.944E+02 0.254E+00 0.908E-04 0.191E-05 0.189E-07
 0.975E+02 0.257E+00 0.907E-04 0.202E-05 0.195E-07
 0.101E+03 0.261E+00 0.905E-04 0.215E-05 0.203E-07
 0.105E+03 0.264E+00 0.904E-04 0.229E-05 0.211E-07
 0.108E+03 0.268E+00 0.902E-04 0.243E-05 0.221E-07
 0.112E+03 0.271E+00 0.901E-04 0.259E-05 0.231E-07
 0.116E+03 0.275E+00 0.899E-04 0.275E-05 0.242E-07
 0.121E+03 0.278E+00 0.897E-04 0.293E-05 0.255E-07
 0.125E+03 0.281E+00 0.895E-04 0.312E-05 0.269E-07
 0.129E+03 0.285E+00 0.893E-04 0.333E-05 0.284E-07
 0.134E+03 0.288E+00 0.891E-04 0.355E-05 0.302E-07
 0.139E+03 0.292E+00 0.889E-04 0.378E-05 0.321E-07
 0.144E+03 0.295E+00 0.886E-04 0.403E-05 0.343E-07
 0.149E+03 0.299E+00 0.884E-04 0.430E-05 0.367E-07
 0.154E+03 0.302E+00 0.881E-04 0.458E-05 0.394E-07
 0.160E+03 0.306E+00 0.878E-04 0.488E-05 0.425E-07
 0.166E+03 0.309E+00 0.874E-04 0.521E-05 0.459E-07
 0.172E+03 0.312E+00 0.871E-04 0.555E-05 0.496E-07
 0.178E+03 0.316E+00 0.867E-04 0.592E-05 0.539E-07
 0.184E+03 0.319E+00 0.863E-04 0.631E-05 0.586E-07
 0.191E+03 0.322E+00 0.859E-04 0.673E-05 0.639E-07
 0.198E+03 0.325E+00 0.855E-04 0.717E-05 0.698E-07
 0.205E+03 0.329E+00 0.850E-04 0.764E-05 0.764E-07
 0.212E+03 0.332E+00 0.845E-04 0.814E-05 0.838E-07
 0.220E+03 0.335E+00 0.839E-04 0.868E-05 0.921E-07
 0.228E+03 0.338E+00 0.833E-04 0.925E-05 0.102E-06
 0.236E+03 0.342E+00 0.827E-04 0.987E-05 0.112E-06
 0.245E+03 0.345E+00 0.820E-04 0.105E-04 0.124E-06
 0.254E+03 0.348E+00 0.813E-04 0.112E-04 0.138E-06
 0.264E+03 0.351E+00 0.806E-04 0.120E-04 0.153E-06
 0.274E+03 0.354E+00 0.798E-04 0.127E-04 0.170E-06
 0.284E+03 0.358E+00 0.790E-04 0.135E-04 0.189E-06
 0.294E+03 0.361E+00 0.781E-04 0.144E-04 0.211E-06
 0.305E+03 0.364E+00 0.772E-04 0.153E-04 0.235E-06
 0.316E+03 0.367E+00 0.762E-04 0.162E-04 0.262E-06
 0.328E+03 0.370E+00 0.752E-04 0.172E-04 0.292E-06
 0.340E+03 0.373E+00 0.742E-04 0.182E-04 0.326E-06
 0.352E+03 0.376E+00 0.731E-04 0.192E-04 0.364E-06
 0.365E+03 0.379E+00 0.719E-04 0.203E-04 0.406E-06
 0.378E+03 0.381E+00 0.708E-04 0.215E-04 0.454E-06
 0.392E+03 0.384E+00 0.696E-04 0.226E-04 0.507E-06
 0.406E+03 0.387E+00 0.683E-04 0.238E-04 0.567E-06
 0.421E+03 0.390E+00 0.670E-04 0.251E-04 0.635E-06
 0.437E+03 0.393E+00 0.657E-04 0.263E-04 0.710E-06
 0.452E+03 0.395E+00 0.643E-04 0.276E-04 0.793E-06
 0.469E+03 0.398E+00 0.629E-04 0.289E-04 0.886E-06
 0.485E+03 0.400E+00 0.615E-04 0.302E-04 0.989E-06
 0.503E+03 0.403E+00 0.601E-04 0.315E-04 0.110E-05
 0.521E+03 0.406E+00 0.587E-04 0.328E-04 0.123E-05
 0.539E+03 0.408E+00 0.572E-04 0.341E-04 0.138E-05
 0.558E+03 0.410E+00 0.557E-04 0.354E-04 0.153E-05
 0.578E+03 0.413E+00 0.542E-04 0.367E-04 0.171E-05
 0.598E+03 0.415E+00 0.528E-04 0.380E-04 0.190E-05
 0.619E+03 0.417E+00 0.513E-04 0.393E-04 0.212E-05
 0.640E+03 0.420E+00 0.498E-04 0.406E-04 0.236E-05
 0.662E+03 0.422E+00 0.482E-04 0.418E-04 0.262E-05
 0.685E+03 0.424E+00 0.467E-04 0.430E-04 0.292E-05
 0.709E+03 0.426E+00 0.452E-04 0.442E-04 0.324E-05
 0.733E+03 0.428E+00 0.437E-04 0.453E-04 0.359E-05
 0.759E+03 0.430E+00 0.422E-04 0.464E-04 0.399E-05
 0.785E+03 0.432E+00 0.407E-04 0.475E-04 0.442E-05
 0.812E+03 0.434E+00 0.393E-04 0.485E-04 0.489E-05
 0.840E+03 0.436E+00 0.378E-04 0.495E-04 0.541E-05
 0.869E+03 0.438E+00 0.363E-04 0.504E-04 0.598E-05
 0.898E+03 0.440E+00 0.348E-04 0.512E-04 0.660E-05
 0.930E+03 0.441E+00 0.333E-04 0.520E-04 0.729E-05
 0.962E+03 0.443E+00 0.319E-04 0.527E-04 0.803E-05
 0.995E+03 0.445E+00 0.304E-04 0.534E-04 0.884E-05
 0.103E+04 0.447E+00 0.290E-04 0.540E-04 0.973E-05
 0.107E+04 0.448E+00 0.275E-04 0.544E-04 0.107E-04
 0.110E+04 0.450E+00 0.261E-04 0.548E-04 0.117E-04
 0.114E+04 0.452E+00 0.246E-04 0.551E-04 0.129E-04
 0.119E+04 0.453E+00 0.232E-04 0.553E-04 0.141E-04
 0.123E+04 0.455E+00 0.218E-04 0.554E-04 0.154E-04
 0.128E+04 0.457E+00 0.204E-04 0.554E-04 0.168E-04
 0.132E+04 0.458E+00 0.190E-04 0.553E-04 0.183E-04
 0.137E+04 0.460E+00 0.177E-04 0.550E-04 0.200E-04
 0.143E+04 0.461E+00 0.163E-04 0.546E-04 0.217E-04
 0.148E+04 0.463E+00 0.150E-04 0.540E-04 0.236E-04
 0.154E+04 0.464E+00 0.138E-04 0.533E-04 0.255E-04
 0.160E+04 0.466E+00 0.125E-04 0.525E-04 0.276E-04
 0.167E+04 0.467E+00 0.113E-04 0.515E-04 0.298E-04
 0.174E+04 0.469E+00 0.102E-04 0.504E-04 0.321E-04
 0.181E+04 0.470E+00 0.914E-05 0.491E-04 0.344E-04
 0.188E+04 0.472E+00 0.814E-05 0.478E-04 0.367E-04
 0.196E+04 0.473E+00 0.721E-05 0.463E-04 0.391E-04
 0.204E+04 0.474E+00 0.635E-05 0.448E-04 0.416E-04
 0.212E+04 0.475E+00 0.555E-05 0.431E-04 0.440E-04
 0.221E+04 0.477E+00 0.482E-05 0.414E-04 0.464E-04
 0.230E+04 0.478E+00 0.416E-05 0.396E-04 0.489E-04
 0.239E+04 0.479E+00 0.356E-05 0.378E-04 0.513E-04
 0.249E+04 0.480E+00 0.302E-05 0.360E-04 0.537E-04
 0.259E+04 0.481E+00 0.253E-05 0.341E-04 0.561E-04
 0.270E+04 0.482E+00 0.209E-05 0.320E-04 0.585E-04
 0.281E+04 0.483E+00 0.170E-05 0.299E-04 0.611E-04
 0.292E+04 0.484E+00 0.135E-05 0.276E-04 0.637E-04
 0.304E+04 0.485E+00 0.104E-05 0.251E-04 0.665E-04
 0.316E+04 0.486E+00 0.767E-06 0.223E-04 0.696E-04
 0.329E+04 0.487E+00 0.530E-06 0.191E-04 0.731E-04
 0.342E+04 0.489E+00 0.322E-06 0.149E-04 0.775E-04
 0.355E+04 0.491E+00 0.125E-06 0.707E-05 0.855E-04
 0.369E+04 0.494E+00 0.525E-07 0.174E-05 0.909E-04
 0.386E+04 0.495E+00 0.352E-07 0.381E-06 0.923E-04
 0.402E+04 0.495E+00 0.294E-07 0.146E-06 0.925E-04
 0.419E+04 0.496E+00 0.254E-07 0.658E-07 0.926E-04
 0.436E+04 0.496E+00 0.223E-07 0.339E-07 0.926E-04
 0.454E+04 0.496E+00 0.197E-07 0.200E-07 0.926E-04
 0.472E+04 0.497E+00 0.175E-07 0.131E-07 0.927E-04
 0.491E+04 0.497E+00 0.155E-07 0.908E-08 0.927E-04
 0.511E+04 0.497E+00 0.137E-07 0.655E-08 0.927E-04
 0.532E+04 0.497E+00 0.122E-07 0.483E-08 0.927E-04
 0.554E+04 0.498E+00 0.108E-07 0.364E-08 0.927E-04
 0.577E+04 0.498E+00 0.958E-08 0.279E-08 0.927E-04
 0.600E+04 0.498E+00 0.849E-08 0.217E-08 0.927E-04
 0.625E+04 0.498E+00 0.753E-08 0.173E-08 0.927E-04
 0.650E+04 0.498E+00 0.668E-08 0.139E-08 0.927E-04
 0.677E+04 0.499E+00 0.593E-08 0.114E-08 0.927E-04
 0.704E+04 0.499E+00 0.527E-08 0.946E-09 0.927E-04
 0.733E+04 0.499E+00 0.468E-08 0.794E-09 0.927E-04
 0.763E+04 0.499E+00 0.417E-08 0.673E-09 0.927E-04
 0.794E+04 0.499E+00 0.371E-08 0.576E-09 0.927E-04
 0.826E+04 0.499E+00 0.331E-08 0.497E-09 0.927E-04
 0.860E+04 0.499E+00 0.296E-08 0.431E-09 0.927E-04
 0.895E+04 0.499E+00 0.264E-08 0.376E-09 0.927E-04
 0.932E+04 0.499E+00 0.237E-08 0.330E-09 0.927E-04
 0.970E+04 0.499E+00 0.212E-08 0.291E-09 0.927E-04
 0.101E+05 0.500E+00 0.191E-08 0.257E-09 0.927E-04
 0.105E+05 0.500E+00 0.172E-08 0.229E-09 0.927E-04
 0.109E+05 0.500E+00 0.155E-08 0.204E-09 0.927E-04
 0.114E+05 0.500E+00 0.140E-08 0.182E-09 0.927E-04
 0.118E+05 0.500E+00 0.127E-08 0.164E-09 0.927E-04
 0.123E+05 0.500E+00 0.115E-08 0.147E-09 0.927E-04
 0.128E+05 0.500E+00 0.105E-08 0.133E-09 0.927E-04
 0.133E+05 0.500E+00 0.953E-09 0.121E-09 0.927E-04
 0.139E+05 0.500E+00 0.870E-09 0.110E-09 0.927E-04
 0.145E+05 0.500E+00 0.796E-09 0.998E-10 0.927E-04
 0.151E+05 0.500E+00 0.730E-09 0.912E-10 0.927E-04
 0.157E+05 0.500E+00 0.670E-09 0.835E-10 0.927E-04
 0.163E+05 0.500E+00 0.617E-09 0.766E-10 0.927E-04
 0.170E+05 0.500E+00 0.569E-09 0.705E-10 0.927E-04
 0.177E+05 0.500E+00 0.525E-09 0.650E-10 0.927E-04
 0.184E+05 0.500E+00 0.486E-09 0.600E-10 0.927E-04
 0.191E+05 0.500E+00 0.450E-09 0.556E-10 0.927E-04
 0.199E+05 0.500E+00 0.418E-09 0.516E-10 0.927E-04
 0.207E+05 0.500E+00 0.389E-09 0.479E-10 0.927E-04
 0.216E+05 0.500E+00 0.362E-09 0.446E-10 0.927E-04
 0.224E+05 0.500E+00 0.338E-09 0.416E-10 0.927E-04
 0.234E+05 0.500E+00 0.315E-09 0.388E-10 0.927E-04
 0.243E+05 0.500E+00 0.295E-09 0.363E-10 0.927E-04
 0.253E+05 0.500E+00 0.276E-09 0.340E-10 0.927E-04
 0.263E+05 0.500E+00 0.259E-09 0.319E-10 0.927E-04
 0.274E+05 0.500E+00 0.243E-09 0.299E-10 0.927E-04
 0.285E+05 0.500E+00 0.228E-09 0.281E-10 0.927E-04
 0.297E+05 0.500E+00 0.214E-09 0.264E-10 0.927E-04
 0.309E+05 0.500E+00 0.202E-09 0.249E-10 0.927E-04
 0.322E+05 0.500E+00 0.190E-09 0.235E-10 0.927E-04
 0.335E+05 0.500E+00 0.179E-09 0.221E-10 0.927E-04
 0.349E+05 0.500E+00 0.169E-09 0.209E-10 0.927E-04
 0.363E+05 0.500E+00 0.159E-09 0.197E-10 0.927E-04
 0.378E+05 0.500E+00 0.151E-09 0.186E-10 0.927E-04
 0.393E+05 0.500E+00 0.142E-09 0.176E-10 0.927E-04
 0.409E+05 0.500E+00 0.135E-09 0.167E-10 0.927E-04
 0.426E+05 0.500E+00 0.127E-09 0.158E-10 0.927E-04
 0.443E+05 0.500E+00 0.121E-09 0.150E-10 0.927E-04
 0.461E+05 0.500E+00 0.114E-09 0.142E-10 0.927E-04
 0.480E+05 0.500E+00 0.108E-09 0.135E-10 0.927E-04
 0.500E+05 0.500E+00 0.103E-09 0.128E-10 0.927E-04
 0.520E+05 0.500E+00 0.976E-10 0.121E-10 0.927E-04
 0.541E+05 0.500E+00 0.927E-10 0.115E-10 0.927E-04
 0.563E+05 0.500E+00 0.880E-10 0.109E-10 0.927E-04
 0.586E+05 0.500E+00 0.837E-10 0.104E-10 0.927E-04
 0.610E+05 0.500E+00 0.795E-10 0.988E-11 0.927E-04
 0.635E+05 0.500E+00 0.756E-10 0.939E-11 0.927E-04
 0.661E+05 0.500E+00 0.719E-10 0.894E-11 0.927E-04
 0.688E+05 0.500E+00 0.684E-10 0.850E-11 0.927E-04
 0.716E+05 0.500E+00 0.651E-10 0.810E-11 0.927E-04
 0.745E+05 0.500E+00 0.620E-10 0.771E-11 0.927E-04
 0.776E+05 0.500E+00 0.591E-10 0.734E-11 0.927E-04
 0.807E+05 0.500E+00 0.563E-10 0.699E-11 0.927E-04
 0.840E+05 0.500E+00 0.536E-10 0.667E-11 0.927E-04
 0.875E+05 0.500E+00 0.511E-10 0.635E-11 0.927E-04
 0.910E+05 0.500E+00 0.487E-10 0.606E-11 0.927E-04
 0.948E+05 0.500E+00 0.465E-10 0.578E-11 0.927E-04
 0.986E+05 0.500E+00 0.443E-10 0.551E-11 0.927E-04
 0.103E+06 0.500E+00 0.423E-10 0.526E-11 0.927E-04
 0.107E+06 0.500E+00 0.403E-10 0.501E-11 0.927E-04
 0.111E+06 0.500E+00 0.385E-10 0.479E-11 0.927E-04
 0.116E+06 0.500E+00 0.367E-10 0.457E-11 0.927E-04
 0.120E+06 0.500E+00 0.351E-10 0.436E-11 0.927E-04
 0.125E+06 0.500E+00 0.335E-10 0.416E-11 0.927E-04
 0.130E+06 0.500E+00 0.320E-10 0.398E-11 0.927E-04
 0.136E+06 0.500E+00 0.306E-10 0.380E-11 0.927E-04
 0.141E+06 0.500E+00 0.292E-10 0.363E-11 0.927E-04
 0.147E+06 0.500E+00 0.279E-10 0.347E-11 0.927E-04
 0.153E+06 0.500E+00 0.267E-10 0.331E-11 0.927E-04
 0.159E+06 0.500E+00 0.255E-10 0.317E-11 0.927E-04
 0.166E+06 0.500E+00 0.244E-10 0.303E-11 0.927E-04
 0.173E+06 0.500E+00 0.233E-10 0.289E-11 0.927E-04
 0.180E+06 0.500E+00 0.223E-10 0.277E-11 0.927E-04
 0.187E+06 0.500E+00 0.213E-10 0.265E-11 0.927E-04
 0.195E+06 0.500E+00 0.204E-10 0.253E-11 0.927E-04
 0.203E+06 0.500E+00 0.195E-10 0.242E-11 0.927E-04
 0.211E+06 0.500E+00 0.187E-10 0.232E-11 0.927E-04
 0.219E+06 0.500E+00 0.178E-10 0.222E-11 0.927E-04
 0.228E+06 0.500E+00 0.171E-10 0.212E-11 0.927E-04
 0.238E+06 0.500E+00 0.163E-10 0.203E-11 0.927E-04
 0.247E+06 0.500E+00 0.156E-10 0.194E-11 0.927E-04
 0.258E+06 0.500E+00 0.150E-10 0.186E-11 0.927E-04
 0.268E+06 0.500E+00 0.143E-10 0.178E-11 0.927E-04
 0.279E+06 0.500E+00 0.137E-10 0.170E-11 0.927E-04
 0.290E+06 0.500E+00 0.131E-10 0.163E-11 0.927E-04
 0.302E+06 0.500E+00 0.126E-10 0.156E-11 0.927E-04
 0.315E+06 0.500E+00 0.120E-10 0.149E-11 0.927E-04
 0.327E+06 0.500E+00 0.115E-10 0.143E-11 0.927E-04
 0.341E+06 0.500E+00 0.110E-10 0.137E-11 0.927E-04
 0.355E+06 0.500E+00 0.106E-10 0.131E-11 0.927E-04
 0.369E+06 0.500E+00 0.101E-10 0.126E-11 0.927E-04
 0.384E+06 0.500E+00 0.971E-11 0.120E-11 0.927E-04
 0.400E+06 0.500E+00 0.930E-11 0.115E-11 0.927E-04
 0.416E+06 0.500E+00 0.891E-11 0.111E-11 0.927E-04
 0.433E+06 0.500E+00 0.854E-11 0.106E-11 0.927E-04
 0.451E+06 0.500E+00 0.818E-11 0.102E-11 0.927E-04
 0.469E+06 0.500E+00 0.784E-11 0.973E-12 0.927E-04
 0.488E+06 0.500E+00 0.752E-11 0.932E-12 0.927E-04
 0.508E+06 0.500E+00 0.720E-11 0.894E-12 0.927E-04
 0.529E+06 0.500E+00 0.690E-11 0.856E-12 0.927E-04
 0.551E+06 0.500E+00 0.662E-11 0.821E-12 0.927E-04
 0.573E+06 0.500E+00 0.634E-11 0.787E-12 0.927E-04
 0.597E+06 0.500E+00 0.608E-11 0.754E-12 0.927E-04
 0.621E+06 0.500E+00 0.583E-11 0.723E-12 0.927E-04
 0.646E+06 0.500E+00 0.559E-11 0.693E-12 0.927E-04
 0.673E+06 0.500E+00 0.536E-11 0.665E-12 0.927E-04
 0.700E+06 0.500E+00 0.514E-11 0.637E-12 0.927E-04
 0.729E+06 0.500E+00 0.493E-11 0.611E-12 0.927E-04
 0.758E+06 0.500E+00 0.472E-11 0.586E-12 0.927E-04
 0.789E+06 0.500E+00 0.453E-11 0.562E-12 0.927E-04
 0.821E+06 0.500E+00 0.435E-11 0.539E-12 0.927E-04
 0.855E+06 0.500E+00 0.417E-11 0.517E-12 0.927E-04
 0.890E+06 0.500E+00 0.400E-11 0.496E-12 0.927E-04
 0.926E+06 0.500E+00 0.383E-11 0.475E-12 0.927E-04
 0.964E+06 0.500E+00 0.368E-11 0.456E-12 0.927E-04
 0.100E+07 0.500E+00 0.353E-11 0.437E-12 0.927E-04
 0.104E+07 0.500E+00 0.338E-11 0.420E-12 0.927E-04
 0.109E+07 0.500E+00 0.325E-11 0.402E-12 0.927E-04
 0.113E+07 0.500E+00 0.311E-11 0.386E-12 0.927E-04
 0.118E+07 0.500E+00 0.299E-11 0.370E-12 0.927E-04
 0.123E+07 0.500E+00 0.287E-11 0.355E-12 0.927E-04
 0.128E+07 0.500E+00 0.275E-11 0.341E-12 0.927E-04
 0.133E+07 0.500E+00 0.264E-11 0.327E-12 0.927E-04
 0.138E+07 0.500E+00 0.253E-11 0.314E-12 0.927E-04
 0.144E+07 0.500E+00 0.243E-11 0.301E-12 0.927E-04
 0.150E+07 0.500E+00 0.233E-11 0.289E-12 0.927E-04
 0.156E+07 0.500E+00 0.224E-11 0.277E-12 0.927E-04
 0.162E+07 0.500E+00 0.214E-11 0.266E-12 0.927E-04
 0.169E+07 0.500E+00 0.206E-11 0.255E-12 0.927E-04
 0.176E+07 0.500E+00 0.198E-11 0.245E-12 0.927E-04
 0.183E+07 0.500E+00 0.190E-11 0.235E-12 0.927E-04
 0.190E+07 0.500E+00 0.182E-11 0.226E-12 0.927E-04
 0.198E+07 0.500E+00 0.175E-11 0.216E-12 0.927E-04
 0.206E+07 0.500E+00 0.168E-11 0.208E-12 0.927E-04
 0.215E+07 0.500E+00 0.161E-11 0.199E-12 0.927E-04
 0.223E+07 0.500E+00 0.154E-11 0.191E-12 0.927E-04
 0.232E+07 0.500E+00 0.148E-11 0.184E-12 0.927E-04
 0.242E+07 0.500E+00 0.142E-11 0.176E-12 0.927E-04
 0.252E+07 0.500E+00 0.136E-11 0.169E-12 0.927E-04
 0.262E+07 0.500E+00 0.131E-11 0.162E-12 0.927E-04
 0.273E+07 0.500E+00 0.126E-11 0.156E-12 0.927E-04
 0.284E+07 0.500E+00 0.121E-11 0.150E-12 0.927E-04
 0.295E+07 0.500E+00 0.116E-11 0.144E-12 0.927E-04
 0.308E+07 0.500E+00 0.111E-11 0.138E-12 0.927E-04
 0.320E+07 0.500E+00 0.107E-11 0.132E-12 0.927E-04
 0.333E+07 0.500E+00 0.102E-11 0.127E-12 0.927E-04
 0.347E+07 0.500E+00 0.984E-12 0.122E-12 0.927E-04
 0.361E+07 0.500E+00 0.944E-12 0.117E-12 0.927E-04
 0.376E+07 0.500E+00 0.907E-12 0.112E-12 0.927E-04
 0.391E+07 0.500E+00 0.870E-12 0.108E-12 0.927E-04
 0.407E+07 0.500E+00 0.836E-12 0.104E-12 0.927E-04
 0.423E+07 0.500E+00 0.802E-12 0.995E-13 0.927E-04
 0.441E+07 0.500E+00 0.770E-12 0.956E-13 0.927E-04
 0.459E+07 0.500E+00 0.740E-12 0.917E-13 0.927E-04
 0.477E+07 0.500E+00 0.710E-12 0.881E-13 0.927E-04
 0.497E+07 0.500E+00 0.682E-12 0.846E-13 0.927E-04
 0.517E+07 0.500E+00 0.655E-12 0.812E-13 0.927E-04
 0.538E+07 0.500E+00 0.628E-12 0.780E-13 0.927E-04
 0.560E+07 0.500E+00 0.603E-12 0.749E-13 0.927E-04
 0.583E+07 0.500E+00 0.579E-12 0.719E-13 0.927E-04
 0.607E+07 0.500E+00 0.556E-12 0.690E-13 0.927E-04
 0.632E+07 0.500E+00 0.534E-12 0.663E-13 0.927E-04
 0.658E+07 0.500E+00 0.513E-12 0.636E-13 0.927E-04
 0.684E+07 0.500E+00 0.493E-12 0.611E-13 0.927E-04
 0.712E+07 0.500E+00 0.473E-12 0.587E-13 0.927E-04
 0.741E+07 0.500E+00 0.454E-12 0.564E-13 0.927E-04
 0.772E+07 0.500E+00 0.436E-12 0.541E-13 0.927E-04
 0.803E+07 0.500E+00 0.419E-12 0.520E-13 0.927E-04
 0.836E+07 0.500E+00 0.402E-12 0.499E-13 0.927E-04
 0.870E+07 0.500E+00 0.386E-12 0.479E-13 0.927E-04
 0.905E+07 0.500E+00 0.371E-12 0.460E-13 0.927E-04
 0.942E+07 0.500E+00 0.356E-12 0.442E-13 0.927E-04
 0.981E+07 0.500E+00 0.342E-12 0.425E-13 0.927E-04
 0.102E+08 0.500E+00 0.328E-12 0.408E-13 0.927E-04
 0.106E+08 0.500E+00 0.315E-12 0.392E-13 0.927E-04
 0.111E+08 0.500E+00 0.303E-12 0.376E-13 0.927E-04
 0.115E+08 0.500E+00 0.291E-12 0.361E-13 0.927E-04
 0.120E+08 0.500E+00 0.279E-12 0.347E-13 0.927E-04
 0.125E+08 0.500E+00 0.268E-12 0.333E-13 0.927E-04
 0.130E+08 0.500E+00 0.258E-12 0.320E-13 0.927E-04
 0.135E+08 0.500E+00 0.247E-12 0.307E-13 0.927E-04
 0.141E+08 0.500E+00 0.238E-12 0.295E-13 0.927E-04
 0.146E+08 0.500E+00 0.228E-12 0.283E-13 0.927E-04
 0.152E+08 0.500E+00 0.219E-12 0.272E-13 0.927E-04
 0.159E+08 0.500E+00 0.211E-12 0.262E-13 0.927E-04
 0.165E+08 0.500E+00 0.202E-12 0.251E-13 0.927E-04
 0.172E+08 0.500E+00 0.194E-12 0.241E-13 0.927E-04
 0.179E+08 0.500E+00 0.187E-12 0.232E-13 0.927E-04
 0.186E+08 0.500E+00 0.179E-12 0.223E-13 0.927E-04
 0.194E+08 0.500E+00 0.172E-12 0.214E-13 0.927E-04
 0.202E+08 0.500E+00 0.165E-12 0.205E-13 0.927E-04
 0.210E+08 0.500E+00 0.159E-12 0.197E-13 0.927E-04
 0.218E+08 0.500E+00 0.152E-12 0.189E-13 0.927E-04
 0.227E+08 0.500E+00 0.146E-12 0.182E-13 0.927E-04
 0.236E+08 0.500E+00 0.141E-12 0.175E-13 0.927E-04
 0.246E+08 0.500E+00 0.135E-12 0.168E-13 0.927E-04
 0.256E+08 0.500E+00 0.130E-12 0.161E-13 0.927E-04
 0.267E+08 0.500E+00 0.125E-12 0.155E-13 0.927E-04
 0.278E+08 0.500E+00 0.120E-12 0.149E-13 0.927E-04
 0.289E+08 0.500E+00 0.115E-12 0.143E-13 0.927E-04
 0.301E+08 0.500E+00 0.110E-12 0.137E-13 0.927E-04
 0.313E+08 0.500E+00 0.106E-12 0.132E-13 0.927E-04
 0.326E+08 0.500E+00 0.102E-12 0.127E-13 0.927E-04
 0.339E+08 0.500E+00 0.979E-13 0.122E-13 0.927E-04
 0.353E+08 0.500E+00 0.940E-13 0.117E-13 0.927E-04
 0.367E+08 0.500E+00 0.903E-13 0.112E-13 0.927E-04
 0.382E+08 0.500E+00 0.868E-13 0.108E-13 0.927E-04
 0.398E+08 0.500E+00 0.833E-13 0.104E-13 0.927E-04
 0.414E+08 0.500E+00 0.801E-13 0.996E-14 0.927E-04
 0.431E+08 0.500E+00 0.769E-13 0.957E-14 0.927E-04
 0.448E+08 0.500E+00 0.739E-13 0.919E-14 0.927E-04
 0.467E+08 0.500E+00 0.710E-13 0.883E-14 0.927E-04
 0.486E+08 0.500E+00 0.682E-13 0.848E-14 0.927E-04
 0.506E+08 0.500E+00 0.655E-13 0.815E-14 0.927E-04
 0.526E+08 0.500E+00 0.629E-13 0.783E-14 0.927E-04
 0.548E+08 0.500E+00 0.604E-13 0.752E-14 0.927E-04
 0.570E+08 0.500E+00 0.580E-13 0.723E-14 0.927E-04
 0.593E+08 0.500E+00 0.557E-13 0.694E-14 0.927E-04
 0.618E+08 0.500E+00 0.536E-13 0.667E-14 0.927E-04
 0.643E+08 0.500E+00 0.514E-13 0.641E-14 0.927E-04
 0.669E+08 0.500E+00 0.494E-13 0.616E-14 0.927E-04
 0.696E+08 0.500E+00 0.475E-13 0.591E-14 0.927E-04
 0.725E+08 0.500E+00 0.456E-13 0.568E-14 0.927E-04
 0.754E+08 0.500E+00 0.438E-13 0.546E-14 0.927E-04
 0.785E+08 0.500E+00 0.421E-13 0.524E-14 0.927E-04
 0.817E+08 0.500E+00 0.404E-13 0.504E-14 0.927E-04
 0.851E+08 0.500E+00 0.388E-13 0.484E-14 0.927E-04
 0.885E+08 0.500E+00 0.373E-13 0.465E-14 0.927E-04
 0.921E+08 0.500E+00 0.358E-13 0.447E-14 0.927E-04
 0.959E+08 0.500E+00 0.344E-13 0.429E-14 0.927E-04
 0.998E+08 0.500E+00 0.331E-13 0.412E-14 0.927E-04
 0.104E+09 0.500E+00 0.318E-13 0.396E-14 0.927E-04
 0.108E+09 0.500E+00 0.305E-13 0.381E-14 0.927E-04
 0.113E+09 0.500E+00 0.293E-13 0.366E-14 0.927E-04
 0.117E+09 0.500E+00 0.282E-13 0.351E-14 0.927E-04
 0.122E+09 0.500E+00 0.271E-13 0.338E-14 0.927E-04
 0.127E+09 0.500E+00 0.260E-13 0.324E-14 0.927E-04
 0.132E+09 0.500E+00 0.250E-13 0.312E-14 0.927E-04
 0.137E+09 0.500E+00 0.240E-13 0.299E-14 0.927E-04
 0.143E+09 0.500E+00 0.230E-13 0.288E-14 0.927E-04
 0.149E+09 0.500E+00 0.221E-13 0.276E-14 0.927E-04
 0.155E+09 0.500E+00 0.213E-13 0.266E-14 0.927E-04
 0.161E+09 0.500E+00 0.204E-13 0.255E-14 0.927E-04
 0.168E+09 0.500E+00 0.196E-13 0.245E-14 0.927E-04
 0.175E+09 0.500E+00 0.189E-13 0.236E-14 0.927E-04
 0.182E+09 0.500E+00 0.181E-13 0.226E-14 0.927E-04
 0.189E+09 0.500E+00 0.174E-13 0.218E-14 0.927E-04
 0.197E+09 0.500E+00 0.167E-13 0.209E-14 0.927E-04
 0.205E+09 0.500E+00 0.161E-13 0.201E-14 0.927E-04
 0.213E+09 0.500E+00 0.154E-13 0.193E-14 0.927E-04
 0.222E+09 0.500E+00 0.148E-13 0.185E-14 0.927E-04
 0.231E+09 0.500E+00 0.142E-13 0.178E-14 0.927E-04
 0.241E+09 0.500E+00 0.137E-13 0.171E-14 0.927E-04
 0.250E+09 0.500E+00 0.131E-13 0.165E-14 0.927E-04
 0.261E+09 0.500E+00 0.126E-13 0.158E-14 0.927E-04
 0.271E+09 0.500E+00 0.121E-13 0.152E-14 0.927E-04
 0.282E+09 0.500E+00 0.117E-13 0.146E-14 0.927E-04
 0.294E+09 0.500E+00 0.112E-13 0.140E-14 0.927E-04
 0.306E+09 0.500E+00 0.108E-13 0.135E-14 0.927E-04
 0.318E+09 0.500E+00 0.103E-13 0.130E-14 0.927E-04
 0.331E+09 0.500E+00 0.993E-14 0.124E-14 0.927E-04
 0.345E+09 0.500E+00 0.954E-14 0.120E-14 0.927E-04
 0.359E+09 0.500E+00 0.916E-14 0.115E-14 0.927E-04
 0.374E+09 0.500E+00 0.880E-14 0.110E-14 0.927E-04
 0.389E+09 0.500E+00 0.846E-14 0.106E-14 0.927E-04
 0.405E+09 0.500E+00 0.813E-14 0.102E-14 0.927E-04
 0.421E+09 0.500E+00 0.781E-14 0.980E-15 0.927E-04
 0.438E+09 0.500E+00 0.750E-14 0.942E-15 0.927E-04
 0.456E+09 0.500E+00 0.721E-14 0.905E-15 0.927E-04
 0.475E+09 0.500E+00 0.692E-14 0.870E-15 0.927E-04
 0.494E+09 0.500E+00 0.665E-14 0.836E-15 0.927E-04
 0.515E+09 0.500E+00 0.639E-14 0.803E-15 0.927E-04
 0.536E+09 0.500E+00 0.614E-14 0.772E-15 0.927E-04
 0.557E+09 0.500E+00 0.590E-14 0.742E-15 0.927E-04
 0.580E+09 0.500E+00 0.567E-14 0.713E-15 0.927E-04
 0.604E+09 0.500E+00 0.544E-14 0.685E-15 0.927E-04
 0.628E+09 0.500E+00 0.523E-14 0.658E-15 0.927E-04
 0.654E+09 0.500E+00 0.502E-14 0.633E-15 0.927E-04
 0.681E+09 0.500E+00 0.483E-14 0.608E-15 0.927E-04
 0.709E+09 0.500E+00 0.464E-14 0.584E-15 0.927E-04
 0.737E+09 0.500E+00 0.446E-14 0.562E-15 0.927E-04
 0.768E+09 0.500E+00 0.428E-14 0.540E-15 0.927E-04
 0.799E+09 0.500E+00 0.411E-14 0.519E-15 0.927E-04
 0.831E+09 0.500E+00 0.395E-14 0.499E-15 0.927E-04
 0.865E+09 0.500E+00 0.380E-14 0.479E-15 0.927E-04
 0.901E+09 0.500E+00 0.365E-14 0.461E-15 0.927E-04
 0.937E+09 0.500E+00 0.350E-14 0.443E-15 0.927E-04
 0.976E+09 0.500E+00 0.337E-14 0.425E-15 0.927E-04
 0.102E+10 0.500E+00 0.323E-14 0.409E-15 0.927E-04
 0.106E+10 0.500E+00 0.311E-14 0.393E-15 0.927E-04
 0.110E+10 0.500E+00 0.299E-14 0.378E-15 0.927E-04
 0.115E+10 0.500E+00 0.287E-14 0.363E-15 0.927E-04
 0.119E+10 0.500E+00 0.276E-14 0.349E-15 0.927E-04
 0.124E+10 0.500E+00 0.265E-14 0.335E-15 0.927E-04
 0.129E+10 0.500E+00 0.254E-14 0.322E-15 0.927E-04
 0.134E+10 0.500E+00 0.244E-14 0.310E-15 0.927E-04
 0.140E+10 0.500E+00 0.235E-14 0.298E-15 0.927E-04
 0.146E+10 0.500E+00 0.226E-14 0.286E-15 0.927E-04
 0.151E+10 0.500E+00 0.217E-14 0.275E-15 0.927E-04
 0.158E+10 0.500E+00 0.208E-14 0.264E-15 0.927E-04
 0.164E+10 0.500E+00 0.200E-14 0.254E-15 0.927E-04
 0.171E+10 0.500E+00 0.192E-14 0.244E-15 0.927E-04
 0.178E+10 0.500E+00 0.185E-14 0.235E-15 0.927E-04
 0.185E+10 0.500E+00 0.177E-14 0.226E-15 0.927E-04
 0.193E+10 0.500E+00 0.170E-14 0.217E-15 0.927E-04
 0.200E+10 0.500E+00 0.164E-14 0.208E-15 0.927E-04
 0.209E+10 0.500E+00 0.157E-14 0.200E-15 0.927E-04
 0.217E+10 0.500E+00 0.151E-14 0.193E-15 0.927E-04
 0.226E+10 0.500E+00 0.145E-14 0.185E-15 0.927E-04
 0.235E+10 0.500E+00 0.140E-14 0.178E-15 0.927E-04
 0.245E+10 0.500E+00 0.134E-14 0.171E-15 0.927E-04
 0.255E+10 0.500E+00 0.129E-14 0.165E-15 0.927E-04
 0.265E+10 0.500E+00 0.124E-14 0.158E-15 0.927E-04
 0.276E+10 0.500E+00 0.119E-14 0.152E-15 0.927E-04
 0.287E+10 0.500E+00 0.114E-14 0.146E-15 0.927E-04
 0.299E+10 0.500E+00 0.110E-14 0.140E-15 0.927E-04
 0.311E+10 0.500E+00 0.105E-14 0.135E-15 0.927E-04
 0.324E+10 0.500E+00 0.101E-14 0.130E-15 0.927E-04
 0.337E+10 0.500E+00 0.973E-15 0.125E-15 0.927E-04
 0.351E+10 0.500E+00 0.935E-15 0.120E-15 0.927E-04
 0.365E+10 0.500E+00 0.898E-15 0.115E-15 0.927E-04
 0.380E+10 0.500E+00 0.863E-15 0.111E-15 0.927E-04
 0.396E+10 0.500E+00 0.829E-15 0.107E-15 0.927E-04
 0.412E+10 0.500E+00 0.797E-15 0.103E-15 0.927E-04
 0.429E+10 0.500E+00 0.765E-15 0.986E-16 0.927E-04
 0.446E+10 0.500E+00 0.735E-15 0.948E-16 0.927E-04
 0.464E+10 0.500E+00 0.706E-15 0.911E-16 0.927E-04
 0.483E+10 0.500E+00 0.679E-15 0.876E-16 0.927E-04
 0.503E+10 0.500E+00 0.652E-15 0.842E-16 0.927E-04
 0.523E+10 0.500E+00 0.626E-15 0.810E-16 0.927E-04
 0.545E+10 0.500E+00 0.602E-15 0.779E-16 0.927E-04
 0.567E+10 0.500E+00 0.578E-15 0.749E-16 0.927E-04
 0.590E+10 0.500E+00 0.556E-15 0.720E-16 0.927E-04
 0.614E+10 0.500E+00 0.534E-15 0.692E-16 0.927E-04
 0.639E+10 0.500E+00 0.513E-15 0.666E-16 0.927E-04
 0.665E+10 0.500E+00 0.493E-15 0.640E-16 0.927E-04
 0.693E+10 0.500E+00 0.473E-15 0.615E-16 0.927E-04
 0.721E+10 0.500E+00 0.455E-15 0.592E-16 0.927E-04
 0.750E+10 0.500E+00 0.437E-15 0.569E-16 0.927E-04
 0.781E+10 0.500E+00 0.420E-15 0.547E-16 0.927E-04
 0.813E+10 0.500E+00 0.403E-15 0.526E-16 0.927E-04
 0.846E+10 0.500E+00 0.388E-15 0.506E-16 0.927E-04
 0.880E+10 0.500E+00 0.372E-15 0.487E-16 0.927E-04
 0.916E+10 0.500E+00 0.358E-15 0.468E-16 0.927E-04
 0.954E+10 0.500E+00 0.344E-15 0.450E-16 0.927E-04
 0.993E+10 0.500E+00 0.330E-15 0.433E-16 0.927E-04
 0.103E+11 0.500E+00 0.317E-15 0.416E-16 0.927E-04
 0.108E+11 0.500E+00 0.305E-15 0.400E-16 0.927E-04
 0.112E+11 0.500E+00 0.293E-15 0.385E-16 0.927E-04
 0.116E+11 0.500E+00 0.281E-15 0.370E-16 0.927E-04
 0.121E+11 0.500E+00 0.270E-15 0.356E-16 0.927E-04
 0.126E+11 0.500E+00 0.260E-15 0.342E-16 0.927E-04
 0.131E+11 0.500E+00 0.250E-15 0.329E-16 0.927E-04
 0.137E+11 0.500E+00 0.240E-15 0.317E-16 0.927E-04
 0.142E+11 0.500E+00 0.230E-15 0.305E-16 0.927E-04
 0.148E+11 0.500E+00 0.221E-15 0.294E-16 0.927E-04
 0.154E+11 0.500E+00 0.213E-15 0.283E-16 0.927E-04
 0.160E+11 0.500E+00 0.204E-15 0.272E-16 0.927E-04
 0.167E+11 0.500E+00 0.196E-15 0.263E-16 0.927E-04
 0.174E+11 0.500E+00 0.189E-15 0.253E-16 0.927E-04
 0.181E+11 0.500E+00 0.181E-15 0.244E-16 0.927E-04
 0.188E+11 0.500E+00 0.174E-15 0.235E-16 0.927E-04
 0.196E+11 0.500E+00 0.167E-15 0.227E-16 0.927E-04
 0.204E+11 0.500E+00 0.161E-15 0.219E-16 0.927E-04
 0.212E+11 0.500E+00 0.154E-15 0.212E-16 0.927E-04
 0.221E+11 0.500E+00 0.148E-15 0.204E-16 0.927E-04
 0.230E+11 0.500E+00 0.143E-15 0.197E-16 0.927E-04
 0.239E+11 0.500E+00 0.137E-15 0.191E-16 0.927E-04
 0.249E+11 0.500E+00 0.132E-15 0.184E-16 0.927E-04
 0.259E+11 0.500E+00 0.126E-15 0.178E-16 0.927E-04
 0.270E+11 0.500E+00 0.122E-15 0.172E-16 0.927E-04
 0.281E+11 0.500E+00 0.117E-15 0.166E-16 0.927E-04
 0.292E+11 0.500E+00 0.112E-15 0.161E-16 0.927E-04
 0.304E+11 0.500E+00 0.108E-15 0.155E-16 0.927E-04
 0.316E+11 0.500E+00 0.104E-15 0.150E-16 0.927E-04
 0.329E+11 0.500E+00 0.995E-16 0.146E-16 0.927E-04
 0.343E+11 0.500E+00 0.956E-16 0.141E-16 0.927E-04
 0.357E+11 0.500E+00 0.919E-16 0.136E-16 0.927E-04
 0.371E+11 0.500E+00 0.882E-16 0.132E-16 0.927E-04
 0.386E+11 0.500E+00 0.848E-16 0.128E-16 0.927E-04
 0.402E+11 0.500E+00 0.815E-16 0.124E-16 0.927E-04
 0.418E+11 0.500E+00 0.783E-16 0.120E-16 0.927E-04
 0.435E+11 0.500E+00 0.752E-16 0.117E-16 0.927E-04
 0.453E+11 0.500E+00 0.723E-16 0.113E-16 0.927E-04
 0.471E+11 0.500E+00 0.694E-16 0.110E-16 0.927E-04
 0.491E+11 0.500E+00 0.667E-16 0.106E-16 0.927E-04
 0.511E+11 0.500E+00 0.641E-16 0.103E-16 0.927E-04
 0.531E+11 0.500E+00 0.616E-16 0.100E-16 0.927E-04
 0.553E+11 0.500E+00 0.592E-16 0.974E-17 0.927E-04
 0.576E+11 0.500E+00 0.568E-16 0.946E-17 0.927E-04
 0.599E+11 0.500E+00 0.546E-16 0.919E-17 0.927E-04
 0.623E+11 0.500E+00 0.525E-16 0.893E-17 0.927E-04
 0.649E+11 0.500E+00 0.504E-16 0.869E-17 0.927E-04
 0.675E+11 0.500E+00 0.484E-16 0.845E-17 0.927E-04
 0.703E+11 0.500E+00 0.465E-16 0.822E-17 0.927E-04
 0.731E+11 0.500E+00 0.447E-16 0.800E-17 0.927E-04
 0.761E+11 0.500E+00 0.430E-16 0.778E-17 0.927E-04
 0.792E+11 0.500E+00 0.413E-16 0.758E-17 0.927E-04
 0.824E+11 0.500E+00 0.397E-16 0.738E-17 0.927E-04
 0.858E+11 0.500E+00 0.381E-16 0.719E-17 0.927E-04
 0.893E+11 0.500E+00 0.366E-16 0.701E-17 0.927E-04
 0.929E+11 0.500E+00 0.352E-16 0.683E-17 0.927E-04
 0.967E+11 0.500E+00 0.338E-16 0.666E-17 0.927E-04
 0.101E+12 0.500E+00 0.325E-16 0.650E-17 0.927E-04
 0.105E+12 0.500E+00 0.312E-16 0.635E-17 0.927E-04
 0.109E+12 0.500E+00 0.299E-16 0.622E-17 0.927E-04
 0.113E+12 0.500E+00 0.288E-16 0.609E-17 0.927E-04
 0.118E+12 0.500E+00 0.276E-16 0.596E-17 0.927E-04
 0.123E+12 0.500E+00 0.265E-16 0.585E-17 0.927E-04
 0.128E+12 0.500E+00 0.255E-16 0.574E-17 0.927E-04
 0.133E+12 0.500E+00 0.245E-16 0.564E-17 0.927E-04
 0.139E+12 0.500E+00 0.235E-16 0.555E-17 0.927E-04
 0.144E+12 0.500E+00 0.226E-16 0.546E-17 0.927E-04
 0.150E+12 0.500E+00 0.217E-16 0.538E-17 0.927E-04
 0.156E+12 0.500E+00 0.208E-16 0.530E-17 0.927E-04
 0.163E+12 0.500E+00 0.200E-16 0.523E-17 0.927E-04
 0.169E+12 0.500E+00 0.192E-16 0.516E-17 0.927E-04
 0.176E+12 0.500E+00 0.185E-16 0.509E-17 0.927E-04
 0.183E+12 0.500E+00 0.177E-16 0.503E-17 0.927E-04
 0.191E+12 0.500E+00 0.170E-16 0.497E-17 0.927E-04
 0.199E+12 0.500E+00 0.164E-16 0.492E-17 0.927E-04
 0.207E+12 0.500E+00 0.157E-16 0.487E-17 0.927E-04
 0.215E+12 0.500E+00 0.151E-16 0.482E-17 0.927E-04
 0.224E+12 0.500E+00 0.145E-16 0.478E-17 0.927E-04
 0.233E+12 0.500E+00 0.139E-16 0.474E-17 0.927E-04
 0.243E+12 0.500E+00 0.134E-16 0.470E-17 0.927E-04
 0.252E+12 0.500E+00 0.128E-16 0.466E-17 0.927E-04
 0.263E+12 0.500E+00 0.123E-16 0.463E-17 0.927E-04
 0.274E+12 0.500E+00 0.118E-16 0.460E-17 0.927E-04
 0.285E+12 0.500E+00 0.114E-16 0.457E-17 0.927E-04
 0.296E+12 0.500E+00 0.109E-16 0.454E-17 0.927E-04
 0.308E+12 0.500E+00 0.105E-16 0.451E-17 0.927E-04
 0.321E+12 0.500E+00 0.101E-16 0.449E-17 0.927E-04
 0.334E+12 0.500E+00 0.966E-17 0.446E-17 0.927E-04
 0.348E+12 0.500E+00 0.928E-17 0.444E-17 0.927E-04
 0.362E+12 0.500E+00 0.891E-17 0.442E-17 0.927E-04
 0.377E+12 0.500E+00 0.855E-17 0.440E-17 0.927E-04
 0.392E+12 0.500E+00 0.821E-17 0.438E-17 0.927E-04
 0.408E+12 0.500E+00 0.788E-17 0.437E-17 0.927E-04
 0.425E+12 0.500E+00 0.757E-17 0.435E-17 0.927E-04
 0.442E+12 0.500E+00 0.727E-17 0.433E-17 0.927E-04
 0.460E+12 0.500E+00 0.698E-17 0.432E-17 0.927E-04
 0.479E+12 0.500E+00 0.670E-17 0.431E-17 0.927E-04
 0.498E+12 0.500E+00 0.643E-17 0.430E-17 0.927E-04
 0.519E+12 0.500E+00 0.617E-17 0.428E-17 0.927E-04
 0.540E+12 0.500E+00 0.593E-17 0.427E-17 0.927E-04
 0.562E+12 0.500E+00 0.569E-17 0.426E-17 0.927E-04
 0.585E+12 0.500E+00 0.546E-17 0.425E-17 0.927E-04
 0.609E+12 0.500E+00 0.525E-17 0.424E-17 0.927E-04
 0.634E+12 0.500E+00 0.504E-17 0.424E-17 0.927E-04
 0.659E+12 0.500E+00 0.484E-17 0.423E-17 0.927E-04
 0.686E+12 0.500E+00 0.464E-17 0.422E-17 0.927E-04
 0.714E+12 0.500E+00 0.446E-17 0.421E-17 0.927E-04
 0.743E+12 0.500E+00 0.428E-17 0.421E-17 0.927E-04
 0.774E+12 0.500E+00 0.411E-17 0.420E-17 0.927E-04
 0.805E+12 0.500E+00 0.394E-17 0.419E-17 0.927E-04
 0.838E+12 0.500E+00 0.379E-17 0.419E-17 0.927E-04
 0.872E+12 0.500E+00 0.363E-17 0.418E-17 0.927E-04
 0.908E+12 0.500E+00 0.349E-17 0.418E-17 0.927E-04
 0.945E+12 0.500E+00 0.335E-17 0.417E-17 0.927E-04
 0.984E+12 0.500E+00 0.322E-17 0.416E-17 0.927E-04
 0.102E+13 0.500E+00 0.309E-17 0.416E-17 0.927E-04
 0.107E+13 0.500E+00 0.296E-17 0.415E-17 0.927E-04
 0.111E+13 0.500E+00 0.285E-17 0.414E-17 0.927E-04
 0.115E+13 0.500E+00 0.273E-17 0.414E-17 0.927E-04
 0.120E+13 0.500E+00 0.262E-17 0.413E-17 0.927E-04
 0.125E+13 0.500E+00 0.252E-17 0.412E-17 0.927E-04
 0.130E+13 0.500E+00 0.242E-17 0.411E-17 0.927E-04
 0.135E+13 0.500E+00 0.232E-17 0.410E-17 0.927E-04
 0.141E+13 0.500E+00 0.223E-17 0.409E-17 0.927E-04
 0.147E+13 0.500E+00 0.214E-17 0.407E-17 0.927E-04
 0.153E+13 0.500E+00 0.205E-17 0.406E-17 0.927E-04
 0.159E+13 0.500E+00 0.197E-17 0.404E-17 0.927E-04
 0.165E+13 0.500E+00 0.189E-17 0.403E-17 0.927E-04
 0.172E+13 0.500E+00 0.182E-17 0.401E-17 0.927E-04
 0.179E+13 0.500E+00 0.174E-17 0.399E-17 0.927E-04
 0.187E+13 0.500E+00 0.167E-17 0.397E-17 0.927E-04
 0.194E+13 0.500E+00 0.161E-17 0.394E-17 0.927E-04
 0.202E+13 0.500E+00 0.154E-17 0.392E-17 0.927E-04
 0.210E+13 0.500E+00 0.148E-17 0.389E-17 0.927E-04
 0.219E+13 0.500E+00 0.142E-17 0.386E-17 0.927E-04
 0.228E+13 0.500E+00 0.136E-17 0.383E-17 0.927E-04
 0.237E+13 0.500E+00 0.131E-17 0.380E-17 0.927E-04
 0.247E+13 0.500E+00 0.126E-17 0.376E-17 0.927E-04
 0.257E+13 0.500E+00 0.121E-17 0.373E-17 0.927E-04
 0.267E+13 0.500E+00 0.116E-17 0.369E-17 0.927E-04
 0.278E+13 0.500E+00 0.111E-17 0.365E-17 0.927E-04
 0.290E+13 0.500E+00 0.107E-17 0.361E-17 0.927E-04
 0.301E+13 0.500E+00 0.102E-17 0.357E-17 0.927E-04
 0.314E+13 0.500E+00 0.982E-18 0.353E-17 0.927E-04
 0.327E+13 0.500E+00 0.943E-18 0.349E-17 0.927E-04
 0.340E+13 0.500E+00 0.905E-18 0.345E-17 0.927E-04
 0.354E+13 0.500E+00 0.868E-18 0.340E-17 0.927E-04
 0.368E+13 0.500E+00 0.833E-18 0.336E-17 0.927E-04
 0.383E+13 0.500E+00 0.800E-18 0.331E-17 0.927E-04
 0.399E+13 0.500E+00 0.767E-18 0.326E-17 0.927E-04
 0.415E+13 0.500E+00 0.736E-18 0.322E-17 0.927E-04
 0.432E+13 0.500E+00 0.707E-18 0.317E-17 0.927E-04
 0.450E+13 0.500E+00 0.678E-18 0.312E-17 0.927E-04
 0.468E+13 0.500E+00 0.651E-18 0.307E-17 0.927E-04
 0.487E+13 0.500E+00 0.624E-18 0.303E-17 0.927E-04
 0.507E+13 0.500E+00 0.599E-18 0.298E-17 0.927E-04
 0.528E+13 0.500E+00 0.574E-18 0.293E-17 0.927E-04
 0.549E+13 0.500E+00 0.551E-18 0.288E-17 0.927E-04
 0.572E+13 0.500E+00 0.529E-18 0.283E-17 0.927E-04
 0.595E+13 0.500E+00 0.507E-18 0.279E-17 0.927E-04
 0.619E+13 0.500E+00 0.486E-18 0.274E-17 0.927E-04
 0.645E+13 0.500E+00 0.466E-18 0.269E-17 0.927E-04
 0.671E+13 0.500E+00 0.447E-18 0.264E-17 0.927E-04
 0.698E+13 0.500E+00 0.429E-18 0.260E-17 0.927E-04
 0.727E+13 0.500E+00 0.411E-18 0.255E-17 0.927E-04
 0.757E+13 0.500E+00 0.394E-18 0.250E-17 0.927E-04
 0.787E+13 0.500E+00 0.377E-18 0.246E-17 0.927E-04
 0.820E+13 0.500E+00 0.361E-18 0.241E-17 0.927E-04
 0.853E+13 0.500E+00 0.345E-18 0.236E-17 0.927E-04
 0.888E+13 0.500E+00 0.330E-18 0.231E-17 0.927E-04
 0.924E+13 0.500E+00 0.315E-18 0.226E-17 0.927E-04
 0.962E+13 0.500E+00 0.300E-18 0.221E-17 0.927E-04
 0.100E+14 0.500E+00 0.285E-18 0.215E-17 0.927E-04
 0.104E+14 0.500E+00 0.269E-18 0.209E-17 0.927E-04
 0.108E+14 0.500E+00 0.253E-18 0.202E-17 0.927E-04
 0.113E+14 0.500E+00 0.236E-18 0.194E-17 0.927E-04
 0.117E+14 0.500E+00 0.218E-18 0.186E-17 0.927E-04
 0.122E+14 0.500E+00 0.200E-18 0.176E-17 0.927E-04
 0.127E+14 0.500E+00 0.180E-18 0.165E-17 0.927E-04
 0.132E+14 0.500E+00 0.161E-18 0.154E-17 0.926E-04
 0.138E+14 0.500E+00 0.142E-18 0.143E-17 0.926E-04
 0.143E+14 0.500E+00 0.125E-18 0.132E-17 0.926E-04
 0.149E+14 0.500E+00 0.111E-18 0.122E-17 0.926E-04
 0.155E+14 0.500E+00 0.996E-19 0.115E-17 0.926E-04
 0.162E+14 0.500E+00 0.911E-19 0.109E-17 0.925E-04
 0.168E+14 0.500E+00 0.851E-19 0.105E-17 0.925E-04
 0.175E+14 0.500E+00 0.807E-19 0.102E-17 0.924E-04
 0.182E+14 0.500E+00 0.771E-19 0.100E-17 0.924E-04
 0.190E+14 0.500E+00 0.740E-19 0.985E-18 0.923E-04
 0.198E+14 0.500E+00 0.710E-19 0.967E-18 0.923E-04
 0.206E+14 0.500E+00 0.682E-19 0.950E-18 0.923E-04
 0.214E+14 0.500E+00 0.655E-19 0.933E-18 0.923E-04
 0.223E+14 0.500E+00 0.630E-19 0.916E-18 0.923E-04
 0.232E+14 0.500E+00 0.605E-19 0.900E-18 0.923E-04
 0.241E+14 0.500E+00 0.581E-19 0.884E-18 0.923E-04
 0.251E+14 0.500E+00 0.558E-19 0.868E-18 0.923E-04
 0.261E+14 0.500E+00 0.536E-19 0.853E-18 0.923E-04
 0.272E+14 0.500E+00 0.515E-19 0.838E-18 0.923E-04
 0.283E+14 0.500E+00 0.495E-19 0.823E-18 0.923E-04
 0.295E+14 0.500E+00 0.476E-19 0.808E-18 0.923E-04
 0.307E+14 0.500E+00 0.457E-19 0.794E-18 0.923E-04
 0.319E+14 0.500E+00 0.439E-19 0.780E-18 0.923E-04
 0.332E+14 0.500E+00 0.422E-19 0.766E-18 0.923E-04
 0.346E+14 0.500E+00 0.405E-19 0.753E-18 0.923E-04
 0.360E+14 0.500E+00 0.389E-19 0.740E-18 0.923E-04
 0.375E+14 0.500E+00 0.374E-19 0.727E-18 0.923E-04
 0.390E+14 0.500E+00 0.359E-19 0.714E-18 0.923E-04
 0.406E+14 0.500E+00 0.345E-19 0.702E-18 0.923E-04
 0.422E+14 0.500E+00 0.332E-19 0.690E-18 0.923E-04
 0.440E+14 0.500E+00 0.319E-19 0.678E-18 0.923E-04
 0.458E+14 0.500E+00 0.306E-19 0.667E-18 0.923E-04
 0.476E+14 0.500E+00 0.294E-19 0.655E-18 0.923E-04
 0.496E+14 0.500E+00 0.283E-19 0.644E-18 0.923E-04
 0.516E+14 0.500E+00 0.272E-19 0.633E-18 0.923E-04
 0.537E+14 0.500E+00 0.261E-19 0.623E-18 0.923E-04
 0.559E+14 0.500E+00 0.251E-19 0.612E-18 0.923E-04
 0.582E+14 0.500E+00 0.241E-19 0.602E-18 0.923E-04
 0.606E+14 0.500E+00 0.231E-19 0.592E-18 0.923E-04
 0.630E+14 0.500E+00 0.222E-19 0.583E-18 0.923E-04
 0.656E+14 0.500E+00 0.214E-19 0.573E-18 0.923E-04
 0.683E+14 0.500E+00 0.205E-19 0.138E-17 0.923E-04
 0.711E+14 0.500E+00 0.197E-19 0.136E-17 0.923E-04
 0.740E+14 0.500E+00 0.189E-19 0.134E-17 0.923E-04
 0.770E+14 0.500E+00 0.182E-19 0.132E-17 0.923E-04
 0.801E+14 0.500E+00 0.175E-19 0.130E-17 0.923E-04
 0.834E+14 0.500E+00 0.168E-19 0.129E-17 0.923E-04
 0.868E+14 0.500E+00 0.161E-19 0.127E-17 0.923E-04
 0.903E+14 0.500E+00 0.155E-19 0.125E-17 0.923E-04
 0.940E+14 0.500E+00 0.149E-19 0.123E-17 0.923E-04
 0.979E+14 0.500E+00 0.143E-19 0.121E-17 0.923E-04
