 0.100E+00 0.100E-05 0.927E-05 0.123E-20 0.236E-37
 0.100E+00 0.100E-05 0.927E-05 0.106E-19 0.172E-35
 0.100E+00 0.100E-05 0.927E-05 0.899E-19 0.124E-33
 0.100E+00 0.100E-05 0.927E-05 0.764E-18 0.897E-32
 0.100E+00 0.100E-05 0.927E-05 0.650E-17 0.648E-30
 0.100E+00 0.100E-05 0.927E-05 0.504E-16 0.387E-28
 0.100E+00 0.100E-05 0.927E-05 0.325E-15 0.160E-26
 0.100E+00 0.100E-05 0.927E-05 0.202E-14 0.619E-25
 0.100E+00 0.100E-05 0.927E-05 0.125E-13 0.238E-23
 0.100E+00 0.999E-06 0.927E-05 0.764E-13 0.911E-22
 0.100E+00 0.992E-06 0.927E-05 0.438E-12 0.347E-20
 0.100E+00 0.950E-06 0.927E-05 0.181E-11 0.115E-18
 0.100E+00 0.478E-06 0.927E-05 0.279E-11 0.804E-18
 0.100E+00 0.472E-08 0.927E-05 0.292E-11 0.814E-18
 0.100E+00 0.472E-08 0.927E-05 0.509E-11 0.806E-18
 0.104E+00 0.451E-08 0.927E-05 0.218E-10 0.783E-18
 0.107E+00 0.416E-08 0.927E-05 0.300E-10 0.790E-18
 0.110E+00 0.372E-08 0.927E-05 0.363E-10 0.811E-18
 0.113E+00 0.325E-08 0.927E-05 0.415E-10 0.846E-18
 0.118E+00 0.277E-08 0.927E-05 0.461E-10 0.898E-18
 0.123E+00 0.232E-08 0.927E-05 0.503E-10 0.975E-18
 0.131E+00 0.191E-08 0.927E-05 0.545E-10 0.109E-17
 0.141E+00 0.159E-08 0.927E-05 0.589E-10 0.126E-17
 0.156E+00 0.136E-08 0.927E-05 0.642E-10 0.127E-17
 0.184E+00 0.132E-08 0.927E-05 0.719E-10 0.167E-17
 0.225E+00 0.167E-08 0.927E-05 0.827E-10 0.241E-17
 0.274E+00 0.242E-08 0.927E-05 0.955E-10 0.352E-17
 0.335E+00 0.362E-08 0.927E-05 0.111E-09 0.520E-17
 0.409E+00 0.530E-08 0.927E-05 0.129E-09 0.778E-17
 0.500E+00 0.744E-08 0.927E-05 0.151E-09 0.117E-16
 0.610E+00 0.999E-08 0.927E-05 0.176E-09 0.176E-16
 0.746E+00 0.129E-07 0.927E-05 0.207E-09 0.261E-16
 0.911E+00 0.161E-07 0.927E-05 0.242E-09 0.383E-16
 0.110E+01 0.194E-07 0.927E-05 0.281E-09 0.539E-16
 0.129E+01 0.226E-07 0.927E-05 0.319E-09 0.712E-16
 0.149E+01 0.260E-07 0.927E-05 0.358E-09 0.896E-16
 0.170E+01 0.301E-07 0.927E-05 0.396E-09 0.109E-15
 0.191E+01 0.358E-07 0.927E-05 0.433E-09 0.129E-15
 0.213E+01 0.448E-07 0.927E-05 0.470E-09 0.150E-15
 0.236E+01 0.612E-07 0.927E-05 0.507E-09 0.176E-15
 0.259E+01 0.102E-06 0.927E-05 0.543E-09 0.217E-15
 0.282E+01 0.503E-06 0.927E-05 0.579E-09 0.524E-15
 0.305E+01 0.217E-04 0.927E-05 0.621E-09 0.119E-13
 0.326E+01 0.405E-04 0.927E-05 0.658E-09 0.136E-13
 0.347E+01 0.591E-04 0.927E-05 0.692E-09 0.114E-13
 0.369E+01 0.819E-04 0.927E-05 0.724E-09 0.849E-14
 0.393E+01 0.111E-03 0.927E-05 0.756E-09 0.582E-14
 0.418E+01 0.149E-03 0.927E-05 0.789E-09 0.371E-14
 0.445E+01 0.196E-03 0.927E-05 0.823E-09 0.227E-14
 0.474E+01 0.256E-03 0.927E-05 0.860E-09 0.144E-14
 0.507E+01 0.330E-03 0.927E-05 0.899E-09 0.111E-14
 0.545E+01 0.421E-03 0.927E-05 0.943E-09 0.115E-14
 0.589E+01 0.533E-03 0.927E-05 0.991E-09 0.151E-14
 0.643E+01 0.673E-03 0.927E-05 0.105E-08 0.222E-14
 0.708E+01 0.847E-03 0.927E-05 0.112E-08 0.349E-14
 0.788E+01 0.106E-02 0.927E-05 0.120E-08 0.567E-14
 0.885E+01 0.133E-02 0.927E-05 0.130E-08 0.941E-14
 0.100E+02 0.165E-02 0.927E-05 0.142E-08 0.157E-13
 0.113E+02 0.203E-02 0.927E-05 0.156E-08 0.260E-13
 0.129E+02 0.248E-02 0.927E-05 0.171E-08 0.424E-13
 0.148E+02 0.301E-02 0.927E-05 0.189E-08 0.679E-13
 0.170E+02 0.364E-02 0.927E-05 0.209E-08 0.106E-12
 0.196E+02 0.436E-02 0.927E-05 0.231E-08 0.163E-12
 0.226E+02 0.521E-02 0.927E-05 0.257E-08 0.243E-12
 0.261E+02 0.617E-02 0.927E-05 0.287E-08 0.351E-12
 0.303E+02 0.730E-02 0.927E-05 0.321E-08 0.500E-12
 0.353E+02 0.860E-02 0.927E-05 0.360E-08 0.698E-12
 0.414E+02 0.101E-01 0.927E-05 0.406E-08 0.957E-12
 0.487E+02 0.118E-01 0.927E-05 0.459E-08 0.129E-11
 0.575E+02 0.138E-01 0.926E-05 0.521E-08 0.172E-11
 0.682E+02 0.161E-01 0.926E-05 0.594E-08 0.227E-11
 0.812E+02 0.187E-01 0.926E-05 0.681E-08 0.298E-11
 0.971E+02 0.216E-01 0.926E-05 0.784E-08 0.390E-11
 0.117E+03 0.249E-01 0.926E-05 0.907E-08 0.512E-11
 0.141E+03 0.287E-01 0.926E-05 0.105E-07 0.676E-11
 0.170E+03 0.329E-01 0.926E-05 0.123E-07 0.906E-11
 0.207E+03 0.377E-01 0.926E-05 0.145E-07 0.124E-10
 0.252E+03 0.429E-01 0.925E-05 0.172E-07 0.174E-10
 0.308E+03 0.488E-01 0.925E-05 0.205E-07 0.251E-10
 0.376E+03 0.551E-01 0.925E-05 0.246E-07 0.375E-10
 0.460E+03 0.620E-01 0.924E-05 0.297E-07 0.575E-10
 0.561E+03 0.694E-01 0.923E-05 0.361E-07 0.909E-10
 0.686E+03 0.774E-01 0.923E-05 0.441E-07 0.147E-09
 0.837E+03 0.860E-01 0.922E-05 0.544E-07 0.245E-09
 0.102E+04 0.952E-01 0.920E-05 0.677E-07 0.414E-09
 0.125E+04 0.105E+00 0.918E-05 0.851E-07 0.711E-09
 0.153E+04 0.116E+00 0.916E-05 0.108E-06 0.124E-08
 0.186E+04 0.127E+00 0.913E-05 0.139E-06 0.218E-08
 0.228E+04 0.139E+00 0.909E-05 0.180E-06 0.388E-08
 0.278E+04 0.151E+00 0.903E-05 0.237E-06 0.698E-08
 0.340E+04 0.165E+00 0.894E-05 0.315E-06 0.127E-07
 0.415E+04 0.179E+00 0.882E-05 0.424E-06 0.233E-07
 0.506E+04 0.193E+00 0.865E-05 0.574E-06 0.432E-07
 0.618E+04 0.209E+00 0.840E-05 0.783E-06 0.814E-07
 0.755E+04 0.226E+00 0.805E-05 0.107E-05 0.154E-06
 0.922E+04 0.244E+00 0.754E-05 0.144E-05 0.292E-06
 0.112E+05 0.262E+00 0.683E-05 0.189E-05 0.545E-06
 0.137E+05 0.282E+00 0.589E-05 0.239E-05 0.984E-06
 0.167E+05 0.304E+00 0.472E-05 0.286E-05 0.169E-05
 0.204E+05 0.328E+00 0.339E-05 0.316E-05 0.272E-05
 0.248E+05 0.356E+00 0.208E-05 0.311E-05 0.408E-05
 0.302E+05 0.386E+00 0.996E-06 0.260E-05 0.567E-05
 0.367E+05 0.415E+00 0.183E-06 0.108E-05 0.800E-05
 0.456E+05 0.436E+00 0.672E-08 0.727E-07 0.919E-05
 0.558E+05 0.447E+00 0.368E-08 0.295E-07 0.923E-05
 0.683E+05 0.457E+00 0.248E-08 0.194E-07 0.925E-05
 0.834E+05 0.465E+00 0.173E-08 0.125E-07 0.925E-05
 0.102E+06 0.472E+00 0.123E-08 0.708E-08 0.926E-05
 0.124E+06 0.478E+00 0.882E-09 0.372E-08 0.926E-05
 0.152E+06 0.483E+00 0.641E-09 0.192E-08 0.926E-05
 0.186E+06 0.487E+00 0.471E-09 0.998E-09 0.926E-05
 0.227E+06 0.491E+00 0.350E-09 0.522E-09 0.926E-05
 0.277E+06 0.493E+00 0.260E-09 0.268E-09 0.926E-05
 0.336E+06 0.495E+00 0.196E-09 0.140E-09 0.925E-05
 0.406E+06 0.497E+00 0.150E-09 0.734E-10 0.925E-05
 0.491E+06 0.498E+00 0.114E-09 0.368E-10 0.925E-05
 0.597E+06 0.499E+00 0.860E-10 0.170E-10 0.925E-05
 0.728E+06 0.499E+00 0.641E-10 0.719E-11 0.924E-05
 0.890E+06 0.499E+00 0.477E-10 0.304E-11 0.924E-05
 0.109E+07 0.500E+00 0.356E-10 0.140E-11 0.924E-05
 0.133E+07 0.500E+00 0.268E-10 0.747E-12 0.924E-05
 0.162E+07 0.500E+00 0.204E-10 0.452E-12 0.924E-05
 0.198E+07 0.500E+00 0.156E-10 0.302E-12 0.924E-05
 0.241E+07 0.500E+00 0.120E-10 0.217E-12 0.924E-05
 0.294E+07 0.500E+00 0.925E-11 0.163E-12 0.924E-05
 0.359E+07 0.500E+00 0.719E-11 0.125E-12 0.924E-05
 0.438E+07 0.500E+00 0.562E-11 0.976E-13 0.923E-05
 0.535E+07 0.500E+00 0.442E-11 0.766E-13 0.923E-05
 0.653E+07 0.500E+00 0.350E-11 0.605E-13 0.923E-05
 0.797E+07 0.500E+00 0.278E-11 0.481E-13 0.923E-05
 0.974E+07 0.500E+00 0.221E-11 0.384E-13 0.923E-05
 0.119E+08 0.500E+00 0.177E-11 0.308E-13 0.923E-05
 0.145E+08 0.500E+00 0.142E-11 0.247E-13 0.923E-05
 0.177E+08 0.500E+00 0.114E-11 0.199E-13 0.923E-05
 0.217E+08 0.500E+00 0.919E-12 0.161E-13 0.923E-05
 0.264E+08 0.500E+00 0.742E-12 0.130E-13 0.923E-05
 0.323E+08 0.500E+00 0.600E-12 0.106E-13 0.923E-05
 0.394E+08 0.500E+00 0.486E-12 0.859E-14 0.923E-05
 0.482E+08 0.500E+00 0.394E-12 0.699E-14 0.923E-05
 0.588E+08 0.500E+00 0.320E-12 0.569E-14 0.923E-05
 0.719E+08 0.500E+00 0.260E-12 0.465E-14 0.923E-05
 0.878E+08 0.500E+00 0.211E-12 0.379E-14 0.923E-05
 0.107E+09 0.500E+00 0.172E-12 0.310E-14 0.923E-05
 0.131E+09 0.500E+00 0.140E-12 0.254E-14 0.923E-05
 0.160E+09 0.500E+00 0.114E-12 0.208E-14 0.923E-05
 0.195E+09 0.500E+00 0.929E-13 0.171E-14 0.923E-05
 0.238E+09 0.500E+00 0.757E-13 0.140E-14 0.923E-05
 0.291E+09 0.500E+00 0.618E-13 0.115E-14 0.923E-05
 0.356E+09 0.500E+00 0.504E-13 0.946E-15 0.923E-05
 0.434E+09 0.500E+00 0.411E-13 0.778E-15 0.923E-05
 0.530E+09 0.500E+00 0.336E-13 0.641E-15 0.923E-05
 0.648E+09 0.500E+00 0.274E-13 0.528E-15 0.923E-05
 0.791E+09 0.500E+00 0.224E-13 0.435E-15 0.923E-05
 0.966E+09 0.500E+00 0.183E-13 0.359E-15 0.923E-05
 0.118E+10 0.500E+00 0.149E-13 0.297E-15 0.923E-05
 0.144E+10 0.500E+00 0.122E-13 0.245E-15 0.923E-05
 0.176E+10 0.500E+00 0.998E-14 0.203E-15 0.923E-05
 0.215E+10 0.500E+00 0.816E-14 0.168E-15 0.923E-05
 0.262E+10 0.500E+00 0.667E-14 0.139E-15 0.923E-05
 0.320E+10 0.500E+00 0.545E-14 0.115E-15 0.923E-05
 0.391E+10 0.500E+00 0.445E-14 0.955E-16 0.923E-05
 0.478E+10 0.500E+00 0.364E-14 0.793E-16 0.923E-05
 0.584E+10 0.500E+00 0.298E-14 0.658E-16 0.923E-05
 0.713E+10 0.500E+00 0.243E-14 0.547E-16 0.923E-05
 0.871E+10 0.500E+00 0.199E-14 0.455E-16 0.923E-05
 0.106E+11 0.500E+00 0.163E-14 0.378E-16 0.923E-05
 0.130E+11 0.500E+00 0.133E-14 0.315E-16 0.923E-05
 0.159E+11 0.500E+00 0.109E-14 0.262E-16 0.923E-05
 0.194E+11 0.500E+00 0.888E-15 0.219E-16 0.923E-05
 0.237E+11 0.500E+00 0.726E-15 0.182E-16 0.923E-05
 0.289E+11 0.500E+00 0.594E-15 0.152E-16 0.923E-05
 0.353E+11 0.500E+00 0.485E-15 0.127E-16 0.923E-05
 0.431E+11 0.500E+00 0.397E-15 0.106E-16 0.923E-05
 0.526E+11 0.500E+00 0.324E-15 0.886E-17 0.923E-05
 0.643E+11 0.500E+00 0.265E-15 0.741E-17 0.923E-05
 0.785E+11 0.500E+00 0.217E-15 0.619E-17 0.923E-05
 0.959E+11 0.500E+00 0.177E-15 0.518E-17 0.923E-05
 0.117E+12 0.500E+00 0.145E-15 0.434E-17 0.923E-05
 0.143E+12 0.500E+00 0.118E-15 0.363E-17 0.923E-05
 0.175E+12 0.500E+00 0.966E-16 0.304E-17 0.923E-05
 0.213E+12 0.500E+00 0.789E-16 0.255E-17 0.923E-05
 0.260E+12 0.500E+00 0.647E-16 0.216E-17 0.923E-05
 0.316E+12 0.500E+00 0.529E-16 0.185E-17 0.923E-05
 0.384E+12 0.500E+00 0.433E-16 0.161E-17 0.923E-05
 0.468E+12 0.500E+00 0.353E-16 0.141E-17 0.923E-05
 0.570E+12 0.500E+00 0.288E-16 0.125E-17 0.923E-05
 0.696E+12 0.500E+00 0.233E-16 0.114E-17 0.923E-05
 0.850E+12 0.500E+00 0.188E-16 0.105E-17 0.923E-05
 0.104E+13 0.500E+00 0.152E-16 0.997E-18 0.923E-05
 0.127E+13 0.500E+00 0.122E-16 0.955E-18 0.923E-05
 0.155E+13 0.500E+00 0.979E-17 0.926E-18 0.923E-05
 0.189E+13 0.500E+00 0.784E-17 0.906E-18 0.923E-05
 0.231E+13 0.500E+00 0.628E-17 0.891E-18 0.923E-05
 0.282E+13 0.500E+00 0.504E-17 0.880E-18 0.923E-05
 0.345E+13 0.500E+00 0.404E-17 0.871E-18 0.923E-05
 0.421E+13 0.500E+00 0.324E-17 0.862E-18 0.923E-05
 0.514E+13 0.500E+00 0.261E-17 0.850E-18 0.923E-05
 0.628E+13 0.500E+00 0.210E-17 0.832E-18 0.923E-05
 0.767E+13 0.500E+00 0.169E-17 0.805E-18 0.923E-05
 0.937E+13 0.500E+00 0.137E-17 0.771E-18 0.923E-05
 0.114E+14 0.500E+00 0.111E-17 0.730E-18 0.923E-05
 0.140E+14 0.500E+00 0.900E-18 0.684E-18 0.923E-05
 0.171E+14 0.500E+00 0.731E-18 0.636E-18 0.923E-05
 0.209E+14 0.500E+00 0.594E-18 0.589E-18 0.923E-05
 0.255E+14 0.500E+00 0.483E-18 0.541E-18 0.923E-05
 0.311E+14 0.500E+00 0.390E-18 0.494E-18 0.923E-05
 0.380E+14 0.500E+00 0.304E-18 0.438E-18 0.923E-05
 0.464E+14 0.500E+00 0.215E-18 0.360E-18 0.922E-05
 0.567E+14 0.500E+00 0.160E-18 0.312E-18 0.921E-05
 0.692E+14 0.500E+00 0.130E-18 0.285E-18 0.921E-05
 0.846E+14 0.500E+00 0.106E-18 0.260E-18 0.921E-05
