 0.100E+00 0.100E-05 0.927E-05 0.123E-20 0.236E-37
 0.100E+00 0.100E-05 0.927E-05 0.106E-19 0.172E-35
 0.100E+00 0.100E-05 0.927E-05 0.899E-19 0.124E-33
 0.100E+00 0.100E-05 0.927E-05 0.764E-18 0.897E-32
 0.100E+00 0.100E-05 0.927E-05 0.650E-17 0.648E-30
 0.100E+00 0.100E-05 0.927E-05 0.504E-16 0.387E-28
 0.100E+00 0.100E-05 0.927E-05 0.325E-15 0.160E-26
 0.100E+00 0.100E-05 0.927E-05 0.202E-14 0.619E-25
 0.100E+00 0.100E-05 0.927E-05 0.125E-13 0.238E-23
 0.100E+00 0.100E-05 0.927E-05 0.776E-13 0.923E-22
 0.100E+00 0.100E-05 0.927E-05 0.481E-12 0.375E-20
 0.100E+00 0.100E-05 0.927E-05 0.299E-11 0.179E-18
 0.100E+00 0.101E-05 0.927E-05 0.186E-10 0.757E-17
 0.100E+00 0.105E-05 0.927E-05 0.115E-09 0.144E-15
 0.100E+00 0.132E-05 0.927E-05 0.753E-09 0.382E-14
 0.100E+00 0.337E-05 0.926E-05 0.562E-08 0.176E-12
 0.102E+00 0.163E-04 0.923E-05 0.363E-07 0.466E-11
 0.112E+00 0.106E-03 0.902E-05 0.246E-06 0.568E-10
 0.126E+00 0.227E-03 0.874E-05 0.529E-06 0.137E-09
 0.141E+00 0.349E-03 0.846E-05 0.811E-06 0.231E-09
 0.156E+00 0.471E-03 0.817E-05 0.110E-05 0.340E-09
 0.173E+00 0.594E-03 0.788E-05 0.139E-05 0.462E-09
 0.190E+00 0.717E-03 0.759E-05 0.168E-05 0.596E-09
 0.208E+00 0.840E-03 0.729E-05 0.198E-05 0.738E-09
 0.228E+00 0.965E-03 0.697E-05 0.229E-05 0.886E-09
 0.250E+00 0.109E-02 0.665E-05 0.262E-05 0.104E-08
 0.273E+00 0.122E-02 0.631E-05 0.296E-05 0.120E-08
 0.299E+00 0.135E-02 0.596E-05 0.331E-05 0.136E-08
 0.329E+00 0.149E-02 0.559E-05 0.368E-05 0.153E-08
 0.363E+00 0.164E-02 0.520E-05 0.407E-05 0.172E-08
 0.403E+00 0.180E-02 0.479E-05 0.448E-05 0.192E-08
 0.451E+00 0.197E-02 0.437E-05 0.490E-05 0.215E-08
 0.508E+00 0.215E-02 0.393E-05 0.533E-05 0.241E-08
 0.577E+00 0.236E-02 0.350E-05 0.576E-05 0.271E-08
 0.660E+00 0.257E-02 0.309E-05 0.618E-05 0.306E-08
 0.760E+00 0.281E-02 0.269E-05 0.657E-05 0.345E-08
 0.880E+00 0.307E-02 0.233E-05 0.693E-05 0.390E-08
 0.102E+01 0.334E-02 0.201E-05 0.726E-05 0.440E-08
 0.119E+01 0.362E-02 0.172E-05 0.754E-05 0.497E-08
 0.139E+01 0.392E-02 0.147E-05 0.780E-05 0.561E-08
 0.163E+01 0.424E-02 0.125E-05 0.801E-05 0.634E-08
 0.192E+01 0.458E-02 0.106E-05 0.820E-05 0.719E-08
 0.227E+01 0.495E-02 0.901E-06 0.836E-05 0.821E-08
 0.270E+01 0.534E-02 0.763E-06 0.850E-05 0.948E-08
 0.322E+01 0.578E-02 0.648E-06 0.861E-05 0.111E-07
 0.389E+01 0.626E-02 0.554E-06 0.870E-05 0.133E-07
 0.473E+01 0.679E-02 0.479E-06 0.877E-05 0.162E-07
 0.578E+01 0.738E-02 0.425E-06 0.882E-05 0.202E-07
 0.706E+01 0.801E-02 0.388E-06 0.886E-05 0.256E-07
 0.862E+01 0.869E-02 0.365E-06 0.887E-05 0.329E-07
 0.105E+02 0.943E-02 0.353E-06 0.887E-05 0.429E-07
 0.129E+02 0.102E-01 0.350E-06 0.886E-05 0.568E-07
 0.157E+02 0.111E-01 0.353E-06 0.884E-05 0.766E-07
 0.192E+02 0.121E-01 0.359E-06 0.880E-05 0.106E-06
 0.234E+02 0.131E-01 0.364E-06 0.875E-05 0.150E-06
 0.286E+02 0.143E-01 0.360E-06 0.868E-05 0.222E-06
 0.349E+02 0.156E-01 0.330E-06 0.859E-05 0.340E-06
 0.427E+02 0.170E-01 0.250E-06 0.848E-05 0.532E-06
 0.521E+02 0.185E-01 0.122E-06 0.835E-05 0.787E-06
 0.637E+02 0.202E-01 0.256E-07 0.821E-05 0.102E-05
 0.778E+02 0.221E-01 0.215E-08 0.806E-05 0.120E-05
 0.950E+02 0.241E-01 0.309E-09 0.790E-05 0.135E-05
 0.115E+03 0.269E-01 0.113E-09 0.771E-05 0.154E-05
 0.140E+03 0.310E-01 0.455E-10 0.745E-05 0.181E-05
 0.171E+03 0.363E-01 0.181E-10 0.715E-05 0.212E-05
 0.209E+03 0.425E-01 0.782E-11 0.686E-05 0.240E-05
 0.255E+03 0.491E-01 0.380E-11 0.661E-05 0.265E-05
 0.311E+03 0.563E-01 0.200E-11 0.639E-05 0.287E-05
 0.380E+03 0.640E-01 0.111E-11 0.620E-05 0.307E-05
 0.465E+03 0.725E-01 0.640E-12 0.602E-05 0.325E-05
 0.568E+03 0.817E-01 0.378E-12 0.586E-05 0.341E-05
 0.693E+03 0.918E-01 0.228E-12 0.571E-05 0.356E-05
 0.846E+03 0.103E+00 0.139E-12 0.558E-05 0.369E-05
 0.103E+04 0.115E+00 0.857E-13 0.546E-05 0.381E-05
 0.126E+04 0.129E+00 0.537E-13 0.535E-05 0.392E-05
 0.154E+04 0.143E+00 0.342E-13 0.525E-05 0.401E-05
 0.188E+04 0.158E+00 0.223E-13 0.517E-05 0.410E-05
 0.230E+04 0.175E+00 0.148E-13 0.510E-05 0.417E-05
 0.281E+04 0.192E+00 0.999E-14 0.503E-05 0.424E-05
 0.343E+04 0.210E+00 0.691E-14 0.497E-05 0.430E-05
 0.420E+04 0.229E+00 0.488E-14 0.492E-05 0.435E-05
 0.513E+04 0.248E+00 0.352E-14 0.487E-05 0.440E-05
 0.627E+04 0.267E+00 0.260E-14 0.483E-05 0.444E-05
 0.766E+04 0.287E+00 0.195E-14 0.479E-05 0.448E-05
 0.936E+04 0.307E+00 0.150E-14 0.475E-05 0.452E-05
 0.114E+05 0.326E+00 0.117E-14 0.471E-05 0.456E-05
 0.140E+05 0.345E+00 0.936E-15 0.468E-05 0.459E-05
 0.171E+05 0.363E+00 0.760E-15 0.465E-05 0.462E-05
 0.209E+05 0.380E+00 0.628E-15 0.461E-05 0.466E-05
 0.255E+05 0.396E+00 0.528E-15 0.458E-05 0.469E-05
 0.312E+05 0.411E+00 0.451E-15 0.455E-05 0.472E-05
 0.381E+05 0.424E+00 0.392E-15 0.452E-05 0.475E-05
 0.466E+05 0.437E+00 0.346E-15 0.449E-05 0.478E-05
 0.570E+05 0.448E+00 0.310E-15 0.445E-05 0.482E-05
 0.696E+05 0.457E+00 0.282E-15 0.441E-05 0.485E-05
 0.851E+05 0.466E+00 0.261E-15 0.437E-05 0.489E-05
 0.104E+06 0.473E+00 0.245E-15 0.433E-05 0.494E-05
 0.127E+06 0.478E+00 0.234E-15 0.428E-05 0.499E-05
 0.155E+06 0.483E+00 0.227E-15 0.422E-05 0.505E-05
 0.190E+06 0.487E+00 0.223E-15 0.414E-05 0.513E-05
 0.232E+06 0.490E+00 0.221E-15 0.402E-05 0.524E-05
 0.283E+06 0.493E+00 0.216E-15 0.385E-05 0.542E-05
 0.346E+06 0.495E+00 0.199E-15 0.357E-05 0.570E-05
 0.423E+06 0.497E+00 0.159E-15 0.313E-05 0.613E-05
 0.516E+06 0.498E+00 0.999E-16 0.252E-05 0.674E-05
 0.630E+06 0.498E+00 0.450E-16 0.178E-05 0.747E-05
 0.770E+06 0.499E+00 0.135E-16 0.107E-05 0.819E-05
 0.940E+06 0.499E+00 0.248E-17 0.518E-06 0.874E-05
 0.115E+07 0.500E+00 0.240E-18 0.191E-06 0.907E-05
 0.140E+07 0.500E+00 0.101E-19 0.503E-07 0.921E-05
 0.171E+07 0.500E+00 0.170E-21 0.907E-08 0.925E-05
 0.209E+07 0.500E+00 0.109E-23 0.111E-08 0.926E-05
 0.255E+07 0.500E+00 0.250E-26 0.918E-10 0.926E-05
 0.311E+07 0.500E+00 0.179E-29 0.507E-11 0.926E-05
 0.379E+07 0.500E+00 0.335E-33 0.188E-12 0.926E-05
 0.463E+07 0.500E+00 0.741E-37 0.469E-14 0.926E-05
 0.565E+07 0.500E+00 0.690E-39 0.792E-16 0.926E-05
 0.690E+07 0.500E+00 0.587E-41 0.899E-18 0.926E-05
 0.842E+07 0.500E+00 0.347E-43 0.677E-20 0.926E-05
 0.103E+08 0.500E+00 0.138E-45 0.332E-22 0.926E-05
 0.126E+08 0.500E+00 0.358E-48 0.103E-24 0.926E-05
 0.153E+08 0.500E+00 0.584E-51 0.200E-27 0.926E-05
 0.187E+08 0.500E+00 0.583E-54 0.234E-30 0.926E-05
 0.229E+08 0.500E+00 0.347E-57 0.161E-33 0.926E-05
 0.280E+08 0.500E+00 0.119E-60 0.635E-37 0.926E-05
 0.341E+08 0.500E+00 0.230E-64 0.140E-40 0.926E-05
 0.417E+08 0.500E+00 0.243E-68 0.168E-44 0.926E-05
 0.509E+08 0.500E+00 0.137E-72 0.106E-48 0.926E-05
 0.622E+08 0.500E+00 0.399E-77 0.349E-53 0.926E-05
 0.759E+08 0.500E+00 0.959E-81 0.937E-57 0.926E-05
 0.928E+08 0.500E+00 0.307E-81 0.335E-57 0.926E-05
 0.113E+09 0.500E+00 0.107E-81 0.130E-57 0.926E-05
 0.138E+09 0.500E+00 0.382E-82 0.515E-58 0.926E-05
 0.169E+09 0.500E+00 0.522E-81 0.207E-58 0.926E-05
 0.206E+09 0.500E+00 0.404E-81 0.667E-57 0.926E-05
 0.252E+09 0.500E+00 0.197E-83 0.348E-59 0.926E-05
 0.308E+09 0.500E+00 0.726E-84 0.145E-59 0.926E-05
 0.376E+09 0.500E+00 0.277E-84 0.609E-60 0.926E-05
 0.459E+09 0.500E+00 0.106E-84 0.257E-60 0.926E-05
 0.560E+09 0.500E+00 0.412E-85 0.109E-60 0.926E-05
 0.684E+09 0.500E+00 0.161E-85 0.467E-61 0.926E-05
 0.836E+09 0.500E+00 0.636E-86 0.201E-61 0.926E-05
 0.102E+10 0.500E+00 0.253E-86 0.872E-62 0.926E-05
 0.125E+10 0.500E+00 0.101E-86 0.380E-62 0.926E-05
 0.152E+10 0.500E+00 0.408E-87 0.166E-62 0.926E-05
 0.186E+10 0.500E+00 0.166E-87 0.730E-63 0.926E-05
 0.227E+10 0.500E+00 0.674E-88 0.321E-63 0.926E-05
 0.277E+10 0.500E+00 0.174E-82 0.866E-58 0.926E-05
 0.339E+10 0.500E+00 0.123E-84 0.683E-60 0.926E-05
 0.414E+10 0.500E+00 0.892E-86 0.530E-61 0.926E-05
 0.505E+10 0.500E+00 0.191E-89 0.121E-64 0.926E-05
 0.617E+10 0.500E+00 0.783E-90 0.531E-65 0.926E-05
 0.753E+10 0.500E+00 0.322E-90 0.232E-65 0.926E-05
 0.920E+10 0.500E+00 0.552E-90 0.423E-65 0.926E-05
 0.112E+11 0.500E+00 0.543E-91 0.440E-66 0.926E-05
 0.137E+11 0.500E+00 0.356E-91 0.303E-66 0.926E-05
 0.168E+11 0.500E+00 0.206E-88 0.184E-63 0.926E-05
 0.205E+11 0.500E+00 0.394E-92 0.369E-67 0.926E-05
 0.250E+11 0.500E+00 0.236E-86 0.230E-61 0.926E-05
 0.305E+11 0.500E+00 0.508E-93 0.512E-68 0.926E-05
 0.373E+11 0.500E+00 0.188E-93 0.195E-68 0.926E-05
 0.455E+11 0.500E+00 0.672E-94 0.718E-69 0.926E-05
 0.556E+11 0.500E+00 0.230E-94 0.252E-69 0.926E-05
 0.679E+11 0.500E+00 0.749E-95 0.834E-70 0.926E-05
 0.830E+11 0.500E+00 0.232E-95 0.262E-70 0.926E-05
 0.101E+12 0.500E+00 0.650E-96 0.742E-71 0.926E-05
 0.124E+12 0.500E+00 0.567E-95 0.652E-70 0.926E-05
 0.151E+12 0.500E+00 0.494E-97 0.569E-72 0.926E-05
 0.185E+12 0.500E+00 0.813E-98 0.938E-73 0.926E-05
 0.225E+12 0.500E+00 0.146E-98 0.168E-73 0.926E-05
 0.274E+12 0.500E+00 0.180E-99 0.206E-74 0.926E-05
 0.334E+12 0.500E+00 0.120-100 0.135E-75 0.926E-05
 0.406E+12 0.500E+00 0.350-102 0.388E-77 0.926E-05
 0.494E+12 0.500E+00 0.336-104 0.365E-79 0.926E-05
 0.602E+12 0.500E+00 0.906-107 0.957E-82 0.926E-05
 0.736E+12 0.500E+00 0.150-109 0.153E-84 0.926E-05
 0.899E+12 0.500E+00 0.649-111 0.634E-86 0.926E-05
 0.110E+13 0.500E+00 0.765-108 0.712E-83 0.926E-05
 0.134E+13 0.500E+00 0.969-104 0.854E-79 0.926E-05
 0.164E+13 0.500E+00 0.221E-99 0.184E-74 0.926E-05
 0.200E+13 0.500E+00 0.730E-95 0.573E-70 0.926E-05
 0.244E+13 0.500E+00 0.298E-90 0.220E-65 0.926E-05
 0.298E+13 0.500E+00 0.132E-85 0.913E-61 0.926E-05
 0.364E+13 0.500E+00 0.546E-81 0.356E-56 0.926E-05
 0.445E+13 0.500E+00 0.189E-76 0.115E-51 0.926E-05
 0.544E+13 0.500E+00 0.540E-72 0.312E-47 0.926E-05
 0.664E+13 0.500E+00 0.144E-67 0.810E-43 0.926E-05
 0.811E+13 0.500E+00 0.136E-63 0.932E-39 0.926E-05
 0.991E+13 0.500E+00 0.158E-60 0.156E-35 0.926E-05
 0.121E+14 0.500E+00 0.102E-57 0.129E-32 0.926E-05
 0.148E+14 0.500E+00 0.330E-55 0.491E-30 0.926E-05
 0.180E+14 0.500E+00 0.194E-53 0.324E-28 0.926E-05
 0.220E+14 0.500E+00 0.592E-54 0.108E-28 0.926E-05
 0.269E+14 0.500E+00 0.292E-61 0.570E-36 0.926E-05
 0.329E+14 0.500E+00 0.177E-60 0.367E-35 0.926E-05
 0.402E+14 0.500E+00 0.772E-57 0.169E-31 0.926E-05
 0.491E+14 0.500E+00 0.688E-54 0.162E-28 0.925E-05
 0.599E+14 0.500E+00 0.156E-53 0.237E-28 0.924E-05
 0.732E+14 0.500E+00 0.265E-68 0.675E-43 0.924E-05
 0.894E+14 0.500E+00 0.533E-94 0.139E-68 0.924E-05
