 0.100E+00 0.100E-05 0.927E-07 0.112E-22 0.236E-41
 0.100E+00 0.100E-05 0.927E-07 0.969E-22 0.172E-39
 0.100E+00 0.100E-05 0.927E-07 0.824E-21 0.124E-37
 0.100E+00 0.100E-05 0.927E-07 0.700E-20 0.897E-36
 0.100E+00 0.100E-05 0.927E-07 0.595E-19 0.648E-34
 0.100E+00 0.100E-05 0.927E-07 0.506E-18 0.468E-32
 0.100E+00 0.100E-05 0.927E-07 0.423E-17 0.327E-30
 0.100E+00 0.100E-05 0.927E-07 0.285E-16 0.147E-28
 0.100E+00 0.100E-05 0.927E-07 0.178E-15 0.577E-27
 0.100E+00 0.100E-05 0.927E-07 0.111E-14 0.225E-25
 0.100E+00 0.100E-05 0.927E-07 0.687E-14 0.942E-24
 0.100E+00 0.100E-05 0.927E-07 0.427E-13 0.469E-22
 0.100E+00 0.100E-05 0.927E-07 0.266E-12 0.164E-20
 0.100E+00 0.100E-05 0.927E-07 0.165E-11 0.298E-19
 0.100E+00 0.101E-05 0.927E-07 0.123E-10 0.115E-17
 0.101E+00 0.113E-05 0.926E-07 0.112E-09 0.755E-16
 0.105E+00 0.199E-05 0.918E-07 0.856E-09 0.182E-14
 0.124E+00 0.623E-05 0.885E-07 0.417E-08 0.117E-13
 0.152E+00 0.118E-04 0.849E-07 0.780E-08 0.239E-13
 0.186E+00 0.181E-04 0.814E-07 0.113E-07 0.371E-13
 0.227E+00 0.254E-04 0.781E-07 0.146E-07 0.518E-13
 0.277E+00 0.337E-04 0.750E-07 0.177E-07 0.690E-13
 0.338E+00 0.433E-04 0.719E-07 0.208E-07 0.923E-13
 0.413E+00 0.543E-04 0.690E-07 0.237E-07 0.131E-12
 0.505E+00 0.669E-04 0.662E-07 0.265E-07 0.202E-12
 0.616E+00 0.814E-04 0.635E-07 0.292E-07 0.327E-12
 0.753E+00 0.978E-04 0.609E-07 0.318E-07 0.528E-12
 0.920E+00 0.116E-03 0.583E-07 0.344E-07 0.824E-12
 0.112E+01 0.137E-03 0.557E-07 0.370E-07 0.123E-11
 0.137E+01 0.159E-03 0.531E-07 0.396E-07 0.176E-11
 0.168E+01 0.184E-03 0.504E-07 0.423E-07 0.242E-11
 0.205E+01 0.209E-03 0.477E-07 0.450E-07 0.319E-11
 0.250E+01 0.236E-03 0.448E-07 0.479E-07 0.407E-11
 0.303E+01 0.262E-03 0.420E-07 0.507E-07 0.500E-11
 0.365E+01 0.288E-03 0.392E-07 0.535E-07 0.591E-11
 0.439E+01 0.314E-03 0.364E-07 0.562E-07 0.680E-11
 0.525E+01 0.340E-03 0.337E-07 0.590E-07 0.761E-11
 0.628E+01 0.367E-03 0.310E-07 0.617E-07 0.833E-11
 0.751E+01 0.394E-03 0.283E-07 0.644E-07 0.894E-11
 0.897E+01 0.421E-03 0.257E-07 0.670E-07 0.946E-11
 0.107E+02 0.450E-03 0.231E-07 0.695E-07 0.991E-11
 0.128E+02 0.479E-03 0.207E-07 0.720E-07 0.103E-10
 0.153E+02 0.509E-03 0.184E-07 0.743E-07 0.107E-10
 0.184E+02 0.541E-03 0.163E-07 0.764E-07 0.111E-10
 0.221E+02 0.575E-03 0.143E-07 0.784E-07 0.115E-10
 0.265E+02 0.611E-03 0.124E-07 0.802E-07 0.120E-10
 0.319E+02 0.649E-03 0.108E-07 0.819E-07 0.125E-10
 0.385E+02 0.690E-03 0.928E-08 0.834E-07 0.132E-10
 0.466E+02 0.735E-03 0.794E-08 0.847E-07 0.139E-10
 0.565E+02 0.784E-03 0.675E-08 0.859E-07 0.147E-10
 0.687E+02 0.837E-03 0.572E-08 0.870E-07 0.157E-10
 0.837E+02 0.896E-03 0.482E-08 0.879E-07 0.169E-10
 0.102E+03 0.960E-03 0.405E-08 0.886E-07 0.183E-10
 0.125E+03 0.103E-02 0.339E-08 0.893E-07 0.199E-10
 0.152E+03 0.111E-02 0.284E-08 0.898E-07 0.219E-10
 0.186E+03 0.119E-02 0.238E-08 0.903E-07 0.243E-10
 0.227E+03 0.128E-02 0.199E-08 0.907E-07 0.272E-10
 0.278E+03 0.138E-02 0.166E-08 0.910E-07 0.307E-10
 0.339E+03 0.149E-02 0.139E-08 0.913E-07 0.351E-10
 0.414E+03 0.161E-02 0.116E-08 0.915E-07 0.404E-10
 0.505E+03 0.174E-02 0.969E-09 0.917E-07 0.469E-10
 0.610E+03 0.188E-02 0.814E-09 0.918E-07 0.546E-10
 0.732E+03 0.202E-02 0.688E-09 0.919E-07 0.634E-10
 0.870E+03 0.217E-02 0.585E-09 0.920E-07 0.733E-10
 0.102E+04 0.231E-02 0.501E-09 0.921E-07 0.841E-10
 0.119E+04 0.245E-02 0.432E-09 0.922E-07 0.956E-10
 0.138E+04 0.260E-02 0.373E-09 0.922E-07 0.108E-09
 0.159E+04 0.275E-02 0.323E-09 0.923E-07 0.120E-09
 0.182E+04 0.290E-02 0.278E-09 0.923E-07 0.134E-09
 0.210E+04 0.306E-02 0.239E-09 0.923E-07 0.148E-09
 0.244E+04 0.323E-02 0.204E-09 0.923E-07 0.163E-09
 0.285E+04 0.343E-02 0.172E-09 0.923E-07 0.179E-09
 0.338E+04 0.365E-02 0.144E-09 0.924E-07 0.197E-09
 0.408E+04 0.391E-02 0.120E-09 0.924E-07 0.220E-09
 0.498E+04 0.421E-02 0.100E-09 0.924E-07 0.249E-09
 0.608E+04 0.454E-02 0.847E-10 0.923E-07 0.288E-09
 0.742E+04 0.489E-02 0.696E-10 0.923E-07 0.356E-09
 0.906E+04 0.530E-02 0.282E-10 0.922E-07 0.445E-09
 0.111E+05 0.577E-02 0.370E-11 0.922E-07 0.504E-09
 0.135E+05 0.630E-02 0.117E-12 0.922E-07 0.540E-09
 0.165E+05 0.691E-02 0.556E-14 0.921E-07 0.572E-09
 0.201E+05 0.760E-02 0.194E-14 0.921E-07 0.604E-09
 0.245E+05 0.838E-02 0.902E-15 0.921E-07 0.635E-09
 0.300E+05 0.925E-02 0.481E-15 0.920E-07 0.664E-09
 0.366E+05 0.102E-01 0.282E-15 0.920E-07 0.690E-09
 0.447E+05 0.113E-01 0.178E-15 0.920E-07 0.712E-09
 0.545E+05 0.125E-01 0.119E-15 0.920E-07 0.730E-09
 0.666E+05 0.139E-01 0.832E-16 0.920E-07 0.745E-09
 0.813E+05 0.154E-01 0.604E-16 0.919E-07 0.756E-09
 0.992E+05 0.171E-01 0.453E-16 0.919E-07 0.765E-09
 0.121E+06 0.191E-01 0.348E-16 0.919E-07 0.772E-09
 0.148E+06 0.215E-01 0.274E-16 0.919E-07 0.777E-09
 0.180E+06 0.242E-01 0.221E-16 0.919E-07 0.780E-09
 0.220E+06 0.274E-01 0.181E-16 0.919E-07 0.782E-09
 0.268E+06 0.312E-01 0.150E-16 0.919E-07 0.784E-09
 0.327E+06 0.358E-01 0.127E-16 0.919E-07 0.785E-09
 0.398E+06 0.414E-01 0.108E-16 0.919E-07 0.786E-09
 0.486E+06 0.480E-01 0.927E-17 0.919E-07 0.786E-09
 0.592E+06 0.559E-01 0.801E-17 0.919E-07 0.787E-09
 0.723E+06 0.650E-01 0.696E-17 0.919E-07 0.787E-09
 0.883E+06 0.754E-01 0.609E-17 0.919E-07 0.787E-09
 0.108E+07 0.868E-01 0.537E-17 0.919E-07 0.787E-09
 0.132E+07 0.992E-01 0.478E-17 0.919E-07 0.787E-09
 0.161E+07 0.112E+00 0.427E-17 0.919E-07 0.787E-09
 0.197E+07 0.126E+00 0.384E-17 0.919E-07 0.787E-09
 0.240E+07 0.140E+00 0.347E-17 0.919E-07 0.788E-09
 0.294E+07 0.155E+00 0.314E-17 0.919E-07 0.788E-09
 0.359E+07 0.171E+00 0.284E-17 0.919E-07 0.788E-09
 0.439E+07 0.186E+00 0.258E-17 0.919E-07 0.788E-09
 0.537E+07 0.202E+00 0.233E-17 0.919E-07 0.788E-09
 0.657E+07 0.218E+00 0.211E-17 0.919E-07 0.788E-09
 0.803E+07 0.234E+00 0.191E-17 0.919E-07 0.788E-09
 0.981E+07 0.251E+00 0.172E-17 0.919E-07 0.788E-09
 0.120E+08 0.267E+00 0.154E-17 0.919E-07 0.788E-09
 0.147E+08 0.283E+00 0.137E-17 0.919E-07 0.788E-09
 0.179E+08 0.300E+00 0.122E-17 0.919E-07 0.788E-09
 0.219E+08 0.316E+00 0.107E-17 0.919E-07 0.788E-09
 0.267E+08 0.332E+00 0.935E-18 0.919E-07 0.789E-09
 0.327E+08 0.348E+00 0.809E-18 0.919E-07 0.789E-09
 0.399E+08 0.364E+00 0.693E-18 0.919E-07 0.789E-09
 0.488E+08 0.380E+00 0.587E-18 0.919E-07 0.789E-09
 0.596E+08 0.395E+00 0.491E-18 0.919E-07 0.789E-09
 0.728E+08 0.409E+00 0.405E-18 0.919E-07 0.789E-09
 0.890E+08 0.422E+00 0.330E-18 0.919E-07 0.789E-09
 0.109E+09 0.434E+00 0.264E-18 0.919E-07 0.789E-09
 0.133E+09 0.445E+00 0.208E-18 0.919E-07 0.789E-09
 0.162E+09 0.455E+00 0.161E-18 0.919E-07 0.789E-09
 0.198E+09 0.464E+00 0.122E-18 0.919E-07 0.789E-09
 0.243E+09 0.471E+00 0.918E-19 0.918E-07 0.789E-09
 0.297E+09 0.477E+00 0.680E-19 0.918E-07 0.790E-09
 0.363E+09 0.482E+00 0.498E-19 0.918E-07 0.790E-09
 0.444E+09 0.486E+00 0.361E-19 0.918E-07 0.790E-09
 0.543E+09 0.489E+00 0.258E-19 0.917E-07 0.790E-09
 0.663E+09 0.492E+00 0.178E-19 0.917E-07 0.790E-09
 0.807E+09 0.494E+00 0.118E-19 0.916E-07 0.790E-09
 0.964E+09 0.495E+00 0.783E-20 0.915E-07 0.790E-09
 0.114E+10 0.496E+00 0.517E-20 0.914E-07 0.790E-09
 0.133E+10 0.497E+00 0.338E-20 0.911E-07 0.790E-09
 0.154E+10 0.498E+00 0.218E-20 0.908E-07 0.790E-09
 0.180E+10 0.499E+00 0.136E-20 0.902E-07 0.790E-09
 0.210E+10 0.499E+00 0.822E-21 0.892E-07 0.790E-09
 0.247E+10 0.499E+00 0.471E-21 0.875E-07 0.790E-09
 0.292E+10 0.500E+00 0.250E-21 0.842E-07 0.790E-09
 0.349E+10 0.500E+00 0.117E-21 0.779E-07 0.791E-09
 0.423E+10 0.500E+00 0.443E-22 0.663E-07 0.791E-09
 0.516E+10 0.500E+00 0.117E-22 0.476E-07 0.791E-09
 0.631E+10 0.500E+00 0.176E-23 0.252E-07 0.791E-09
 0.770E+10 0.500E+00 0.973E-25 0.764E-08 0.791E-09
 0.940E+10 0.500E+00 0.481E-27 0.652E-09 0.791E-09
 0.115E+11 0.500E+00 0.707E-32 0.267E-11 0.791E-09
 0.140E+11 0.500E+00 0.290E-37 0.360E-16 0.791E-09
 0.171E+11 0.500E+00 0.860E-39 0.797E-20 0.791E-09
 0.208E+11 0.500E+00 0.390E-42 0.340E-20 0.791E-09
 0.254E+11 0.500E+00 0.212E-42 0.205E-20 0.791E-09
 0.310E+11 0.500E+00 0.136E-42 0.145E-20 0.791E-09
 0.378E+11 0.500E+00 0.916E-43 0.108E-20 0.791E-09
 0.461E+11 0.500E+00 0.629E-43 0.801E-21 0.791E-09
 0.563E+11 0.500E+00 0.409E-43 0.582E-21 0.791E-09
 0.687E+11 0.500E+00 0.265E-43 0.411E-21 0.791E-09
 0.839E+11 0.500E+00 0.172E-43 0.287E-21 0.791E-09
 0.102E+12 0.500E+00 0.112E-43 0.200E-21 0.791E-09
 0.125E+12 0.500E+00 0.738E-44 0.139E-21 0.791E-09
 0.153E+12 0.500E+00 0.486E-44 0.954E-22 0.791E-09
 0.187E+12 0.500E+00 0.319E-44 0.648E-22 0.791E-09
 0.228E+12 0.500E+00 0.207E-44 0.433E-22 0.791E-09
 0.278E+12 0.500E+00 0.133E-44 0.282E-22 0.791E-09
 0.340E+12 0.500E+00 0.829E-45 0.178E-22 0.791E-09
 0.415E+12 0.500E+00 0.502E-45 0.108E-22 0.791E-09
 0.507E+12 0.500E+00 0.292E-45 0.631E-23 0.791E-09
 0.619E+12 0.500E+00 0.161E-45 0.349E-23 0.791E-09
 0.756E+12 0.500E+00 0.844E-46 0.181E-23 0.791E-09
 0.923E+12 0.500E+00 0.415E-46 0.887E-24 0.791E-09
 0.113E+13 0.500E+00 0.193E-46 0.411E-24 0.791E-09
 0.138E+13 0.500E+00 0.901E-47 0.190E-24 0.791E-09
 0.168E+13 0.500E+00 0.225E-45 0.104E-24 0.791E-09
 0.205E+13 0.500E+00 0.419E-47 0.869E-25 0.791E-09
 0.251E+13 0.500E+00 0.518E-47 0.106E-24 0.791E-09
 0.306E+13 0.500E+00 0.745E-47 0.152E-24 0.791E-09
 0.374E+13 0.500E+00 0.111E-46 0.225E-24 0.791E-09
 0.457E+13 0.500E+00 0.166E-46 0.335E-24 0.791E-09
 0.558E+13 0.500E+00 0.284E-40 0.496E-24 0.791E-09
 0.680E+13 0.500E+00 0.380E-46 0.755E-24 0.791E-09
 0.827E+13 0.500E+00 0.684E-46 0.135E-23 0.791E-09
 0.101E+14 0.500E+00 0.141E-45 0.278E-23 0.791E-09
 0.122E+14 0.500E+00 0.291E-45 0.592E-23 0.791E-09
 0.149E+14 0.500E+00 0.464E-45 0.106E-22 0.791E-09
 0.182E+14 0.500E+00 0.384E-45 0.117E-22 0.791E-09
 0.223E+14 0.500E+00 0.132E-45 0.584E-23 0.791E-09
 0.272E+14 0.500E+00 0.411E-46 0.244E-23 0.791E-09
 0.332E+14 0.500E+00 0.352E-46 0.118E-23 0.791E-09
 0.406E+14 0.500E+00 0.806E-47 0.695E-24 0.791E-09
 0.496E+14 0.500E+00 0.196E-46 0.192E-23 0.791E-09
 0.606E+14 0.500E+00 0.173E-44 0.188E-21 0.791E-09
 0.740E+14 0.500E+00 0.337E-43 0.402E-20 0.791E-09
 0.904E+14 0.500E+00 0.852E-44 0.109E-20 0.791E-09
