 0.100E+01 0.100E-05 0.927E-10 0.112E-24 0.236E-45
 0.100E+01 0.100E-05 0.927E-10 0.968E-24 0.172E-43
 0.100E+01 0.100E-05 0.927E-10 0.823E-23 0.124E-41
 0.100E+01 0.100E-05 0.927E-10 0.700E-22 0.897E-40
 0.100E+01 0.100E-05 0.927E-10 0.595E-21 0.648E-38
 0.100E+01 0.100E-05 0.927E-10 0.506E-20 0.468E-36
 0.100E+01 0.100E-05 0.927E-10 0.430E-19 0.339E-34
 0.100E+01 0.100E-05 0.927E-10 0.363E-18 0.243E-32
 0.100E+01 0.100E-05 0.927E-10 0.247E-17 0.116E-30
 0.100E+01 0.999E-06 0.927E-10 0.151E-16 0.524E-29
 0.100E+01 0.995E-06 0.927E-10 0.791E-16 0.217E-27
 0.100E+01 0.966E-06 0.927E-10 0.228E-15 0.235E-26
 0.100E+01 0.513E-07 0.927E-10 0.255E-15 0.319E-26
 0.100E+01 0.101E-10 0.927E-10 0.327E-15 0.318E-26
 0.110E+01 0.583E-10 0.927E-10 0.161E-14 0.303E-26
 0.134E+01 0.178E-09 0.927E-10 0.286E-14 0.366E-26
 0.164E+01 0.330E-09 0.927E-10 0.323E-14 0.473E-26
 0.201E+01 0.566E-09 0.927E-10 0.345E-14 0.614E-26
 0.245E+01 0.946E-09 0.927E-10 0.367E-14 0.794E-26
 0.299E+01 0.156E-08 0.927E-10 0.391E-14 0.104E-25
 0.365E+01 0.256E-08 0.927E-10 0.416E-14 0.132E-25
 0.446E+01 0.423E-08 0.927E-10 0.444E-14 0.170E-25
 0.545E+01 0.711E-08 0.927E-10 0.475E-14 0.218E-25
 0.666E+01 0.126E-07 0.927E-10 0.509E-14 0.283E-25
 0.813E+01 0.254E-07 0.927E-10 0.545E-14 0.385E-25
 0.993E+01 0.979E-07 0.927E-10 0.585E-14 0.727E-25
 0.121E+02 0.182E-04 0.927E-10 0.647E-14 0.119E-22
 0.139E+02 0.356E-04 0.927E-10 0.758E-14 0.226E-22
 0.156E+02 0.435E-04 0.927E-10 0.842E-14 0.237E-22
 0.177E+02 0.493E-04 0.927E-10 0.920E-14 0.232E-22
 0.204E+02 0.555E-04 0.927E-10 0.100E-13 0.232E-22
 0.238E+02 0.636E-04 0.927E-10 0.109E-13 0.242E-22
 0.278E+02 0.741E-04 0.927E-10 0.120E-13 0.256E-22
 0.327E+02 0.870E-04 0.927E-10 0.132E-13 0.270E-22
 0.384E+02 0.102E-03 0.927E-10 0.146E-13 0.276E-22
 0.450E+02 0.119E-03 0.927E-10 0.161E-13 0.272E-22
 0.528E+02 0.137E-03 0.927E-10 0.178E-13 0.259E-22
 0.618E+02 0.157E-03 0.927E-10 0.196E-13 0.240E-22
 0.725E+02 0.178E-03 0.927E-10 0.217E-13 0.219E-22
 0.851E+02 0.200E-03 0.927E-10 0.240E-13 0.204E-22
 0.100E+03 0.223E-03 0.927E-10 0.265E-13 0.201E-22
 0.118E+03 0.247E-03 0.927E-10 0.294E-13 0.217E-22
 0.139E+03 0.273E-03 0.927E-10 0.326E-13 0.263E-22
 0.166E+03 0.299E-03 0.927E-10 0.361E-13 0.353E-22
 0.198E+03 0.328E-03 0.927E-10 0.402E-13 0.507E-22
 0.237E+03 0.358E-03 0.927E-10 0.448E-13 0.760E-22
 0.286E+03 0.390E-03 0.926E-10 0.500E-13 0.117E-21
 0.346E+03 0.425E-03 0.926E-10 0.560E-13 0.182E-21
 0.422E+03 0.462E-03 0.926E-10 0.628E-13 0.286E-21
 0.515E+03 0.501E-03 0.926E-10 0.704E-13 0.451E-21
 0.629E+03 0.541E-03 0.926E-10 0.789E-13 0.704E-21
 0.768E+03 0.581E-03 0.926E-10 0.883E-13 0.109E-20
 0.938E+03 0.623E-03 0.926E-10 0.987E-13 0.168E-20
 0.115E+04 0.665E-03 0.926E-10 0.110E-12 0.257E-20
 0.140E+04 0.708E-03 0.926E-10 0.123E-12 0.390E-20
 0.171E+04 0.752E-03 0.926E-10 0.137E-12 0.587E-20
 0.209E+04 0.796E-03 0.925E-10 0.153E-12 0.880E-20
 0.255E+04 0.841E-03 0.925E-10 0.170E-12 0.131E-19
 0.311E+04 0.887E-03 0.925E-10 0.189E-12 0.194E-19
 0.380E+04 0.933E-03 0.925E-10 0.211E-12 0.286E-19
 0.464E+04 0.980E-03 0.925E-10 0.234E-12 0.419E-19
 0.567E+04 0.103E-02 0.924E-10 0.261E-12 0.611E-19
 0.692E+04 0.108E-02 0.924E-10 0.290E-12 0.887E-19
 0.846E+04 0.112E-02 0.924E-10 0.323E-12 0.128E-18
 0.103E+05 0.117E-02 0.923E-10 0.359E-12 0.185E-18
 0.126E+05 0.122E-02 0.923E-10 0.400E-12 0.266E-18
 0.154E+05 0.126E-02 0.923E-10 0.445E-12 0.380E-18
 0.188E+05 0.131E-02 0.922E-10 0.496E-12 0.543E-18
 0.230E+05 0.135E-02 0.921E-10 0.552E-12 0.774E-18
 0.281E+05 0.140E-02 0.921E-10 0.615E-12 0.110E-17
 0.343E+05 0.144E-02 0.920E-10 0.685E-12 0.156E-17
 0.419E+05 0.148E-02 0.919E-10 0.764E-12 0.222E-17
 0.512E+05 0.153E-02 0.918E-10 0.852E-12 0.316E-17
 0.625E+05 0.157E-02 0.918E-10 0.950E-12 0.448E-17
 0.763E+05 0.161E-02 0.916E-10 0.106E-11 0.637E-17
 0.932E+05 0.164E-02 0.915E-10 0.118E-11 0.907E-17
 0.114E+06 0.168E-02 0.914E-10 0.132E-11 0.129E-16
 0.139E+06 0.172E-02 0.912E-10 0.147E-11 0.185E-16
 0.170E+06 0.176E-02 0.911E-10 0.164E-11 0.265E-16
 0.207E+06 0.179E-02 0.909E-10 0.183E-11 0.382E-16
 0.253E+06 0.183E-02 0.907E-10 0.204E-11 0.552E-16
 0.309E+06 0.186E-02 0.904E-10 0.228E-11 0.801E-16
 0.377E+06 0.190E-02 0.902E-10 0.254E-11 0.117E-15
 0.461E+06 0.194E-02 0.899E-10 0.284E-11 0.171E-15
 0.562E+06 0.198E-02 0.895E-10 0.317E-11 0.252E-15
 0.686E+06 0.201E-02 0.892E-10 0.353E-11 0.374E-15
 0.838E+06 0.205E-02 0.888E-10 0.394E-11 0.560E-15
 0.102E+07 0.210E-02 0.883E-10 0.440E-11 0.844E-15
 0.125E+07 0.214E-02 0.878E-10 0.491E-11 0.128E-14
 0.152E+07 0.219E-02 0.872E-10 0.548E-11 0.197E-14
 0.186E+07 0.224E-02 0.866E-10 0.612E-11 0.307E-14
 0.227E+07 0.230E-02 0.859E-10 0.683E-11 0.485E-14
 0.276E+07 0.236E-02 0.850E-10 0.764E-11 0.780E-14
 0.337E+07 0.243E-02 0.841E-10 0.855E-11 0.128E-13
 0.411E+07 0.250E-02 0.831E-10 0.958E-11 0.214E-13
 0.502E+07 0.259E-02 0.819E-10 0.107E-10 0.368E-13
 0.612E+07 0.268E-02 0.806E-10 0.121E-10 0.653E-13
 0.747E+07 0.279E-02 0.790E-10 0.136E-10 0.119E-12
 0.911E+07 0.291E-02 0.772E-10 0.153E-10 0.226E-12
 0.111E+08 0.305E-02 0.750E-10 0.172E-10 0.438E-12
 0.135E+08 0.322E-02 0.724E-10 0.194E-10 0.867E-12
 0.165E+08 0.340E-02 0.692E-10 0.218E-10 0.171E-11
 0.202E+08 0.361E-02 0.651E-10 0.243E-10 0.326E-11
 0.246E+08 0.386E-02 0.600E-10 0.268E-10 0.588E-11
 0.299E+08 0.416E-02 0.537E-10 0.290E-10 0.995E-11
 0.365E+08 0.452E-02 0.464E-10 0.307E-10 0.156E-10
 0.446E+08 0.492E-02 0.389E-10 0.317E-10 0.220E-10
 0.545E+08 0.536E-02 0.317E-10 0.320E-10 0.290E-10
 0.666E+08 0.585E-02 0.251E-10 0.317E-10 0.359E-10
 0.813E+08 0.639E-02 0.196E-10 0.313E-10 0.419E-10
 0.993E+08 0.700E-02 0.154E-10 0.315E-10 0.458E-10
 0.121E+09 0.768E-02 0.124E-10 0.327E-10 0.475E-10
 0.148E+09 0.845E-02 0.102E-10 0.347E-10 0.478E-10
 0.181E+09 0.931E-02 0.831E-11 0.370E-10 0.473E-10
 0.222E+09 0.102E-01 0.671E-11 0.393E-10 0.467E-10
 0.271E+09 0.112E-01 0.538E-11 0.411E-10 0.462E-10
 0.332E+09 0.121E-01 0.427E-11 0.427E-10 0.457E-10
 0.406E+09 0.130E-01 0.336E-11 0.440E-10 0.454E-10
 0.496E+09 0.141E-01 0.261E-11 0.450E-10 0.451E-10
 0.606E+09 0.152E-01 0.200E-11 0.457E-10 0.450E-10
 0.741E+09 0.164E-01 0.151E-11 0.463E-10 0.449E-10
 0.906E+09 0.177E-01 0.111E-11 0.466E-10 0.450E-10
 0.111E+10 0.191E-01 0.797E-12 0.466E-10 0.453E-10
 0.135E+10 0.207E-01 0.553E-12 0.461E-10 0.460E-10
 0.166E+10 0.225E-01 0.371E-12 0.451E-10 0.472E-10
 0.202E+10 0.248E-01 0.238E-12 0.440E-10 0.484E-10
 0.246E+10 0.278E-01 0.143E-12 0.431E-10 0.495E-10
 0.300E+10 0.319E-01 0.787E-13 0.424E-10 0.502E-10
 0.366E+10 0.375E-01 0.390E-13 0.419E-10 0.507E-10
 0.447E+10 0.450E-01 0.178E-13 0.416E-10 0.510E-10
 0.546E+10 0.543E-01 0.793E-14 0.415E-10 0.512E-10
 0.668E+10 0.653E-01 0.361E-14 0.413E-10 0.513E-10
 0.817E+10 0.780E-01 0.173E-14 0.412E-10 0.515E-10
 0.999E+10 0.923E-01 0.879E-15 0.411E-10 0.516E-10
 0.122E+11 0.108E+00 0.472E-15 0.409E-10 0.518E-10
 0.149E+11 0.125E+00 0.265E-15 0.407E-10 0.519E-10
 0.183E+11 0.143E+00 0.154E-15 0.404E-10 0.521E-10
 0.224E+11 0.163E+00 0.920E-16 0.401E-10 0.524E-10
 0.273E+11 0.184E+00 0.562E-16 0.398E-10 0.527E-10
 0.334E+11 0.205E+00 0.353E-16 0.394E-10 0.530E-10
 0.409E+11 0.227E+00 0.228E-16 0.390E-10 0.534E-10
 0.499E+11 0.249E+00 0.153E-16 0.385E-10 0.538E-10
 0.611E+11 0.271E+00 0.106E-16 0.380E-10 0.543E-10
 0.746E+11 0.292E+00 0.754E-17 0.374E-10 0.548E-10
 0.912E+11 0.313E+00 0.546E-17 0.368E-10 0.553E-10
 0.111E+12 0.333E+00 0.397E-17 0.362E-10 0.559E-10
 0.136E+12 0.351E+00 0.287E-17 0.355E-10 0.565E-10
 0.166E+12 0.369E+00 0.205E-17 0.348E-10 0.572E-10
 0.203E+12 0.385E+00 0.144E-17 0.341E-10 0.578E-10
 0.248E+12 0.400E+00 0.989E-18 0.333E-10 0.585E-10
 0.303E+12 0.413E+00 0.663E-18 0.325E-10 0.592E-10
 0.370E+12 0.425E+00 0.433E-18 0.315E-10 0.598E-10
 0.452E+12 0.436E+00 0.276E-18 0.303E-10 0.605E-10
 0.553E+12 0.446E+00 0.172E-18 0.287E-10 0.612E-10
 0.675E+12 0.454E+00 0.104E-18 0.266E-10 0.618E-10
 0.824E+12 0.462E+00 0.608E-19 0.235E-10 0.623E-10
 0.101E+13 0.468E+00 0.340E-19 0.194E-10 0.628E-10
 0.123E+13 0.473E+00 0.180E-19 0.146E-10 0.632E-10
 0.150E+13 0.478E+00 0.890E-20 0.983E-11 0.634E-10
 0.183E+13 0.482E+00 0.415E-20 0.573E-11 0.636E-10
 0.224E+13 0.485E+00 0.188E-20 0.309E-11 0.638E-10
 0.274E+13 0.488E+00 0.826E-21 0.158E-11 0.638E-10
 0.334E+13 0.491E+00 0.354E-21 0.773E-12 0.639E-10
 0.409E+13 0.492E+00 0.146E-21 0.369E-12 0.639E-10
 0.499E+13 0.494E+00 0.573E-22 0.173E-12 0.640E-10
 0.610E+13 0.495E+00 0.211E-22 0.801E-13 0.640E-10
 0.745E+13 0.496E+00 0.719E-23 0.367E-13 0.640E-10
 0.911E+13 0.497E+00 0.230E-23 0.167E-13 0.640E-10
 0.110E+14 0.498E+00 0.752E-24 0.740E-14 0.640E-10
 0.135E+14 0.498E+00 0.260E-24 0.129E-14 0.640E-10
 0.165E+14 0.499E+00 0.142E-24 0.277E-15 0.641E-10
 0.201E+14 0.499E+00 0.968E-25 0.616E-16 0.641E-10
 0.246E+14 0.499E+00 0.719E-25 0.151E-16 0.641E-10
 0.301E+14 0.500E+00 0.550E-25 0.395E-17 0.641E-10
 0.367E+14 0.500E+00 0.425E-25 0.108E-17 0.641E-10
 0.449E+14 0.500E+00 0.331E-25 0.308E-18 0.641E-10
 0.548E+14 0.500E+00 0.259E-25 0.918E-19 0.641E-10
 0.670E+14 0.500E+00 0.204E-25 0.291E-19 0.641E-10
 0.818E+14 0.500E+00 0.161E-25 0.102E-19 0.641E-10
 0.100E+15 0.500E+00 0.127E-25 0.417E-20 0.641E-10
