  0.100E+00  0.696E-04  0.328E-04  0.696E-04  0.472E-20
  0.100E+00  0.696E-04  0.328E-04  0.696E-04  0.410E-19
  0.100E+00  0.696E-04  0.328E-04  0.696E-04  0.348E-18
  0.100E+00  0.696E-04  0.328E-04  0.696E-04  0.296E-17
  0.100E+00  0.696E-04  0.328E-04  0.696E-04  0.246E-16
  0.100E+00  0.696E-04  0.328E-04  0.696E-04  0.164E-15
  0.100E+00  0.696E-04  0.328E-04  0.696E-04  0.103E-14
  0.100E+00  0.696E-04  0.328E-04  0.696E-04  0.638E-14
  0.100E+00  0.696E-04  0.328E-04  0.696E-04  0.395E-13
  0.100E+00  0.696E-04  0.328E-04  0.696E-04  0.245E-12
  0.100E+00  0.696E-04  0.328E-04  0.696E-04  0.151E-11
  0.100E+00  0.696E-04  0.328E-04  0.696E-04  0.940E-11
  0.100E+00  0.696E-04  0.328E-04  0.696E-04  0.585E-10
  0.100E+00  0.696E-04  0.327E-04  0.696E-04  0.363E-09
  0.100E+00  0.696E-04  0.326E-04  0.695E-04  0.225E-08
  0.100E+00  0.692E-04  0.319E-04  0.692E-04  0.139E-07
  0.100E+00  0.683E-04  0.301E-04  0.683E-04  0.406E-07
  0.101E+00  0.675E-04  0.284E-04  0.674E-04  0.668E-07
  0.101E+00  0.666E-04  0.268E-04  0.665E-04  0.925E-07
  0.101E+00  0.657E-04  0.253E-04  0.656E-04  0.118E-06
  0.101E+00  0.647E-04  0.238E-04  0.646E-04  0.143E-06
  0.102E+00  0.638E-04  0.223E-04  0.636E-04  0.167E-06
  0.102E+00  0.628E-04  0.209E-04  0.626E-04  0.191E-06
  0.102E+00  0.618E-04  0.196E-04  0.616E-04  0.215E-06
  0.102E+00  0.608E-04  0.183E-04  0.605E-04  0.238E-06
  0.103E+00  0.597E-04  0.171E-04  0.595E-04  0.260E-06
  0.103E+00  0.586E-04  0.159E-04  0.584E-04  0.282E-06
  0.103E+00  0.575E-04  0.148E-04  0.572E-04  0.304E-06
  0.103E+00  0.564E-04  0.138E-04  0.561E-04  0.325E-06
  0.104E+00  0.553E-04  0.127E-04  0.549E-04  0.345E-06
  0.104E+00  0.541E-04  0.118E-04  0.538E-04  0.365E-06
  0.104E+00  0.530E-04  0.109E-04  0.526E-04  0.384E-06
  0.104E+00  0.518E-04  0.100E-04  0.514E-04  0.403E-06
  0.105E+00  0.505E-04  0.919E-05  0.501E-04  0.422E-06
  0.105E+00  0.493E-04  0.843E-05  0.489E-04  0.439E-06
  0.105E+00  0.481E-04  0.770E-05  0.476E-04  0.456E-06
  0.105E+00  0.468E-04  0.703E-05  0.463E-04  0.473E-06
  0.106E+00  0.455E-04  0.639E-05  0.450E-04  0.489E-06
  0.106E+00  0.442E-04  0.580E-05  0.437E-04  0.504E-06
  0.106E+00  0.429E-04  0.525E-05  0.424E-04  0.519E-06
  0.106E+00  0.416E-04  0.473E-05  0.411E-04  0.533E-06
  0.107E+00  0.403E-04  0.426E-05  0.398E-04  0.546E-06
  0.107E+00  0.390E-04  0.382E-05  0.384E-04  0.559E-06
  0.107E+00  0.377E-04  0.341E-05  0.371E-04  0.572E-06
  0.107E+00  0.364E-04  0.304E-05  0.358E-04  0.583E-06
  0.108E+00  0.350E-04  0.270E-05  0.344E-04  0.594E-06
  0.108E+00  0.337E-04  0.239E-05  0.331E-04  0.605E-06
  0.108E+00  0.324E-04  0.210E-05  0.318E-04  0.614E-06
  0.108E+00  0.311E-04  0.185E-05  0.304E-04  0.624E-06
  0.109E+00  0.297E-04  0.162E-05  0.291E-04  0.632E-06
  0.109E+00  0.284E-04  0.141E-05  0.278E-04  0.640E-06
  0.109E+00  0.272E-04  0.122E-05  0.265E-04  0.648E-06
  0.109E+00  0.259E-04  0.106E-05  0.252E-04  0.654E-06
  0.110E+00  0.246E-04  0.908E-06  0.240E-04  0.661E-06
  0.110E+00  0.234E-04  0.777E-06  0.227E-04  0.667E-06
  0.110E+00  0.222E-04  0.662E-06  0.215E-04  0.672E-06
  0.110E+00  0.210E-04  0.562E-06  0.203E-04  0.677E-06
  0.111E+00  0.198E-04  0.474E-06  0.191E-04  0.681E-06
  0.111E+00  0.187E-04  0.398E-06  0.180E-04  0.685E-06
  0.111E+00  0.176E-04  0.332E-06  0.169E-04  0.689E-06
  0.112E+00  0.165E-04  0.275E-06  0.158E-04  0.692E-06
  0.112E+00  0.154E-04  0.227E-06  0.147E-04  0.695E-06
  0.112E+00  0.144E-04  0.187E-06  0.137E-04  0.697E-06
  0.113E+00  0.134E-04  0.152E-06  0.127E-04  0.700E-06
  0.113E+00  0.125E-04  0.123E-06  0.118E-04  0.702E-06
  0.114E+00  0.116E-04  0.994E-07  0.109E-04  0.704E-06
  0.114E+00  0.107E-04  0.795E-07  0.100E-04  0.706E-06
  0.115E+00  0.993E-05  0.632E-07  0.922E-05  0.708E-06
  0.115E+00  0.915E-05  0.499E-07  0.844E-05  0.711E-06
  0.115E+00  0.842E-05  0.392E-07  0.770E-05  0.713E-06
  0.116E+00  0.773E-05  0.305E-07  0.701E-05  0.715E-06
  0.117E+00  0.708E-05  0.236E-07  0.636E-05  0.718E-06
  0.117E+00  0.647E-05  0.182E-07  0.575E-05  0.721E-06
  0.118E+00  0.591E-05  0.139E-07  0.518E-05  0.725E-06
  0.118E+00  0.539E-05  0.105E-07  0.466E-05  0.729E-06
  0.119E+00  0.490E-05  0.791E-08  0.417E-05  0.734E-06
  0.120E+00  0.446E-05  0.592E-08  0.372E-05  0.739E-06
  0.121E+00  0.405E-05  0.440E-08  0.331E-05  0.746E-06
  0.122E+00  0.368E-05  0.325E-08  0.293E-05  0.753E-06
  0.123E+00  0.335E-05  0.238E-08  0.259E-05  0.761E-06
  0.124E+00  0.305E-05  0.174E-08  0.228E-05  0.769E-06
  0.125E+00  0.278E-05  0.126E-08  0.200E-05  0.779E-06
  0.126E+00  0.254E-05  0.911E-09  0.175E-05  0.790E-06
  0.128E+00  0.233E-05  0.655E-09  0.153E-05  0.801E-06
  0.129E+00  0.214E-05  0.468E-09  0.133E-05  0.814E-06
  0.131E+00  0.198E-05  0.334E-09  0.115E-05  0.826E-06
  0.132E+00  0.184E-05  0.237E-09  0.997E-06  0.840E-06
  0.134E+00  0.171E-05  0.168E-09  0.860E-06  0.853E-06
  0.136E+00  0.161E-05  0.118E-09  0.740E-06  0.867E-06
  0.138E+00  0.151E-05  0.830E-10  0.635E-06  0.880E-06
  0.141E+00  0.144E-05  0.581E-10  0.543E-06  0.892E-06
  0.143E+00  0.137E-05  0.405E-10  0.464E-06  0.904E-06
  0.145E+00  0.131E-05  0.282E-10  0.395E-06  0.914E-06
  0.148E+00  0.126E-05  0.195E-10  0.336E-06  0.924E-06
  0.151E+00  0.122E-05  0.134E-10  0.285E-06  0.931E-06
  0.154E+00  0.118E-05  0.918E-11  0.241E-06  0.938E-06
  0.157E+00  0.114E-05  0.626E-11  0.203E-06  0.942E-06
  0.160E+00  0.112E-05  0.425E-11  0.170E-06  0.945E-06
  0.163E+00  0.109E-05  0.000E+00  0.143E-06  0.945E-06
  0.167E+00  0.106E-05  0.000E+00  0.119E-06  0.944E-06
  0.170E+00  0.104E-05  0.000E+00  0.996E-07  0.942E-06
  0.174E+00  0.102E-05  0.000E+00  0.828E-07  0.938E-06
  0.178E+00  0.100E-05  0.000E+00  0.686E-07  0.932E-06
  0.182E+00  0.982E-06  0.000E+00  0.567E-07  0.926E-06
  0.186E+00  0.964E-06  0.000E+00  0.468E-07  0.918E-06
  0.190E+00  0.947E-06  0.000E+00  0.385E-07  0.909E-06
  0.195E+00  0.931E-06  0.000E+00  0.315E-07  0.899E-06
  0.199E+00  0.914E-06  0.000E+00  0.258E-07  0.889E-06
  0.204E+00  0.899E-06  0.000E+00  0.211E-07  0.878E-06
  0.209E+00  0.884E-06  0.000E+00  0.172E-07  0.867E-06
  0.215E+00  0.869E-06  0.000E+00  0.140E-07  0.855E-06
  0.220E+00  0.855E-06  0.000E+00  0.114E-07  0.844E-06
  0.226E+00  0.842E-06  0.000E+00  0.926E-08  0.833E-06
  0.232E+00  0.829E-06  0.000E+00  0.753E-08  0.822E-06
  0.239E+00  0.817E-06  0.000E+00  0.612E-08  0.811E-06
  0.246E+00  0.807E-06  0.000E+00  0.498E-08  0.802E-06
  0.253E+00  0.797E-06  0.000E+00  0.406E-08  0.793E-06
  0.261E+00  0.788E-06  0.000E+00  0.331E-08  0.785E-06
  0.269E+00  0.780E-06  0.000E+00  0.271E-08  0.778E-06
  0.278E+00  0.774E-06  0.000E+00  0.222E-08  0.772E-06
  0.287E+00  0.769E-06  0.000E+00  0.183E-08  0.768E-06
  0.297E+00  0.766E-06  0.000E+00  0.152E-08  0.765E-06
  0.308E+00  0.765E-06  0.000E+00  0.126E-08  0.763E-06
  0.319E+00  0.765E-06  0.000E+00  0.106E-08  0.764E-06
  0.331E+00  0.767E-06  0.000E+00  0.890E-09  0.767E-06
  0.344E+00  0.772E-06  0.000E+00  0.756E-09  0.771E-06
  0.358E+00  0.778E-06  0.000E+00  0.646E-09  0.778E-06
  0.373E+00  0.787E-06  0.000E+00  0.559E-09  0.786E-06
  0.388E+00  0.797E-06  0.000E+00  0.488E-09  0.797E-06
  0.404E+00  0.809E-06  0.000E+00  0.431E-09  0.809E-06
  0.420E+00  0.823E-06  0.000E+00  0.385E-09  0.823E-06
  0.438E+00  0.839E-06  0.000E+00  0.346E-09  0.838E-06
  0.455E+00  0.856E-06  0.000E+00  0.314E-09  0.856E-06
  0.474E+00  0.875E-06  0.000E+00  0.287E-09  0.875E-06
  0.493E+00  0.895E-06  0.000E+00  0.264E-09  0.895E-06
  0.514E+00  0.917E-06  0.000E+00  0.245E-09  0.917E-06
  0.534E+00  0.941E-06  0.000E+00  0.228E-09  0.940E-06
  0.556E+00  0.966E-06  0.000E+00  0.213E-09  0.965E-06
  0.579E+00  0.992E-06  0.000E+00  0.200E-09  0.992E-06
  0.603E+00  0.102E-05  0.000E+00  0.189E-09  0.102E-05
  0.627E+00  0.105E-05  0.000E+00  0.180E-09  0.105E-05
  0.653E+00  0.108E-05  0.000E+00  0.171E-09  0.108E-05
  0.679E+00  0.111E-05  0.000E+00  0.163E-09  0.111E-05
  0.707E+00  0.115E-05  0.000E+00  0.156E-09  0.115E-05
  0.736E+00  0.118E-05  0.000E+00  0.150E-09  0.118E-05
  0.766E+00  0.122E-05  0.000E+00  0.145E-09  0.122E-05
  0.797E+00  0.126E-05  0.000E+00  0.140E-09  0.126E-05
  0.830E+00  0.130E-05  0.000E+00  0.135E-09  0.130E-05
  0.864E+00  0.134E-05  0.000E+00  0.132E-09  0.134E-05
  0.899E+00  0.138E-05  0.000E+00  0.128E-09  0.138E-05
  0.936E+00  0.143E-05  0.000E+00  0.125E-09  0.143E-05
  0.974E+00  0.148E-05  0.000E+00  0.122E-09  0.148E-05
  0.101E+01  0.153E-05  0.000E+00  0.119E-09  0.153E-05
  0.106E+01  0.158E-05  0.000E+00  0.117E-09  0.158E-05
  0.110E+01  0.163E-05  0.000E+00  0.115E-09  0.163E-05
  0.114E+01  0.169E-05  0.000E+00  0.113E-09  0.169E-05
  0.119E+01  0.175E-05  0.000E+00  0.111E-09  0.175E-05
  0.124E+01  0.181E-05  0.000E+00  0.110E-09  0.181E-05
  0.129E+01  0.187E-05  0.000E+00  0.109E-09  0.187E-05
  0.134E+01  0.193E-05  0.000E+00  0.108E-09  0.193E-05
  0.140E+01  0.200E-05  0.000E+00  0.107E-09  0.200E-05
  0.145E+01  0.207E-05  0.000E+00  0.106E-09  0.207E-05
  0.151E+01  0.215E-05  0.000E+00  0.105E-09  0.215E-05
  0.157E+01  0.223E-05  0.000E+00  0.105E-09  0.223E-05
  0.164E+01  0.231E-05  0.000E+00  0.105E-09  0.231E-05
  0.171E+01  0.239E-05  0.000E+00  0.104E-09  0.239E-05
  0.177E+01  0.248E-05  0.000E+00  0.104E-09  0.248E-05
  0.185E+01  0.257E-05  0.000E+00  0.104E-09  0.257E-05
  0.192E+01  0.266E-05  0.000E+00  0.105E-09  0.266E-05
  0.200E+01  0.276E-05  0.000E+00  0.105E-09  0.276E-05
  0.208E+01  0.286E-05  0.000E+00  0.106E-09  0.286E-05
  0.217E+01  0.297E-05  0.000E+00  0.106E-09  0.297E-05
  0.226E+01  0.308E-05  0.000E+00  0.107E-09  0.308E-05
  0.235E+01  0.320E-05  0.000E+00  0.108E-09  0.320E-05
  0.244E+01  0.332E-05  0.000E+00  0.109E-09  0.332E-05
  0.254E+01  0.344E-05  0.000E+00  0.110E-09  0.344E-05
  0.265E+01  0.358E-05  0.000E+00  0.111E-09  0.358E-05
  0.276E+01  0.371E-05  0.000E+00  0.112E-09  0.371E-05
  0.287E+01  0.386E-05  0.000E+00  0.114E-09  0.386E-05
  0.298E+01  0.401E-05  0.000E+00  0.115E-09  0.401E-05
  0.311E+01  0.416E-05  0.000E+00  0.117E-09  0.416E-05
  0.323E+01  0.432E-05  0.000E+00  0.119E-09  0.432E-05
  0.337E+01  0.449E-05  0.000E+00  0.120E-09  0.449E-05
  0.350E+01  0.467E-05  0.000E+00  0.122E-09  0.467E-05
  0.365E+01  0.486E-05  0.000E+00  0.125E-09  0.486E-05
  0.379E+01  0.505E-05  0.000E+00  0.127E-09  0.505E-05
  0.395E+01  0.525E-05  0.000E+00  0.129E-09  0.525E-05
  0.411E+01  0.547E-05  0.000E+00  0.132E-09  0.547E-05
  0.428E+01  0.569E-05  0.000E+00  0.134E-09  0.569E-05
  0.445E+01  0.592E-05  0.000E+00  0.137E-09  0.592E-05
  0.463E+01  0.616E-05  0.000E+00  0.139E-09  0.616E-05
  0.482E+01  0.641E-05  0.000E+00  0.142E-09  0.641E-05
  0.502E+01  0.668E-05  0.000E+00  0.145E-09  0.668E-05
  0.523E+01  0.695E-05  0.000E+00  0.148E-09  0.695E-05
  0.544E+01  0.724E-05  0.000E+00  0.151E-09  0.724E-05
  0.566E+01  0.754E-05  0.000E+00  0.154E-09  0.754E-05
  0.589E+01  0.785E-05  0.000E+00  0.157E-09  0.785E-05
  0.613E+01  0.818E-05  0.000E+00  0.160E-09  0.818E-05
  0.638E+01  0.852E-05  0.000E+00  0.163E-09  0.852E-05
  0.664E+01  0.888E-05  0.000E+00  0.166E-09  0.888E-05
  0.691E+01  0.926E-05  0.000E+00  0.168E-09  0.926E-05
  0.720E+01  0.965E-05  0.000E+00  0.171E-09  0.965E-05
  0.749E+01  0.101E-04  0.000E+00  0.174E-09  0.101E-04
  0.780E+01  0.105E-04  0.000E+00  0.176E-09  0.105E-04
  0.811E+01  0.109E-04  0.000E+00  0.178E-09  0.109E-04
  0.844E+01  0.114E-04  0.000E+00  0.181E-09  0.114E-04
  0.879E+01  0.119E-04  0.000E+00  0.182E-09  0.119E-04
  0.915E+01  0.124E-04  0.000E+00  0.184E-09  0.124E-04
  0.952E+01  0.129E-04  0.000E+00  0.185E-09  0.129E-04
  0.991E+01  0.134E-04  0.000E+00  0.186E-09  0.134E-04
  0.103E+02  0.140E-04  0.000E+00  0.186E-09  0.140E-04
  0.107E+02  0.146E-04  0.000E+00  0.186E-09  0.146E-04
  0.112E+02  0.152E-04  0.000E+00  0.185E-09  0.152E-04
  0.116E+02  0.159E-04  0.000E+00  0.183E-09  0.159E-04
  0.121E+02  0.165E-04  0.000E+00  0.181E-09  0.165E-04
  0.126E+02  0.172E-04  0.000E+00  0.178E-09  0.172E-04
  0.131E+02  0.179E-04  0.000E+00  0.174E-09  0.179E-04
  0.136E+02  0.187E-04  0.000E+00  0.169E-09  0.187E-04
  0.142E+02  0.195E-04  0.000E+00  0.163E-09  0.195E-04
  0.148E+02  0.203E-04  0.000E+00  0.156E-09  0.203E-04
  0.154E+02  0.211E-04  0.000E+00  0.148E-09  0.211E-04
  0.160E+02  0.220E-04  0.000E+00  0.138E-09  0.220E-04
  0.167E+02  0.229E-04  0.000E+00  0.128E-09  0.229E-04
  0.173E+02  0.238E-04  0.000E+00  0.117E-09  0.238E-04
  0.181E+02  0.248E-04  0.000E+00  0.105E-09  0.248E-04
  0.188E+02  0.258E-04  0.000E+00  0.926E-10  0.258E-04
  0.196E+02  0.268E-04  0.000E+00  0.805E-10  0.268E-04
  0.204E+02  0.279E-04  0.000E+00  0.688E-10  0.279E-04
  0.212E+02  0.290E-04  0.000E+00  0.581E-10  0.290E-04
  0.221E+02  0.302E-04  0.000E+00  0.486E-10  0.302E-04
  0.230E+02  0.314E-04  0.000E+00  0.407E-10  0.314E-04
  0.239E+02  0.326E-04  0.000E+00  0.344E-10  0.326E-04
  0.249E+02  0.339E-04  0.000E+00  0.297E-10  0.339E-04
  0.259E+02  0.352E-04  0.000E+00  0.263E-10  0.352E-04
  0.269E+02  0.365E-04  0.000E+00  0.240E-10  0.365E-04
  0.280E+02  0.379E-04  0.000E+00  0.225E-10  0.379E-04
  0.292E+02  0.394E-04  0.000E+00  0.216E-10  0.394E-04
  0.304E+02  0.409E-04  0.000E+00  0.210E-10  0.409E-04
  0.316E+02  0.424E-04  0.000E+00  0.207E-10  0.424E-04
  0.329E+02  0.440E-04  0.000E+00  0.206E-10  0.440E-04
  0.342E+02  0.456E-04  0.000E+00  0.206E-10  0.456E-04
  0.356E+02  0.473E-04  0.000E+00  0.206E-10  0.473E-04
  0.371E+02  0.490E-04  0.000E+00  0.206E-10  0.490E-04
  0.386E+02  0.507E-04  0.000E+00  0.207E-10  0.507E-04
  0.402E+02  0.526E-04  0.000E+00  0.207E-10  0.526E-04
  0.418E+02  0.544E-04  0.000E+00  0.208E-10  0.544E-04
  0.435E+02  0.563E-04  0.000E+00  0.208E-10  0.563E-04
  0.453E+02  0.583E-04  0.000E+00  0.208E-10  0.583E-04
  0.472E+02  0.603E-04  0.000E+00  0.208E-10  0.603E-04
  0.491E+02  0.624E-04  0.000E+00  0.207E-10  0.624E-04
  0.511E+02  0.645E-04  0.000E+00  0.207E-10  0.645E-04
  0.532E+02  0.667E-04  0.000E+00  0.206E-10  0.667E-04
  0.553E+02  0.689E-04  0.000E+00  0.205E-10  0.689E-04
  0.576E+02  0.712E-04  0.000E+00  0.203E-10  0.712E-04
  0.600E+02  0.735E-04  0.000E+00  0.201E-10  0.735E-04
  0.624E+02  0.759E-04  0.000E+00  0.199E-10  0.759E-04
  0.649E+02  0.783E-04  0.000E+00  0.197E-10  0.783E-04
  0.676E+02  0.807E-04  0.000E+00  0.194E-10  0.807E-04
  0.704E+02  0.833E-04  0.000E+00  0.192E-10  0.833E-04
  0.732E+02  0.858E-04  0.000E+00  0.189E-10  0.858E-04
  0.762E+02  0.884E-04  0.000E+00  0.185E-10  0.884E-04
  0.793E+02  0.911E-04  0.000E+00  0.182E-10  0.911E-04
  0.826E+02  0.938E-04  0.000E+00  0.179E-10  0.938E-04
  0.859E+02  0.966E-04  0.000E+00  0.175E-10  0.966E-04
  0.894E+02  0.994E-04  0.000E+00  0.172E-10  0.994E-04
  0.931E+02  0.102E-03  0.000E+00  0.168E-10  0.102E-03
  0.969E+02  0.105E-03  0.000E+00  0.164E-10  0.105E-03
  0.101E+03  0.108E-03  0.000E+00  0.159E-10  0.108E-03
  0.105E+03  0.110E-03  0.000E+00  0.150E-10  0.110E-03
  0.109E+03  0.112E-03  0.000E+00  0.142E-10  0.112E-03
  0.114E+03  0.115E-03  0.000E+00  0.135E-10  0.115E-03
  0.118E+03  0.117E-03  0.000E+00  0.129E-10  0.117E-03
  0.123E+03  0.120E-03  0.000E+00  0.122E-10  0.120E-03
  0.128E+03  0.122E-03  0.000E+00  0.117E-10  0.122E-03
  0.133E+03  0.124E-03  0.000E+00  0.111E-10  0.124E-03
  0.139E+03  0.127E-03  0.000E+00  0.106E-10  0.127E-03
  0.144E+03  0.129E-03  0.000E+00  0.101E-10  0.129E-03
  0.150E+03  0.132E-03  0.000E+00  0.966E-11  0.132E-03
  0.156E+03  0.134E-03  0.000E+00  0.923E-11  0.134E-03
  0.163E+03  0.136E-03  0.000E+00  0.883E-11  0.136E-03
  0.169E+03  0.139E-03  0.000E+00  0.846E-11  0.139E-03
  0.176E+03  0.141E-03  0.000E+00  0.810E-11  0.141E-03
  0.184E+03  0.143E-03  0.000E+00  0.777E-11  0.143E-03
  0.191E+03  0.145E-03  0.000E+00  0.745E-11  0.145E-03
  0.199E+03  0.147E-03  0.000E+00  0.715E-11  0.147E-03
  0.207E+03  0.150E-03  0.000E+00  0.687E-11  0.150E-03
  0.215E+03  0.152E-03  0.000E+00  0.660E-11  0.152E-03
  0.224E+03  0.154E-03  0.000E+00  0.635E-11  0.154E-03
  0.233E+03  0.156E-03  0.000E+00  0.611E-11  0.156E-03
  0.243E+03  0.158E-03  0.000E+00  0.588E-11  0.158E-03
  0.253E+03  0.159E-03  0.000E+00  0.566E-11  0.159E-03
  0.263E+03  0.161E-03  0.000E+00  0.545E-11  0.161E-03
  0.274E+03  0.163E-03  0.000E+00  0.525E-11  0.163E-03
  0.285E+03  0.165E-03  0.000E+00  0.506E-11  0.165E-03
  0.297E+03  0.166E-03  0.000E+00  0.488E-11  0.166E-03
  0.309E+03  0.168E-03  0.000E+00  0.471E-11  0.168E-03
  0.321E+03  0.169E-03  0.000E+00  0.454E-11  0.169E-03
  0.334E+03  0.170E-03  0.000E+00  0.439E-11  0.170E-03
  0.348E+03  0.172E-03  0.000E+00  0.423E-11  0.172E-03
  0.362E+03  0.173E-03  0.000E+00  0.409E-11  0.173E-03
  0.377E+03  0.174E-03  0.000E+00  0.394E-11  0.174E-03
  0.392E+03  0.175E-03  0.000E+00  0.381E-11  0.175E-03
  0.408E+03  0.176E-03  0.000E+00  0.368E-11  0.176E-03
  0.425E+03  0.176E-03  0.000E+00  0.355E-11  0.176E-03
  0.443E+03  0.177E-03  0.000E+00  0.343E-11  0.177E-03
  0.461E+03  0.178E-03  0.000E+00  0.331E-11  0.178E-03
  0.479E+03  0.178E-03  0.000E+00  0.320E-11  0.178E-03
  0.499E+03  0.179E-03  0.000E+00  0.309E-11  0.179E-03
  0.519E+03  0.179E-03  0.000E+00  0.298E-11  0.179E-03
  0.540E+03  0.179E-03  0.000E+00  0.288E-11  0.179E-03
  0.563E+03  0.179E-03  0.000E+00  0.277E-11  0.179E-03
  0.586E+03  0.179E-03  0.000E+00  0.268E-11  0.179E-03
  0.609E+03  0.178E-03  0.000E+00  0.258E-11  0.178E-03
  0.634E+03  0.178E-03  0.000E+00  0.249E-11  0.178E-03
  0.660E+03  0.178E-03  0.000E+00  0.240E-11  0.178E-03
  0.687E+03  0.177E-03  0.000E+00  0.231E-11  0.177E-03
  0.715E+03  0.176E-03  0.000E+00  0.222E-11  0.176E-03
  0.744E+03  0.175E-03  0.000E+00  0.214E-11  0.175E-03
  0.775E+03  0.174E-03  0.000E+00  0.205E-11  0.174E-03
  0.806E+03  0.173E-03  0.000E+00  0.197E-11  0.173E-03
  0.839E+03  0.172E-03  0.000E+00  0.189E-11  0.172E-03
  0.874E+03  0.171E-03  0.000E+00  0.181E-11  0.171E-03
  0.909E+03  0.169E-03  0.000E+00  0.174E-11  0.169E-03
  0.946E+03  0.167E-03  0.000E+00  0.166E-11  0.167E-03
  0.985E+03  0.166E-03  0.000E+00  0.159E-11  0.166E-03
  0.103E+04  0.164E-03  0.000E+00  0.152E-11  0.164E-03
  0.107E+04  0.162E-03  0.000E+00  0.145E-11  0.162E-03
  0.111E+04  0.160E-03  0.000E+00  0.138E-11  0.160E-03
  0.116E+04  0.158E-03  0.000E+00  0.131E-11  0.158E-03
  0.120E+04  0.156E-03  0.000E+00  0.125E-11  0.156E-03
  0.125E+04  0.153E-03  0.000E+00  0.118E-11  0.153E-03
  0.130E+04  0.151E-03  0.000E+00  0.112E-11  0.151E-03
  0.136E+04  0.149E-03  0.000E+00  0.106E-11  0.149E-03
  0.141E+04  0.146E-03  0.000E+00  0.999E-12  0.146E-03
  0.147E+04  0.144E-03  0.000E+00  0.941E-12  0.144E-03
  0.153E+04  0.141E-03  0.000E+00  0.885E-12  0.141E-03
  0.159E+04  0.138E-03  0.000E+00  0.830E-12  0.138E-03
  0.166E+04  0.136E-03  0.000E+00  0.777E-12  0.136E-03
  0.172E+04  0.133E-03  0.000E+00  0.726E-12  0.133E-03
  0.179E+04  0.130E-03  0.000E+00  0.677E-12  0.130E-03
  0.187E+04  0.127E-03  0.000E+00  0.629E-12  0.127E-03
  0.194E+04  0.125E-03  0.000E+00  0.584E-12  0.125E-03
  0.202E+04  0.122E-03  0.000E+00  0.540E-12  0.122E-03
  0.211E+04  0.119E-03  0.000E+00  0.498E-12  0.119E-03
  0.219E+04  0.116E-03  0.000E+00  0.459E-12  0.116E-03
  0.228E+04  0.113E-03  0.000E+00  0.421E-12  0.113E-03
  0.238E+04  0.111E-03  0.000E+00  0.385E-12  0.111E-03
  0.247E+04  0.108E-03  0.000E+00  0.352E-12  0.108E-03
  0.257E+04  0.105E-03  0.000E+00  0.320E-12  0.105E-03
  0.268E+04  0.103E-03  0.000E+00  0.290E-12  0.103E-03
  0.279E+04  0.999E-04  0.000E+00  0.262E-12  0.999E-04
  0.290E+04  0.973E-04  0.000E+00  0.237E-12  0.973E-04
  0.302E+04  0.947E-04  0.000E+00  0.213E-12  0.947E-04
  0.314E+04  0.922E-04  0.000E+00  0.190E-12  0.922E-04
  0.327E+04  0.897E-04  0.000E+00  0.170E-12  0.897E-04
  0.340E+04  0.872E-04  0.000E+00  0.151E-12  0.872E-04
  0.354E+04  0.849E-04  0.000E+00  0.134E-12  0.849E-04
  0.369E+04  0.826E-04  0.000E+00  0.119E-12  0.826E-04
  0.384E+04  0.803E-04  0.000E+00  0.105E-12  0.803E-04
  0.400E+04  0.781E-04  0.000E+00  0.918E-13  0.781E-04
  0.416E+04  0.760E-04  0.000E+00  0.803E-13  0.760E-04
  0.433E+04  0.739E-04  0.000E+00  0.700E-13  0.739E-04
  0.450E+04  0.719E-04  0.000E+00  0.608E-13  0.719E-04
  0.469E+04  0.699E-04  0.000E+00  0.526E-13  0.699E-04
  0.488E+04  0.680E-04  0.000E+00  0.454E-13  0.680E-04
  0.508E+04  0.662E-04  0.000E+00  0.390E-13  0.662E-04
  0.529E+04  0.644E-04  0.000E+00  0.334E-13  0.644E-04
  0.550E+04  0.627E-04  0.000E+00  0.284E-13  0.627E-04
  0.573E+04  0.610E-04  0.000E+00  0.241E-13  0.610E-04
  0.596E+04  0.594E-04  0.000E+00  0.204E-13  0.594E-04
  0.620E+04  0.578E-04  0.000E+00  0.172E-13  0.578E-04
  0.646E+04  0.563E-04  0.000E+00  0.144E-13  0.563E-04
  0.672E+04  0.548E-04  0.000E+00  0.120E-13  0.548E-04
  0.699E+04  0.534E-04  0.000E+00  0.996E-14  0.534E-04
  0.728E+04  0.520E-04  0.000E+00  0.822E-14  0.520E-04
  0.758E+04  0.507E-04  0.000E+00  0.675E-14  0.507E-04
  0.788E+04  0.494E-04  0.000E+00  0.551E-14  0.494E-04
  0.821E+04  0.481E-04  0.000E+00  0.446E-14  0.481E-04
  0.854E+04  0.469E-04  0.000E+00  0.359E-14  0.469E-04
  0.889E+04  0.457E-04  0.000E+00  0.287E-14  0.457E-04
  0.925E+04  0.445E-04  0.000E+00  0.228E-14  0.445E-04
  0.963E+04  0.433E-04  0.000E+00  0.179E-14  0.433E-04
  0.100E+05  0.421E-04  0.000E+00  0.139E-14  0.421E-04
  0.104E+05  0.410E-04  0.000E+00  0.107E-14  0.410E-04
  0.109E+05  0.399E-04  0.000E+00  0.813E-15  0.399E-04
  0.113E+05  0.388E-04  0.000E+00  0.610E-15  0.388E-04
  0.118E+05  0.377E-04  0.000E+00  0.452E-15  0.377E-04
  0.122E+05  0.366E-04  0.000E+00  0.329E-15  0.366E-04
  0.127E+05  0.355E-04  0.000E+00  0.236E-15  0.355E-04
  0.133E+05  0.344E-04  0.000E+00  0.166E-15  0.344E-04
  0.138E+05  0.332E-04  0.000E+00  0.115E-15  0.332E-04
  0.144E+05  0.321E-04  0.000E+00  0.776E-16  0.321E-04
  0.149E+05  0.310E-04  0.000E+00  0.514E-16  0.310E-04
  0.155E+05  0.299E-04  0.000E+00  0.332E-16  0.299E-04
  0.162E+05  0.287E-04  0.000E+00  0.209E-16  0.287E-04
  0.168E+05  0.276E-04  0.000E+00  0.129E-16  0.276E-04
  0.175E+05  0.264E-04  0.000E+00  0.778E-17  0.264E-04
  0.182E+05  0.252E-04  0.000E+00  0.458E-17  0.252E-04
  0.190E+05  0.241E-04  0.000E+00  0.264E-17  0.241E-04
  0.198E+05  0.229E-04  0.000E+00  0.149E-17  0.229E-04
  0.206E+05  0.217E-04  0.000E+00  0.826E-18  0.217E-04
  0.214E+05  0.206E-04  0.000E+00  0.449E-18  0.206E-04
  0.223E+05  0.194E-04  0.000E+00  0.240E-18  0.194E-04
  0.232E+05  0.183E-04  0.000E+00  0.127E-18  0.183E-04
  0.241E+05  0.172E-04  0.000E+00  0.659E-19  0.172E-04
  0.251E+05  0.161E-04  0.000E+00  0.339E-19  0.161E-04
  0.261E+05  0.150E-04  0.000E+00  0.173E-19  0.150E-04
  0.272E+05  0.140E-04  0.000E+00  0.874E-20  0.140E-04
  0.283E+05  0.131E-04  0.000E+00  0.440E-20  0.131E-04
  0.295E+05  0.121E-04  0.000E+00  0.220E-20  0.121E-04
  0.307E+05  0.112E-04  0.000E+00  0.110E-20  0.112E-04
  0.319E+05  0.104E-04  0.000E+00  0.554E-21  0.104E-04
  0.332E+05  0.959E-05  0.000E+00  0.279E-21  0.959E-05
  0.346E+05  0.883E-05  0.000E+00  0.141E-21  0.883E-05
  0.360E+05  0.811E-05  0.000E+00  0.720E-22  0.811E-05
  0.375E+05  0.744E-05  0.000E+00  0.372E-22  0.744E-05
  0.390E+05  0.681E-05  0.000E+00  0.194E-22  0.681E-05
  0.406E+05  0.621E-05  0.000E+00  0.103E-22  0.621E-05
  0.423E+05  0.566E-05  0.000E+00  0.554E-23  0.566E-05
  0.440E+05  0.515E-05  0.000E+00  0.303E-23  0.515E-05
  0.458E+05  0.467E-05  0.000E+00  0.169E-23  0.467E-05
  0.477E+05  0.422E-05  0.000E+00  0.951E-24  0.422E-05
  0.496E+05  0.381E-05  0.000E+00  0.544E-24  0.381E-05
  0.516E+05  0.344E-05  0.000E+00  0.316E-24  0.344E-05
  0.537E+05  0.309E-05  0.000E+00  0.185E-24  0.309E-05
  0.559E+05  0.277E-05  0.000E+00  0.109E-24  0.277E-05
  0.582E+05  0.248E-05  0.000E+00  0.650E-25  0.248E-05
  0.606E+05  0.221E-05  0.000E+00  0.390E-25  0.221E-05
  0.631E+05  0.197E-05  0.000E+00  0.234E-25  0.197E-05
  0.656E+05  0.175E-05  0.000E+00  0.141E-25  0.175E-05
  0.683E+05  0.156E-05  0.000E+00  0.852E-26  0.156E-05
  0.711E+05  0.138E-05  0.000E+00  0.513E-26  0.138E-05
  0.740E+05  0.121E-05  0.000E+00  0.309E-26  0.121E-05
  0.770E+05  0.107E-05  0.000E+00  0.186E-26  0.107E-05
  0.802E+05  0.937E-06  0.000E+00  0.112E-26  0.937E-06
  0.834E+05  0.820E-06  0.000E+00  0.674E-27  0.820E-06
  0.868E+05  0.715E-06  0.000E+00  0.407E-27  0.715E-06
  0.904E+05  0.622E-06  0.000E+00  0.247E-27  0.622E-06
  0.941E+05  0.540E-06  0.000E+00  0.151E-27  0.540E-06
  0.979E+05  0.467E-06  0.000E+00  0.940E-28  0.467E-06
  0.102E+06  0.402E-06  0.000E+00  0.622E-28  0.402E-06
  0.106E+06  0.346E-06  0.000E+00  0.391E-28  0.346E-06
  0.110E+06  0.296E-06  0.000E+00  0.254E-28  0.296E-06
  0.115E+06  0.253E-06  0.000E+00  0.173E-28  0.253E-06
  0.120E+06  0.215E-06  0.000E+00  0.129E-28  0.215E-06
  0.124E+06  0.182E-06  0.000E+00  0.869E-29  0.182E-06
  0.130E+06  0.154E-06  0.000E+00  0.710E-29  0.154E-06
  0.135E+06  0.129E-06  0.000E+00  0.478E-29  0.129E-06
  0.140E+06  0.109E-06  0.000E+00  0.363E-29  0.109E-06
  0.146E+06  0.907E-07  0.000E+00  0.281E-29  0.907E-07
  0.152E+06  0.755E-07  0.000E+00  0.215E-29  0.755E-07
  0.158E+06  0.626E-07  0.000E+00  0.235E-29  0.626E-07
  0.165E+06  0.517E-07  0.000E+00  0.130E-29  0.517E-07
  0.171E+06  0.425E-07  0.000E+00  0.119E-29  0.425E-07
  0.178E+06  0.348E-07  0.000E+00  0.789E-30  0.348E-07
  0.186E+06  0.284E-07  0.000E+00  0.614E-30  0.284E-07
  0.193E+06  0.231E-07  0.000E+00  0.477E-30  0.231E-07
  0.201E+06  0.187E-07  0.000E+00  0.370E-30  0.187E-07
  0.209E+06  0.150E-07  0.000E+00  0.286E-30  0.150E-07
  0.218E+06  0.120E-07  0.000E+00  0.220E-30  0.120E-07
  0.227E+06  0.960E-08  0.000E+00  0.169E-30  0.960E-08
  0.236E+06  0.762E-08  0.000E+00  0.129E-30  0.762E-08
  0.246E+06  0.602E-08  0.000E+00  0.985E-31  0.602E-08
  0.256E+06  0.473E-08  0.000E+00  0.747E-31  0.473E-08
  0.266E+06  0.370E-08  0.000E+00  0.565E-31  0.370E-08
  0.277E+06  0.288E-08  0.000E+00  0.425E-31  0.288E-08
  0.288E+06  0.223E-08  0.000E+00  0.318E-31  0.223E-08
  0.300E+06  0.172E-08  0.000E+00  0.237E-31  0.172E-08
  0.312E+06  0.132E-08  0.000E+00  0.176E-31  0.132E-08
  0.325E+06  0.100E-08  0.000E+00  0.130E-31  0.100E-08
  0.338E+06  0.760E-09  0.000E+00  0.952E-32  0.760E-09
  0.352E+06  0.573E-09  0.000E+00  0.695E-32  0.573E-09
  0.367E+06  0.429E-09  0.000E+00  0.505E-32  0.429E-09
  0.382E+06  0.319E-09  0.000E+00  0.365E-32  0.319E-09
  0.397E+06  0.236E-09  0.000E+00  0.262E-32  0.236E-09
  0.413E+06  0.174E-09  0.000E+00  0.188E-32  0.174E-09
  0.430E+06  0.127E-09  0.000E+00  0.133E-32  0.127E-09
  0.448E+06  0.923E-10  0.000E+00  0.937E-33  0.923E-10
  0.466E+06  0.666E-10  0.000E+00  0.657E-33  0.666E-10
  0.485E+06  0.477E-10  0.000E+00  0.458E-33  0.477E-10
  0.505E+06  0.340E-10  0.000E+00  0.319E-33  0.340E-10
  0.525E+06  0.240E-10  0.000E+00  0.218E-33  0.240E-10
  0.547E+06  0.169E-10  0.000E+00  0.149E-33  0.169E-10
  0.569E+06  0.118E-10  0.000E+00  0.101E-33  0.118E-10
  0.592E+06  0.813E-11  0.000E+00  0.680E-34  0.813E-11
  0.617E+06  0.558E-11  0.000E+00  0.455E-34  0.558E-11
  0.642E+06  0.381E-11  0.000E+00  0.303E-34  0.381E-11
  0.668E+06  0.257E-11  0.000E+00  0.199E-34  0.257E-11
  0.695E+06  0.173E-11  0.000E+00  0.820E-34  0.173E-11
  0.724E+06  0.115E-11  0.000E+00  0.843E-35  0.115E-11
  0.753E+06  0.759E-12  0.000E+00  0.543E-35  0.759E-12
  0.784E+06  0.497E-12  0.000E+00  0.346E-35  0.497E-12
  0.816E+06  0.322E-12  0.000E+00  0.219E-35  0.322E-12
  0.849E+06  0.207E-12  0.000E+00  0.138E-35  0.207E-12
  0.884E+06  0.132E-12  0.000E+00  0.855E-36  0.132E-12
  0.920E+06  0.836E-13  0.000E+00  0.528E-36  0.836E-13
  0.957E+06  0.524E-13  0.000E+00  0.323E-36  0.524E-13
  0.996E+06  0.325E-13  0.000E+00  0.150E-33  0.325E-13
  0.104E+07  0.200E-13  0.000E+00  0.117E-36  0.200E-13
  0.108E+07  0.121E-13  0.000E+00  0.695E-37  0.121E-13
  0.112E+07  0.732E-14  0.000E+00  0.409E-37  0.732E-14
  0.117E+07  0.437E-14  0.000E+00  0.238E-37  0.437E-14
  0.122E+07  0.258E-14  0.000E+00  0.137E-37  0.258E-14
  0.127E+07  0.151E-14  0.000E+00  0.784E-38  0.151E-14
  0.132E+07  0.870E-15  0.000E+00  0.443E-38  0.870E-15
  0.137E+07  0.497E-15  0.000E+00  0.247E-38  0.497E-15
  0.143E+07  0.281E-15  0.000E+00  0.137E-38  0.281E-15
  0.149E+07  0.157E-15  0.000E+00  0.746E-39  0.157E-15
  0.155E+07  0.868E-16  0.000E+00  0.405E-39  0.868E-16
  0.161E+07  0.474E-16  0.000E+00  0.170E-38  0.474E-16
  0.168E+07  0.256E-16  0.000E+00  0.113E-39  0.256E-16
  0.174E+07  0.136E-16  0.000E+00  0.591E-40  0.136E-16
  0.182E+07  0.717E-17  0.000E+00  0.725E-40  0.717E-17
  0.189E+07  0.373E-17  0.000E+00  0.155E-40  0.373E-17
  0.197E+07  0.191E-17  0.000E+00  0.775E-41  0.191E-17
  0.205E+07  0.968E-18  0.000E+00  0.384E-41  0.968E-18
  0.213E+07  0.483E-18  0.000E+00  0.188E-41  0.483E-18
  0.222E+07  0.238E-18  0.000E+00  0.184E-41  0.238E-18
  0.231E+07  0.116E-18  0.000E+00  0.344E-38  0.116E-18
  0.240E+07  0.554E-19  0.000E+00  0.111E-33  0.554E-19
  0.250E+07  0.262E-19  0.000E+00  0.620E-42  0.262E-19
  0.260E+07  0.122E-19  0.000E+00  0.472E-41  0.122E-19
  0.271E+07  0.558E-20  0.000E+00  0.190E-43  0.558E-20
  0.282E+07  0.252E-20  0.000E+00  0.872E-44  0.252E-20
  0.293E+07  0.112E-20  0.000E+00  0.366E-44  0.112E-20
  0.305E+07  0.489E-21  0.000E+00  0.114E-43  0.489E-21
  0.318E+07  0.210E-21  0.000E+00  0.202E-42  0.210E-21
  0.331E+07  0.891E-22  0.000E+00  0.275E-45  0.891E-22
  0.344E+07  0.371E-22  0.000E+00  0.115E-45  0.371E-22
  0.358E+07  0.152E-22  0.000E+00  0.146E-44  0.152E-22
  0.373E+07  0.610E-23  0.000E+00  0.189E-46  0.610E-23
  0.388E+07  0.241E-23  0.000E+00  0.109E-44  0.241E-23
  0.404E+07  0.934E-24  0.000E+00  0.838E-45  0.934E-24
  0.421E+07  0.356E-24  0.000E+00  0.116E-47  0.356E-24
  0.438E+07  0.133E-24  0.000E+00  0.353E-48  0.133E-24
  0.456E+07  0.487E-25  0.000E+00  0.133E-41  0.487E-25
  0.474E+07  0.175E-25  0.000E+00  0.446E-49  0.175E-25
  0.493E+07  0.617E-26  0.000E+00  0.729E-40  0.617E-26
  0.514E+07  0.213E-26  0.000E+00  0.170E-46  0.213E-26
  0.535E+07  0.722E-27  0.000E+00  0.173E-50  0.722E-27
  0.556E+07  0.239E-27  0.000E+00  0.562E-51  0.239E-27
  0.579E+07  0.776E-28  0.000E+00  0.179E-51  0.776E-28
  0.603E+07  0.246E-28  0.000E+00  0.556E-52  0.246E-28
  0.627E+07  0.764E-29  0.000E+00  0.169E-52  0.764E-29
  0.653E+07  0.232E-29  0.000E+00  0.503E-53  0.232E-29
  0.680E+07  0.689E-30  0.000E+00  0.146E-53  0.689E-30
  0.707E+07  0.200E-30  0.000E+00  0.416E-54  0.200E-30
  0.736E+07  0.565E-31  0.000E+00  0.115E-54  0.565E-31
  0.766E+07  0.156E-31  0.000E+00  0.313E-55  0.156E-31
  0.798E+07  0.421E-32  0.000E+00  0.827E-56  0.421E-32
  0.830E+07  0.111E-32  0.000E+00  0.213E-56  0.111E-32
  0.864E+07  0.283E-33  0.000E+00  0.536E-57  0.283E-33
  0.899E+07  0.708E-34  0.000E+00  0.131E-57  0.708E-34
  0.936E+07  0.172E-34  0.000E+00  0.313E-58  0.172E-34
  0.974E+07  0.408E-35  0.000E+00  0.727E-59  0.408E-35
  0.101E+08  0.939E-36  0.000E+00  0.164E-59  0.939E-36
  0.106E+08  0.210E-36  0.000E+00  0.361E-60  0.210E-36
  0.110E+08  0.458E-37  0.000E+00  0.771E-61  0.458E-37
  0.114E+08  0.969E-38  0.000E+00  0.160E-61  0.969E-38
  0.119E+08  0.199E-38  0.000E+00  0.322E-62  0.199E-38
  0.124E+08  0.397E-39  0.000E+00  0.631E-63  0.397E-39
  0.129E+08  0.768E-40  0.000E+00  0.120E-63  0.768E-40
  0.134E+08  0.144E-40  0.000E+00  0.220E-64  0.144E-40
  0.140E+08  0.262E-41  0.000E+00  0.393E-65  0.262E-41
  0.145E+08  0.461E-42  0.000E+00  0.678E-66  0.461E-42
  0.151E+08  0.785E-43  0.000E+00  0.113E-66  0.785E-43
  0.157E+08  0.129E-43  0.000E+00  0.183E-67  0.129E-43
  0.164E+08  0.206E-44  0.000E+00  0.287E-68  0.206E-44
  0.171E+08  0.318E-45  0.000E+00  0.434E-69  0.318E-45
  0.177E+08  0.472E-46  0.000E+00  0.633E-70  0.472E-46
  0.185E+08  0.678E-47  0.000E+00  0.892E-71  0.678E-47
  0.192E+08  0.939E-48  0.000E+00  0.121E-71  0.939E-48
  0.200E+08  0.125E-48  0.000E+00  0.159E-72  0.125E-48
  0.208E+08  0.161E-49  0.000E+00  0.201E-73  0.161E-49
  0.217E+08  0.200E-50  0.000E+00  0.244E-74  0.200E-50
  0.226E+08  0.238E-51  0.000E+00  0.285E-75  0.238E-51
  0.235E+08  0.274E-52  0.000E+00  0.497E-76  0.274E-52
  0.244E+08  0.302E-53  0.000E+00  0.348E-77  0.302E-53
  0.254E+08  0.319E-54  0.000E+00  0.362E-78  0.319E-54
  0.265E+08  0.324E-55  0.000E+00  0.360E-79  0.324E-55
  0.276E+08  0.315E-56  0.000E+00  0.355E-80  0.315E-56
  0.287E+08  0.664E-53  0.000E+00  0.712E-77  0.664E-53
  0.299E+08  0.593E-54  0.000E+00  0.625E-78  0.593E-54
  0.311E+08  0.507E-55  0.000E+00  0.524E-79  0.507E-55
  0.323E+08  0.415E-56  0.000E+00  0.421E-80  0.415E-56
  0.337E+08  0.324E-57  0.000E+00  0.323E-81  0.324E-57
  0.350E+08  0.269E-53  0.000E+00  0.263E-77  0.269E-53
  0.365E+08  0.191E-54  0.000E+00  0.184E-78  0.191E-54
  0.380E+08  0.130E-55  0.000E+00  0.123E-79  0.130E-55
  0.395E+08  0.840E-57  0.000E+00  0.779E-81  0.840E-57
  0.411E+08  0.518E-58  0.000E+00  0.472E-82  0.518E-58
  0.428E+08  0.303E-59  0.000E+00  0.271E-83  0.303E-59
  0.445E+08  0.169E-60  0.000E+00  0.149E-84  0.169E-60
  0.464E+08  0.895E-62  0.000E+00  0.773E-86  0.895E-62
  0.482E+08  0.459E-63  0.000E+00  0.389E-87  0.459E-63
  0.502E+08  0.294E-64  0.000E+00  0.246E-88  0.294E-64
  0.523E+08  0.779E-65  0.000E+00  0.640E-89  0.779E-65
  0.544E+08  0.584E-65  0.000E+00  0.472E-89  0.584E-65
  0.566E+08  0.514E-65  0.000E+00  0.408E-89  0.514E-65
  0.589E+08  0.420E-65  0.000E+00  0.328E-89  0.420E-65
  0.613E+08  0.378E-60  0.000E+00  0.288E-84  0.378E-60
  0.638E+08  0.129E-61  0.000E+00  0.964E-86  0.129E-61
  0.664E+08  0.225E-61  0.000E+00  0.174E-85  0.225E-61
  0.692E+08  0.681E-63  0.000E+00  0.918E-87  0.681E-63
  0.720E+08  0.212E-64  0.000E+00  0.151E-88  0.212E-64
  0.749E+08  0.211E-65  0.000E+00  0.148E-89  0.211E-65
  0.780E+08  0.758E-57  0.000E+00  0.520E-81  0.758E-57
  0.812E+08  0.179E-58  0.000E+00  0.121E-82  0.179E-58
  0.845E+08  0.396E-60  0.000E+00  0.262E-84  0.396E-60
  0.879E+08  0.820E-62  0.000E+00  0.534E-86  0.820E-62
  0.915E+08  0.160E-63  0.000E+00  0.102E-87  0.160E-63
  0.952E+08  0.349E-65  0.000E+00  0.220E-89  0.349E-65
  0.991E+08  0.124E-59  0.000E+00  0.765E-84  0.124E-59
  0.103E+09  0.196E-61  0.000E+00  0.119E-85  0.196E-61
  0.107E+09  0.289E-63  0.000E+00  0.173E-87  0.289E-63
  0.112E+09  0.428E-65  0.000E+00  0.251E-89  0.428E-65
  0.116E+09  0.320E-66  0.000E+00  0.186E-90  0.320E-66
  0.121E+09  0.174E-63  0.000E+00  0.988E-88  0.174E-63
  0.126E+09  0.211E-65  0.000E+00  0.118E-89  0.211E-65
  0.131E+09  0.186E-66  0.000E+00  0.103E-90  0.186E-66
  0.136E+09  0.143E-66  0.000E+00  0.776E-91  0.143E-66
  0.142E+09  0.139E-66  0.000E+00  0.738E-91  0.139E-66
  0.148E+09  0.103E-66  0.000E+00  0.539E-91  0.103E-66
  0.154E+09  0.921E-67  0.000E+00  0.474E-91  0.921E-67
  0.160E+09  0.111E-66  0.000E+00  0.560E-91  0.111E-66
  0.167E+09  0.638E-67  0.000E+00  0.318E-91  0.638E-67
  0.174E+09  0.541E-67  0.000E+00  0.265E-91  0.541E-67
  0.181E+09  0.461E-67  0.000E+00  0.222E-91  0.461E-67
  0.188E+09  0.393E-67  0.000E+00  0.186E-91  0.393E-67
  0.196E+09  0.334E-67  0.000E+00  0.156E-91  0.334E-67
  0.204E+09  0.285E-67  0.000E+00  0.131E-91  0.285E-67
  0.212E+09  0.582E-60  0.000E+00  0.261E-84  0.582E-60
  0.221E+09  0.204E-62  0.000E+00  0.902E-87  0.204E-62
  0.230E+09  0.657E-65  0.000E+00  0.285E-89  0.657E-65
  0.239E+09  0.342E-67  0.000E+00  0.146E-91  0.342E-67
  0.249E+09  0.128E-67  0.000E+00  0.542E-92  0.128E-67
  0.259E+09  0.109E-67  0.000E+00  0.454E-92  0.109E-67
  0.269E+09  0.111E-67  0.000E+00  0.453E-92  0.111E-67
  0.280E+09  0.791E-68  0.000E+00  0.318E-92  0.791E-68
  0.292E+09  0.689E-68  0.000E+00  0.273E-92  0.689E-68
  0.304E+09  0.574E-68  0.000E+00  0.224E-92  0.574E-68
  0.316E+09  0.489E-68  0.000E+00  0.187E-92  0.489E-68
  0.329E+09  0.171E-66  0.000E+00  0.642E-91  0.171E-66
  0.343E+09  0.383E-68  0.000E+00  0.142E-92  0.383E-68
  0.356E+09  0.313E-68  0.000E+00  0.115E-92  0.313E-68
  0.371E+09  0.268E-68  0.000E+00  0.963E-93  0.268E-68
  0.386E+09  0.238E-68  0.000E+00  0.843E-93  0.238E-68
  0.402E+09  0.187E-68  0.000E+00  0.652E-93  0.187E-68
  0.418E+09  0.167E-68  0.000E+00  0.573E-93  0.167E-68
  0.435E+09  0.136E-68  0.000E+00  0.459E-93  0.136E-68
  0.453E+09  0.435E-61  0.000E+00  0.144E-85  0.435E-61
  0.472E+09  0.259E-60  0.000E+00  0.846E-85  0.259E-60
  0.491E+09  0.119E-63  0.000E+00  0.382E-88  0.119E-63
  0.511E+09  0.500E-67  0.000E+00  0.158E-91  0.500E-67
  0.532E+09  0.627E-69  0.000E+00  0.196E-93  0.627E-69
  0.553E+09  0.518E-69  0.000E+00  0.160E-93  0.518E-69
  0.576E+09  0.442E-69  0.000E+00  0.134E-93  0.442E-69
  0.600E+09  0.473E-69  0.000E+00  0.141E-93  0.473E-69
  0.624E+09  0.322E-69  0.000E+00  0.948E-94  0.322E-69
  0.650E+09  0.274E-69  0.000E+00  0.795E-94  0.274E-69
  0.676E+09  0.189E-62  0.000E+00  0.537E-87  0.189E-62
  0.704E+09  0.306E-66  0.000E+00  0.858E-91  0.306E-66
  0.732E+09  0.278E-69  0.000E+00  0.771E-94  0.278E-69
  0.762E+09  0.144E-69  0.000E+00  0.393E-94  0.144E-69
  0.793E+09  0.122E-69  0.000E+00  0.330E-94  0.122E-69
  0.826E+09  0.128E-69  0.000E+00  0.341E-94  0.128E-69
  0.859E+09  0.888E-70  0.000E+00  0.232E-94  0.888E-70
  0.894E+09  0.758E-70  0.000E+00  0.196E-94  0.758E-70
  0.931E+09  0.644E-70  0.000E+00  0.164E-94  0.644E-70
  0.969E+09  0.547E-70  0.000E+00  0.137E-94  0.547E-70
  0.101E+10  0.465E-70  0.000E+00  0.115E-94  0.465E-70
  0.105E+10  0.519E-70  0.000E+00  0.126E-94  0.519E-70
  0.109E+10  0.336E-70  0.000E+00  0.806E-95  0.336E-70
  0.114E+10  0.285E-70  0.000E+00  0.675E-95  0.285E-70
  0.118E+10  0.870E-70  0.000E+00  0.202E-94  0.870E-70
  0.123E+10  0.206E-70  0.000E+00  0.474E-95  0.206E-70
  0.128E+10  0.175E-70  0.000E+00  0.397E-95  0.175E-70
  0.133E+10  0.149E-70  0.000E+00  0.333E-95  0.149E-70
  0.139E+10  0.927E-64  0.000E+00  0.204E-88  0.927E-64
  0.145E+10  0.124E-68  0.000E+00  0.269E-93  0.124E-68
  0.150E+10  0.913E-71  0.000E+00  0.196E-95  0.913E-71
  0.157E+10  0.877E-71  0.000E+00  0.186E-95  0.877E-71
  0.163E+10  0.187E-60  0.000E+00  0.390E-85  0.187E-60
  0.170E+10  0.137E-65  0.000E+00  0.282E-90  0.137E-65
  0.177E+10  0.136E-70  0.000E+00  0.277E-95  0.136E-70
  0.184E+10  0.403E-71  0.000E+00  0.812E-96  0.403E-71
  0.191E+10  0.342E-71  0.000E+00  0.681E-96  0.342E-71
  0.199E+10  0.618E-62  0.000E+00  0.121E-86  0.618E-62
  0.207E+10  0.210E-67  0.000E+00  0.406E-92  0.210E-67
  0.216E+10  0.216E-71  0.000E+00  0.413E-96  0.216E-71
  0.224E+10  0.178E-71  0.000E+00  0.337E-96  0.178E-71
  0.234E+10  0.151E-71  0.000E+00  0.282E-96  0.151E-71
  0.243E+10  0.130E-71  0.000E+00  0.240E-96  0.130E-71
  0.253E+10  0.147E-71  0.000E+00  0.269E-96  0.147E-71
  0.263E+10  0.924E-72  0.000E+00  0.167E-96  0.924E-72
  0.274E+10  0.510E-71  0.000E+00  0.906E-96  0.510E-71
  0.285E+10  0.664E-72  0.000E+00  0.117E-96  0.664E-72
  0.297E+10  0.564E-72  0.000E+00  0.983E-97  0.564E-72
  0.309E+10  0.489E-72  0.000E+00  0.843E-97  0.489E-72
  0.322E+10  0.405E-72  0.000E+00  0.691E-97  0.405E-72
  0.335E+10  0.565E-72  0.000E+00  0.951E-97  0.565E-72
  0.348E+10  0.291E-72  0.000E+00  0.486E-97  0.291E-72
  0.363E+10  0.247E-72  0.000E+00  0.408E-97  0.247E-72
  0.377E+10  0.209E-72  0.000E+00  0.342E-97  0.209E-72
  0.393E+10  0.177E-72  0.000E+00  0.287E-97  0.177E-72
  0.409E+10  0.150E-72  0.000E+00  0.240E-97  0.150E-72
  0.426E+10  0.191E-72  0.000E+00  0.302E-97  0.191E-72
  0.443E+10  0.108E-72  0.000E+00  0.169E-97  0.108E-72
  0.461E+10  0.217E-72  0.000E+00  0.337E-97  0.217E-72
  0.480E+10  0.772E-73  0.000E+00  0.119E-97  0.772E-73
  0.499E+10  0.653E-73  0.000E+00  0.995E-98  0.653E-73
  0.520E+10  0.552E-73  0.000E+00  0.834E-98  0.552E-73
  0.541E+10  0.194E-65  0.000E+00  0.288E-90  0.194E-65
  0.563E+10  0.129E-72  0.000E+00  0.191E-97  0.129E-72
  0.586E+10  0.334E-73  0.000E+00  0.491E-98  0.334E-73
  0.610E+10  0.282E-73  0.000E+00  0.411E-98  0.282E-73
  0.635E+10  0.238E-73  0.000E+00  0.344E-98  0.238E-73
  0.661E+10  0.201E-73  0.000E+00  0.288E-98  0.201E-73
  0.688E+10  0.170E-73  0.000E+00  0.241E-98  0.170E-73
  0.716E+10  0.143E-73  0.000E+00  0.202E-98  0.143E-73
  0.745E+10  0.189E-63  0.000E+00  0.263E-88  0.189E-63
  0.776E+10  0.189E-71  0.000E+00  0.261E-96  0.189E-71
  0.807E+10  0.351E-73  0.000E+00  0.484E-98  0.351E-73
  0.840E+10  0.724E-74  0.000E+00  0.991E-99  0.724E-74
  0.874E+10  0.610E-74  0.000E+00  0.829E-99  0.610E-74
  0.910E+10  0.513E-74  0.000E+00  0.693E-99  0.513E-74
  0.947E+10  0.471E-74  0.000E+00  0.632E-99  0.471E-74
  0.986E+10  0.363E-74  0.000E+00  0.484E-99  0.363E-74
  0.103E+11  0.219E-68  0.000E+00  0.288E-93  0.219E-68
  0.107E+11  0.257E-74  0.000E+00  0.338E-99  0.257E-74
  0.111E+11  0.215E-74  0.000E+00  0.282E-99  0.215E-74
  0.116E+11  0.227E-67  0.000E+00  0.295E-92  0.227E-67
  0.120E+11  0.154E-74  0.000E+00  0.199E-99  0.154E-74
  0.125E+11  0.143E-74  0.000E+00  0.184E-99  0.143E-74
  0.130E+11  0.107E-74  0.000E+00  0.136E-99  0.107E-74
  0.136E+11  0.892E-75  0.000E+00  0.114E-99  0.892E-75
  0.141E+11  0.745E-75  0.000E+00  0.947-100  0.745E-75
  0.147E+11  0.503E-73  0.000E+00  0.640E-98  0.503E-73
  0.153E+11  0.515E-75  0.000E+00  0.655-100  0.515E-75
  0.159E+11  0.426E-75  0.000E+00  0.544-100  0.426E-75
  0.166E+11  0.352E-75  0.000E+00  0.451-100  0.352E-75
  0.173E+11  0.168E-64  0.000E+00  0.216E-89  0.168E-64
  0.180E+11  0.546E-72  0.000E+00  0.705E-97  0.546E-72
  0.187E+11  0.195E-75  0.000E+00  0.255-100  0.195E-75
  0.194E+11  0.172E-75  0.000E+00  0.226-100  0.172E-75
  0.202E+11  0.132E-75  0.000E+00  0.176-100  0.132E-75
  0.211E+11  0.106E-75  0.000E+00  0.143-100  0.106E-75
  0.219E+11  0.862E-76  0.000E+00  0.117-100  0.862E-76
  0.228E+11  0.697E-76  0.000E+00  0.963-101  0.697E-76
  0.237E+11  0.341E-74  0.000E+00  0.476E-99  0.341E-74
  0.247E+11  0.705E-76  0.000E+00  0.100-100  0.705E-76
  0.257E+11  0.378E-76  0.000E+00  0.547-101  0.378E-76
  0.268E+11  0.290E-76  0.000E+00  0.426-101  0.290E-76
  0.279E+11  0.313E-76  0.000E+00  0.469-101  0.313E-76
  0.290E+11  0.388E-65  0.000E+00  0.592E-90  0.388E-65
  0.302E+11  0.159E-76  0.000E+00  0.248-101  0.159E-76
  0.314E+11  0.115E-76  0.000E+00  0.184-101  0.115E-76
  0.327E+11  0.884E-77  0.000E+00  0.145-101  0.884E-77
  0.340E+11  0.311E-76  0.000E+00  0.521-101  0.311E-76
  0.354E+11  0.531E-77  0.000E+00  0.914-102  0.531E-77
  0.368E+11  0.408E-77  0.000E+00  0.721-102  0.408E-77
  0.383E+11  0.166E-76  0.000E+00  0.301-101  0.166E-76
  0.399E+11  0.253E-77  0.000E+00  0.473-102  0.253E-77
  0.415E+11  0.178E-77  0.000E+00  0.343-102  0.178E-77
  0.432E+11  0.133E-77  0.000E+00  0.265-102  0.133E-77
  0.450E+11  0.988E-78  0.000E+00  0.203-102  0.988E-78
  0.468E+11  0.743E-78  0.000E+00  0.158-102  0.743E-78
  0.487E+11  0.293E-69  0.000E+00  0.643E-94  0.293E-69
  0.507E+11  0.345E-76  0.000E+00  0.786-101  0.345E-76
  0.528E+11  0.272E-78  0.000E+00  0.644-103  0.272E-78
  0.549E+11  0.890E-65  0.000E+00  0.218E-89  0.890E-65
  0.572E+11  0.262E-75  0.000E+00  0.668-100  0.262E-75
  0.595E+11  0.547E-75  0.000E+00  0.145E-99  0.547E-75
  0.619E+11  0.400E-75  0.000E+00  0.111E-99  0.400E-75
  0.644E+11  0.243E-77  0.000E+00  0.698-102  0.243E-77
  0.670E+11  0.170E-78  0.000E+00  0.509-103  0.170E-78
  0.698E+11  0.182E-79  0.000E+00  0.569-104  0.182E-79
  0.726E+11  0.116E-79  0.000E+00  0.381-104  0.116E-79
  0.756E+11  0.949E-80  0.000E+00  0.325-104  0.949E-80
  0.786E+11  0.452E-80  0.000E+00  0.162-104  0.452E-80
  0.818E+11  0.104E-79  0.000E+00  0.392-104  0.104E-79
  0.852E+11  0.161E-80  0.000E+00  0.635-105  0.161E-80
  0.886E+11  0.960E-81  0.000E+00  0.397-105  0.960E-81
  0.922E+11  0.548E-81  0.000E+00  0.238-105  0.548E-81
  0.960E+11  0.305E-81  0.000E+00  0.139-105  0.305E-81
  0.999E+11  0.439E-69  0.000E+00  0.211E-93  0.439E-69
  0.104E+12  0.892E-82  0.000E+00  0.454-106  0.892E-82
  0.108E+12  0.436E-77  0.000E+00  0.235-101  0.436E-77
  0.113E+12  0.245E-77  0.000E+00  0.141-101  0.245E-77
  0.117E+12  0.373E-77  0.000E+00  0.228-101  0.373E-77
  0.122E+12  0.760E-83  0.000E+00  0.497-107  0.760E-83
  0.127E+12  0.681E-79  0.000E+00  0.476-103  0.681E-79
  0.132E+12  0.241E-81  0.444E-04  0.181-105  0.241E-81
  0.138E+12  0.536E-63  0.560E-04  0.431E-87  0.536E-63
  0.143E+12  0.135E-50  0.708E-04  0.117E-74  0.135E-50
  0.149E+12  0.399E-65  0.899E-04  0.111E-86  0.399E-65
  0.155E+12  0.801E-78  0.114E-03  0.801-102  0.801E-78
  0.161E+12  0.397E-82  0.120E-03  0.403-106  0.397E-82
  0.168E+12  0.397E-82  0.120E-03  0.403-106  0.397E-82
  0.175E+12  0.397E-82  0.120E-03  0.403-106  0.397E-82
  0.182E+12  0.397E-82  0.120E-03  0.403-106  0.397E-82
  0.189E+12  0.397E-82  0.120E-03  0.403-106  0.397E-82
  0.197E+12  0.397E-82  0.120E-03  0.403-106  0.397E-82
  0.205E+12  0.397E-82  0.120E-03  0.403-106  0.397E-82
  0.214E+12  0.397E-82  0.120E-03  0.403-106  0.397E-82
  0.222E+12  0.397E-82  0.120E-03  0.403-106  0.397E-82
  0.231E+12  0.397E-82  0.120E-03  0.403-106  0.397E-82
  0.241E+12  0.397E-82  0.120E-03  0.403-106  0.397E-82
  0.251E+12  0.397E-82  0.120E-03  0.403-106  0.397E-82
  0.261E+12  0.397E-82  0.120E-03  0.403-106  0.397E-82
  0.272E+12  0.397E-82  0.120E-03  0.403-106  0.397E-82
  0.283E+12  0.397E-82  0.120E-03  0.403-106  0.397E-82
  0.294E+12  0.397E-82  0.120E-03  0.403-106  0.397E-82
  0.306E+12  0.397E-82  0.120E-03  0.403-106  0.397E-82
  0.319E+12  0.397E-82  0.120E-03  0.403-106  0.397E-82
  0.332E+12  0.397E-82  0.120E-03  0.403-106  0.397E-82
  0.345E+12  0.397E-82  0.120E-03  0.403-106  0.397E-82
  0.359E+12  0.397E-82  0.120E-03  0.403-106  0.397E-82
  0.374E+12  0.397E-82  0.120E-03  0.403-106  0.397E-82
  0.389E+12  0.397E-82  0.120E-03  0.403-106  0.397E-82
  0.405E+12  0.397E-82  0.120E-03  0.403-106  0.397E-82
  0.422E+12  0.397E-82  0.120E-03  0.403-106  0.397E-82
  0.439E+12  0.397E-82  0.120E-03  0.403-106  0.397E-82
  0.457E+12  0.397E-82  0.120E-03  0.403-106  0.397E-82
  0.475E+12  0.397E-82  0.120E-03  0.403-106  0.397E-82
  0.495E+12  0.397E-82  0.120E-03  0.403-106  0.397E-82
  0.515E+12  0.397E-82  0.120E-03  0.403-106  0.397E-82
  0.536E+12  0.397E-82  0.120E-03  0.403-106  0.397E-82
  0.558E+12  0.397E-82  0.120E-03  0.403-106  0.397E-82
  0.581E+12  0.397E-82  0.120E-03  0.403-106  0.397E-82
  0.604E+12  0.397E-82  0.120E-03  0.403-106  0.397E-82
  0.629E+12  0.397E-82  0.120E-03  0.403-106  0.397E-82
  0.655E+12  0.397E-82  0.120E-03  0.403-106  0.397E-82
  0.682E+12  0.397E-82  0.120E-03  0.403-106  0.397E-82
  0.709E+12  0.397E-82  0.120E-03  0.403-106  0.397E-82
  0.738E+12  0.397E-82  0.120E-03  0.403-106  0.397E-82
  0.768E+12  0.397E-82  0.120E-03  0.403-106  0.397E-82
  0.800E+12  0.397E-82  0.120E-03  0.403-106  0.397E-82
  0.832E+12  0.397E-82  0.120E-03  0.403-106  0.397E-82
  0.866E+12  0.397E-82  0.120E-03  0.403-106  0.397E-82
  0.902E+12  0.397E-82  0.120E-03  0.403-106  0.397E-82
  0.939E+12  0.397E-82  0.120E-03  0.403-106  0.397E-82
  0.977E+12  0.397E-82  0.120E-03  0.403-106  0.397E-82
  0.102E+13  0.397E-82  0.120E-03  0.403-106  0.397E-82
  0.106E+13  0.397E-82  0.120E-03  0.403-106  0.397E-82
  0.110E+13  0.397E-82  0.120E-03  0.403-106  0.397E-82
  0.115E+13  0.397E-82  0.120E-03  0.403-106  0.397E-82
  0.119E+13  0.397E-82  0.120E-03  0.403-106  0.397E-82
  0.124E+13  0.397E-82  0.120E-03  0.403-106  0.397E-82
  0.129E+13  0.397E-82  0.120E-03  0.403-106  0.397E-82
  0.135E+13  0.397E-82  0.120E-03  0.403-106  0.397E-82
  0.140E+13  0.397E-82  0.120E-03  0.403-106  0.397E-82
  0.146E+13  0.397E-82  0.120E-03  0.403-106  0.397E-82
  0.152E+13  0.397E-82  0.120E-03  0.403-106  0.397E-82
  0.158E+13  0.397E-82  0.120E-03  0.403-106  0.397E-82
  0.164E+13  0.397E-82  0.120E-03  0.403-106  0.397E-82
  0.171E+13  0.397E-82  0.120E-03  0.403-106  0.397E-82
  0.178E+13  0.397E-82  0.120E-03  0.403-106  0.397E-82
  0.185E+13  0.397E-82  0.120E-03  0.403-106  0.397E-82
  0.193E+13  0.397E-82  0.120E-03  0.403-106  0.397E-82
  0.201E+13  0.397E-82  0.120E-03  0.403-106  0.397E-82
  0.209E+13  0.397E-82  0.120E-03  0.403-106  0.397E-82
  0.217E+13  0.397E-82  0.120E-03  0.403-106  0.397E-82
  0.226E+13  0.397E-82  0.120E-03  0.403-106  0.397E-82
  0.236E+13  0.397E-82  0.120E-03  0.403-106  0.397E-82
  0.245E+13  0.397E-82  0.120E-03  0.403-106  0.397E-82
  0.255E+13  0.397E-82  0.120E-03  0.403-106  0.397E-82
  0.266E+13  0.397E-82  0.120E-03  0.403-106  0.397E-82
  0.276E+13  0.397E-82  0.120E-03  0.403-106  0.397E-82
  0.288E+13  0.397E-82  0.120E-03  0.403-106  0.397E-82
  0.299E+13  0.397E-82  0.120E-03  0.403-106  0.397E-82
  0.312E+13  0.397E-82  0.120E-03  0.403-106  0.397E-82
  0.324E+13  0.397E-82  0.120E-03  0.403-106  0.397E-82
  0.338E+13  0.397E-82  0.120E-03  0.403-106  0.397E-82
  0.351E+13  0.397E-82  0.120E-03  0.403-106  0.397E-82
  0.366E+13  0.397E-82  0.120E-03  0.403-106  0.397E-82
  0.381E+13  0.397E-82  0.120E-03  0.403-106  0.397E-82
  0.396E+13  0.397E-82  0.120E-03  0.403-106  0.397E-82
  0.412E+13  0.397E-82  0.120E-03  0.403-106  0.397E-82
  0.429E+13  0.397E-82  0.120E-03  0.403-106  0.397E-82
  0.447E+13  0.397E-82  0.120E-03  0.403-106  0.397E-82
  0.465E+13  0.397E-82  0.120E-03  0.403-106  0.397E-82
  0.484E+13  0.397E-82  0.120E-03  0.403-106  0.397E-82
  0.504E+13  0.397E-82  0.120E-03  0.403-106  0.397E-82
  0.524E+13  0.397E-82  0.120E-03  0.403-106  0.397E-82
  0.546E+13  0.397E-82  0.120E-03  0.403-106  0.397E-82
  0.568E+13  0.397E-82  0.120E-03  0.403-106  0.397E-82
  0.591E+13  0.397E-82  0.120E-03  0.403-106  0.397E-82
  0.615E+13  0.397E-82  0.120E-03  0.403-106  0.397E-82
  0.640E+13  0.397E-82  0.120E-03  0.403-106  0.397E-82
  0.666E+13  0.397E-82  0.120E-03  0.403-106  0.397E-82
  0.694E+13  0.397E-82  0.120E-03  0.403-106  0.397E-82
  0.722E+13  0.397E-82  0.120E-03  0.403-106  0.397E-82
  0.751E+13  0.397E-82  0.120E-03  0.403-106  0.397E-82
  0.782E+13  0.397E-82  0.120E-03  0.403-106  0.397E-82
  0.814E+13  0.397E-82  0.120E-03  0.403-106  0.397E-82
  0.847E+13  0.397E-82  0.120E-03  0.403-106  0.397E-82
  0.882E+13  0.397E-82  0.120E-03  0.403-106  0.397E-82
  0.918E+13  0.397E-82  0.120E-03  0.403-106  0.397E-82
  0.955E+13  0.397E-82  0.120E-03  0.403-106  0.397E-82
  0.994E+13  0.397E-82  0.120E-03  0.403-106  0.397E-82
  0.103E+14  0.397E-82  0.120E-03  0.403-106  0.397E-82
  0.108E+14  0.397E-82  0.120E-03  0.403-106  0.397E-82
  0.112E+14  0.397E-82  0.120E-03  0.403-106  0.397E-82
  0.117E+14  0.397E-82  0.120E-03  0.403-106  0.397E-82
  0.121E+14  0.397E-82  0.120E-03  0.403-106  0.397E-82
  0.126E+14  0.397E-82  0.120E-03  0.403-106  0.397E-82
  0.132E+14  0.397E-82  0.120E-03  0.403-106  0.397E-82
  0.137E+14  0.397E-82  0.120E-03  0.403-106  0.397E-82
  0.142E+14  0.397E-82  0.120E-03  0.403-106  0.397E-82
  0.148E+14  0.397E-82  0.120E-03  0.403-106  0.397E-82
  0.154E+14  0.397E-82  0.120E-03  0.403-106  0.397E-82
  0.161E+14  0.397E-82  0.120E-03  0.403-106  0.397E-82
  0.167E+14  0.397E-82  0.120E-03  0.403-106  0.397E-82
  0.174E+14  0.397E-82  0.120E-03  0.403-106  0.397E-82
  0.181E+14  0.397E-82  0.120E-03  0.403-106  0.397E-82
  0.189E+14  0.397E-82  0.120E-03  0.403-106  0.397E-82
  0.196E+14  0.397E-82  0.120E-03  0.403-106  0.397E-82
  0.204E+14  0.397E-82  0.120E-03  0.403-106  0.397E-82
  0.213E+14  0.397E-82  0.120E-03  0.403-106  0.397E-82
  0.221E+14  0.397E-82  0.120E-03  0.403-106  0.397E-82
  0.230E+14  0.397E-82  0.120E-03  0.403-106  0.397E-82
  0.240E+14  0.397E-82  0.120E-03  0.403-106  0.397E-82
  0.249E+14  0.397E-82  0.120E-03  0.403-106  0.397E-82
  0.260E+14  0.397E-82  0.120E-03  0.403-106  0.397E-82
  0.270E+14  0.397E-82  0.120E-03  0.403-106  0.397E-82
  0.281E+14  0.397E-82  0.120E-03  0.403-106  0.397E-82
  0.293E+14  0.397E-82  0.120E-03  0.403-106  0.397E-82
  0.305E+14  0.397E-82  0.120E-03  0.403-106  0.397E-82
  0.317E+14  0.397E-82  0.120E-03  0.403-106  0.397E-82
  0.330E+14  0.397E-82  0.120E-03  0.403-106  0.397E-82
  0.343E+14  0.397E-82  0.120E-03  0.403-106  0.397E-82
  0.358E+14  0.397E-82  0.120E-03  0.403-106  0.397E-82
  0.372E+14  0.397E-82  0.120E-03  0.403-106  0.397E-82
  0.387E+14  0.397E-82  0.120E-03  0.403-106  0.397E-82
  0.403E+14  0.397E-82  0.120E-03  0.403-106  0.397E-82
  0.420E+14  0.397E-82  0.120E-03  0.403-106  0.397E-82
  0.437E+14  0.397E-82  0.120E-03  0.403-106  0.397E-82
  0.454E+14  0.397E-82  0.120E-03  0.403-106  0.397E-82
  0.473E+14  0.397E-82  0.120E-03  0.403-106  0.397E-82
  0.492E+14  0.397E-82  0.120E-03  0.403-106  0.397E-82
  0.512E+14  0.397E-82  0.120E-03  0.403-106  0.397E-82
  0.533E+14  0.397E-82  0.120E-03  0.403-106  0.397E-82
  0.555E+14  0.397E-82  0.120E-03  0.403-106  0.397E-82
  0.578E+14  0.397E-82  0.120E-03  0.403-106  0.397E-82
  0.601E+14  0.397E-82  0.120E-03  0.403-106  0.397E-82
  0.626E+14  0.397E-82  0.120E-03  0.403-106  0.397E-82
  0.651E+14  0.397E-82  0.120E-03  0.403-106  0.397E-82
  0.678E+14  0.397E-82  0.120E-03  0.403-106  0.397E-82
  0.706E+14  0.397E-82  0.120E-03  0.403-106  0.397E-82
  0.734E+14  0.397E-82  0.120E-03  0.403-106  0.397E-82
  0.764E+14  0.397E-82  0.120E-03  0.403-106  0.397E-82
  0.796E+14  0.397E-82  0.120E-03  0.403-106  0.397E-82
  0.828E+14  0.397E-82  0.120E-03  0.403-106  0.397E-82
  0.862E+14  0.397E-82  0.120E-03  0.403-106  0.397E-82
  0.897E+14  0.397E-82  0.120E-03  0.403-106  0.397E-82
  0.934E+14  0.397E-82  0.120E-03  0.403-106  0.397E-82
  0.972E+14  0.397E-82  0.120E-03  0.403-106  0.397E-82
