  0.100E+00  0.696E-04  0.328E-04  0.696E-04  0.472E-20
  0.100E+00  0.696E-04  0.328E-04  0.696E-04  0.410E-19
  0.100E+00  0.696E-04  0.328E-04  0.696E-04  0.348E-18
  0.100E+00  0.696E-04  0.328E-04  0.696E-04  0.296E-17
  0.100E+00  0.696E-04  0.328E-04  0.696E-04  0.246E-16
  0.100E+00  0.696E-04  0.328E-04  0.696E-04  0.164E-15
  0.100E+00  0.696E-04  0.328E-04  0.696E-04  0.103E-14
  0.100E+00  0.696E-04  0.328E-04  0.696E-04  0.637E-14
  0.100E+00  0.696E-04  0.328E-04  0.696E-04  0.394E-13
  0.100E+00  0.696E-04  0.328E-04  0.696E-04  0.243E-12
  0.100E+00  0.696E-04  0.328E-04  0.696E-04  0.145E-11
  0.100E+00  0.696E-04  0.328E-04  0.696E-04  0.718E-11
  0.100E+00  0.696E-04  0.328E-04  0.696E-04  0.175E-10
  0.100E+00  0.698E-04  0.330E-04  0.698E-04  0.184E-10
  0.100E+00  0.712E-04  0.349E-04  0.712E-04  0.222E-10
  0.100E+00  0.729E-04  0.372E-04  0.729E-04  0.264E-10
  0.101E+00  0.745E-04  0.397E-04  0.745E-04  0.302E-10
  0.101E+00  0.761E-04  0.422E-04  0.761E-04  0.338E-10
  0.101E+00  0.776E-04  0.448E-04  0.776E-04  0.374E-10
  0.101E+00  0.790E-04  0.475E-04  0.790E-04  0.409E-10
  0.101E+00  0.805E-04  0.504E-04  0.805E-04  0.444E-10
  0.101E+00  0.819E-04  0.533E-04  0.819E-04  0.479E-10
  0.102E+00  0.833E-04  0.563E-04  0.833E-04  0.515E-10
  0.102E+00  0.846E-04  0.595E-04  0.846E-04  0.551E-10
  0.102E+00  0.860E-04  0.628E-04  0.860E-04  0.588E-10
  0.102E+00  0.873E-04  0.662E-04  0.873E-04  0.626E-10
  0.102E+00  0.887E-04  0.697E-04  0.887E-04  0.665E-10
  0.103E+00  0.900E-04  0.733E-04  0.900E-04  0.706E-10
  0.103E+00  0.913E-04  0.771E-04  0.913E-04  0.748E-10
  0.103E+00  0.927E-04  0.811E-04  0.927E-04  0.791E-10
  0.103E+00  0.940E-04  0.851E-04  0.940E-04  0.836E-10
  0.103E+00  0.953E-04  0.894E-04  0.953E-04  0.883E-10
  0.104E+00  0.966E-04  0.938E-04  0.966E-04  0.933E-10
  0.104E+00  0.979E-04  0.983E-04  0.979E-04  0.984E-10
  0.104E+00  0.992E-04  0.103E-03  0.992E-04  0.104E-09
  0.104E+00  0.101E-03  0.108E-03  0.101E-03  0.110E-09
  0.105E+00  0.102E-03  0.113E-03  0.102E-03  0.116E-09
  0.105E+00  0.103E-03  0.118E-03  0.103E-03  0.122E-09
  0.105E+00  0.105E-03  0.124E-03  0.105E-03  0.129E-09
  0.106E+00  0.106E-03  0.130E-03  0.106E-03  0.136E-09
  0.106E+00  0.107E-03  0.136E-03  0.107E-03  0.144E-09
  0.106E+00  0.109E-03  0.142E-03  0.109E-03  0.152E-09
  0.107E+00  0.110E-03  0.148E-03  0.110E-03  0.160E-09
  0.107E+00  0.112E-03  0.155E-03  0.112E-03  0.170E-09
  0.108E+00  0.113E-03  0.162E-03  0.113E-03  0.180E-09
  0.108E+00  0.115E-03  0.170E-03  0.115E-03  0.191E-09
  0.109E+00  0.117E-03  0.177E-03  0.117E-03  0.203E-09
  0.109E+00  0.118E-03  0.185E-03  0.118E-03  0.216E-09
  0.110E+00  0.120E-03  0.194E-03  0.120E-03  0.230E-09
  0.110E+00  0.122E-03  0.203E-03  0.122E-03  0.245E-09
  0.111E+00  0.124E-03  0.212E-03  0.124E-03  0.262E-09
  0.112E+00  0.126E-03  0.222E-03  0.126E-03  0.281E-09
  0.113E+00  0.128E-03  0.233E-03  0.128E-03  0.303E-09
  0.113E+00  0.130E-03  0.244E-03  0.130E-03  0.327E-09
  0.114E+00  0.133E-03  0.257E-03  0.133E-03  0.354E-09
  0.116E+00  0.135E-03  0.270E-03  0.135E-03  0.385E-09
  0.117E+00  0.138E-03  0.284E-03  0.138E-03  0.422E-09
  0.118E+00  0.141E-03  0.300E-03  0.141E-03  0.465E-09
  0.120E+00  0.145E-03  0.317E-03  0.145E-03  0.518E-09
  0.122E+00  0.150E-03  0.337E-03  0.150E-03  0.585E-09
  0.125E+00  0.155E-03  0.361E-03  0.155E-03  0.675E-09
  0.129E+00  0.163E-03  0.392E-03  0.163E-03  0.810E-09
  0.134E+00  0.173E-03  0.428E-03  0.173E-03  0.997E-09
  0.140E+00  0.182E-03  0.459E-03  0.182E-03  0.120E-08
  0.146E+00  0.192E-03  0.488E-03  0.192E-03  0.142E-08
  0.152E+00  0.201E-03  0.514E-03  0.201E-03  0.165E-08
  0.158E+00  0.211E-03  0.538E-03  0.211E-03  0.189E-08
  0.164E+00  0.221E-03  0.560E-03  0.221E-03  0.214E-08
  0.171E+00  0.230E-03  0.581E-03  0.230E-03  0.241E-08
  0.178E+00  0.240E-03  0.600E-03  0.240E-03  0.268E-08
  0.185E+00  0.250E-03  0.617E-03  0.250E-03  0.296E-08
  0.192E+00  0.259E-03  0.632E-03  0.259E-03  0.324E-08
  0.199E+00  0.268E-03  0.646E-03  0.268E-03  0.350E-08
  0.205E+00  0.276E-03  0.658E-03  0.276E-03  0.377E-08
  0.212E+00  0.285E-03  0.670E-03  0.285E-03  0.403E-08
  0.219E+00  0.293E-03  0.681E-03  0.293E-03  0.429E-08
  0.225E+00  0.301E-03  0.691E-03  0.301E-03  0.456E-08
  0.232E+00  0.309E-03  0.700E-03  0.309E-03  0.482E-08
  0.239E+00  0.317E-03  0.709E-03  0.317E-03  0.510E-08
  0.246E+00  0.325E-03  0.718E-03  0.325E-03  0.537E-08
  0.253E+00  0.334E-03  0.726E-03  0.334E-03  0.565E-08
  0.260E+00  0.342E-03  0.734E-03  0.342E-03  0.593E-08
  0.268E+00  0.350E-03  0.741E-03  0.350E-03  0.622E-08
  0.275E+00  0.359E-03  0.748E-03  0.359E-03  0.651E-08
  0.283E+00  0.367E-03  0.755E-03  0.367E-03  0.681E-08
  0.291E+00  0.375E-03  0.762E-03  0.375E-03  0.712E-08
  0.298E+00  0.384E-03  0.768E-03  0.384E-03  0.743E-08
  0.307E+00  0.393E-03  0.774E-03  0.393E-03  0.776E-08
  0.315E+00  0.401E-03  0.780E-03  0.401E-03  0.809E-08
  0.323E+00  0.410E-03  0.785E-03  0.410E-03  0.843E-08
  0.331E+00  0.419E-03  0.790E-03  0.419E-03  0.881E-08
  0.339E+00  0.427E-03  0.792E-03  0.427E-03  0.917E-08
  0.347E+00  0.435E-03  0.794E-03  0.435E-03  0.950E-08
  0.355E+00  0.444E-03  0.795E-03  0.444E-03  0.983E-08
  0.364E+00  0.452E-03  0.798E-03  0.452E-03  0.102E-07
  0.373E+00  0.461E-03  0.800E-03  0.461E-03  0.105E-07
  0.382E+00  0.470E-03  0.802E-03  0.470E-03  0.109E-07
  0.391E+00  0.479E-03  0.805E-03  0.479E-03  0.113E-07
  0.401E+00  0.488E-03  0.807E-03  0.488E-03  0.116E-07
  0.410E+00  0.498E-03  0.810E-03  0.498E-03  0.120E-07
  0.420E+00  0.507E-03  0.812E-03  0.507E-03  0.124E-07
  0.431E+00  0.517E-03  0.814E-03  0.517E-03  0.129E-07
  0.441E+00  0.527E-03  0.816E-03  0.527E-03  0.133E-07
  0.452E+00  0.537E-03  0.818E-03  0.537E-03  0.137E-07
  0.463E+00  0.547E-03  0.819E-03  0.547E-03  0.142E-07
  0.474E+00  0.557E-03  0.821E-03  0.557E-03  0.146E-07
  0.485E+00  0.568E-03  0.822E-03  0.568E-03  0.151E-07
  0.497E+00  0.578E-03  0.823E-03  0.578E-03  0.156E-07
  0.509E+00  0.589E-03  0.824E-03  0.589E-03  0.161E-07
  0.521E+00  0.600E-03  0.825E-03  0.600E-03  0.166E-07
  0.533E+00  0.611E-03  0.825E-03  0.611E-03  0.171E-07
  0.546E+00  0.622E-03  0.826E-03  0.622E-03  0.176E-07
  0.559E+00  0.633E-03  0.826E-03  0.633E-03  0.182E-07
  0.572E+00  0.644E-03  0.826E-03  0.644E-03  0.187E-07
  0.586E+00  0.656E-03  0.825E-03  0.656E-03  0.192E-07
  0.600E+00  0.667E-03  0.825E-03  0.667E-03  0.198E-07
  0.614E+00  0.679E-03  0.824E-03  0.679E-03  0.204E-07
  0.628E+00  0.691E-03  0.823E-03  0.691E-03  0.210E-07
  0.643E+00  0.703E-03  0.822E-03  0.703E-03  0.216E-07
  0.658E+00  0.715E-03  0.821E-03  0.715E-03  0.222E-07
  0.673E+00  0.727E-03  0.819E-03  0.727E-03  0.228E-07
  0.689E+00  0.739E-03  0.818E-03  0.739E-03  0.234E-07
  0.705E+00  0.751E-03  0.816E-03  0.751E-03  0.240E-07
  0.721E+00  0.764E-03  0.813E-03  0.764E-03  0.247E-07
  0.737E+00  0.776E-03  0.811E-03  0.776E-03  0.253E-07
  0.755E+00  0.789E-03  0.809E-03  0.789E-03  0.260E-07
  0.772E+00  0.802E-03  0.806E-03  0.802E-03  0.266E-07
  0.790E+00  0.815E-03  0.803E-03  0.815E-03  0.273E-07
  0.808E+00  0.828E-03  0.800E-03  0.828E-03  0.280E-07
  0.826E+00  0.841E-03  0.796E-03  0.841E-03  0.287E-07
  0.845E+00  0.854E-03  0.793E-03  0.854E-03  0.294E-07
  0.865E+00  0.867E-03  0.789E-03  0.867E-03  0.302E-07
  0.885E+00  0.881E-03  0.785E-03  0.881E-03  0.309E-07
  0.905E+00  0.894E-03  0.781E-03  0.894E-03  0.317E-07
  0.926E+00  0.908E-03  0.777E-03  0.908E-03  0.324E-07
  0.947E+00  0.922E-03  0.772E-03  0.922E-03  0.332E-07
  0.969E+00  0.936E-03  0.768E-03  0.936E-03  0.340E-07
  0.991E+00  0.950E-03  0.763E-03  0.949E-03  0.348E-07
  0.101E+01  0.964E-03  0.758E-03  0.963E-03  0.356E-07
  0.104E+01  0.978E-03  0.753E-03  0.978E-03  0.364E-07
  0.106E+01  0.992E-03  0.747E-03  0.992E-03  0.372E-07
  0.109E+01  0.101E-02  0.742E-03  0.101E-02  0.380E-07
  0.111E+01  0.102E-02  0.736E-03  0.102E-02  0.389E-07
  0.114E+01  0.104E-02  0.730E-03  0.104E-02  0.397E-07
  0.116E+01  0.105E-02  0.724E-03  0.105E-02  0.406E-07
  0.119E+01  0.106E-02  0.718E-03  0.106E-02  0.415E-07
  0.122E+01  0.108E-02  0.712E-03  0.108E-02  0.424E-07
  0.125E+01  0.109E-02  0.706E-03  0.109E-02  0.433E-07
  0.127E+01  0.111E-02  0.699E-03  0.111E-02  0.442E-07
  0.130E+01  0.112E-02  0.692E-03  0.112E-02  0.452E-07
  0.133E+01  0.114E-02  0.686E-03  0.114E-02  0.461E-07
  0.137E+01  0.115E-02  0.679E-03  0.115E-02  0.471E-07
  0.140E+01  0.117E-02  0.672E-03  0.117E-02  0.481E-07
  0.143E+01  0.119E-02  0.665E-03  0.119E-02  0.491E-07
  0.146E+01  0.120E-02  0.657E-03  0.120E-02  0.502E-07
  0.150E+01  0.122E-02  0.650E-03  0.122E-02  0.512E-07
  0.153E+01  0.123E-02  0.643E-03  0.123E-02  0.523E-07
  0.157E+01  0.125E-02  0.635E-03  0.125E-02  0.534E-07
  0.161E+01  0.127E-02  0.627E-03  0.127E-02  0.545E-07
  0.165E+01  0.128E-02  0.620E-03  0.128E-02  0.557E-07
  0.169E+01  0.130E-02  0.612E-03  0.130E-02  0.569E-07
  0.173E+01  0.131E-02  0.604E-03  0.131E-02  0.581E-07
  0.177E+01  0.133E-02  0.596E-03  0.133E-02  0.594E-07
  0.181E+01  0.135E-02  0.588E-03  0.135E-02  0.607E-07
  0.186E+01  0.136E-02  0.580E-03  0.136E-02  0.621E-07
  0.190E+01  0.138E-02  0.572E-03  0.138E-02  0.635E-07
  0.195E+01  0.140E-02  0.564E-03  0.140E-02  0.650E-07
  0.200E+01  0.142E-02  0.556E-03  0.142E-02  0.665E-07
  0.205E+01  0.143E-02  0.548E-03  0.143E-02  0.681E-07
  0.210E+01  0.145E-02  0.540E-03  0.145E-02  0.697E-07
  0.215E+01  0.147E-02  0.532E-03  0.147E-02  0.714E-07
  0.220E+01  0.149E-02  0.524E-03  0.149E-02  0.732E-07
  0.226E+01  0.151E-02  0.516E-03  0.151E-02  0.751E-07
  0.232E+01  0.153E-02  0.507E-03  0.153E-02  0.770E-07
  0.238E+01  0.154E-02  0.499E-03  0.154E-02  0.790E-07
  0.244E+01  0.156E-02  0.491E-03  0.156E-02  0.812E-07
  0.250E+01  0.158E-02  0.483E-03  0.158E-02  0.834E-07
  0.257E+01  0.160E-02  0.475E-03  0.160E-02  0.858E-07
  0.263E+01  0.162E-02  0.467E-03  0.162E-02  0.882E-07
  0.270E+01  0.164E-02  0.459E-03  0.164E-02  0.908E-07
  0.278E+01  0.166E-02  0.451E-03  0.166E-02  0.936E-07
  0.285E+01  0.168E-02  0.443E-03  0.168E-02  0.964E-07
  0.293E+01  0.170E-02  0.435E-03  0.170E-02  0.994E-07
  0.300E+01  0.172E-02  0.427E-03  0.172E-02  0.103E-06
  0.309E+01  0.174E-02  0.419E-03  0.174E-02  0.106E-06
  0.317E+01  0.177E-02  0.412E-03  0.177E-02  0.109E-06
  0.326E+01  0.179E-02  0.404E-03  0.179E-02  0.113E-06
  0.335E+01  0.181E-02  0.396E-03  0.181E-02  0.117E-06
  0.344E+01  0.183E-02  0.389E-03  0.183E-02  0.121E-06
  0.353E+01  0.185E-02  0.381E-03  0.185E-02  0.126E-06
  0.363E+01  0.187E-02  0.374E-03  0.187E-02  0.130E-06
  0.374E+01  0.190E-02  0.366E-03  0.190E-02  0.135E-06
  0.384E+01  0.192E-02  0.359E-03  0.192E-02  0.140E-06
  0.395E+01  0.194E-02  0.351E-03  0.194E-02  0.146E-06
  0.406E+01  0.197E-02  0.344E-03  0.197E-02  0.151E-06
  0.418E+01  0.199E-02  0.337E-03  0.199E-02  0.158E-06
  0.430E+01  0.201E-02  0.330E-03  0.201E-02  0.164E-06
  0.443E+01  0.204E-02  0.323E-03  0.204E-02  0.171E-06
  0.455E+01  0.206E-02  0.316E-03  0.206E-02  0.178E-06
  0.469E+01  0.209E-02  0.309E-03  0.209E-02  0.186E-06
  0.483E+01  0.211E-02  0.302E-03  0.211E-02  0.194E-06
  0.497E+01  0.213E-02  0.296E-03  0.213E-02  0.203E-06
  0.512E+01  0.216E-02  0.289E-03  0.216E-02  0.212E-06
  0.527E+01  0.218E-02  0.283E-03  0.218E-02  0.222E-06
  0.543E+01  0.221E-02  0.276E-03  0.221E-02  0.232E-06
  0.559E+01  0.223E-02  0.270E-03  0.223E-02  0.243E-06
  0.576E+01  0.226E-02  0.263E-03  0.226E-02  0.255E-06
  0.594E+01  0.229E-02  0.257E-03  0.228E-02  0.267E-06
  0.612E+01  0.231E-02  0.251E-03  0.231E-02  0.280E-06
  0.631E+01  0.234E-02  0.245E-03  0.234E-02  0.294E-06
  0.650E+01  0.236E-02  0.239E-03  0.236E-02  0.309E-06
  0.670E+01  0.239E-02  0.233E-03  0.239E-02  0.325E-06
  0.691E+01  0.241E-02  0.227E-03  0.241E-02  0.342E-06
  0.713E+01  0.244E-02  0.222E-03  0.244E-02  0.360E-06
  0.735E+01  0.247E-02  0.216E-03  0.247E-02  0.379E-06
  0.758E+01  0.249E-02  0.210E-03  0.249E-02  0.400E-06
  0.782E+01  0.252E-02  0.205E-03  0.252E-02  0.421E-06
  0.807E+01  0.255E-02  0.199E-03  0.254E-02  0.445E-06
  0.833E+01  0.257E-02  0.194E-03  0.257E-02  0.469E-06
  0.859E+01  0.260E-02  0.189E-03  0.260E-02  0.496E-06
  0.887E+01  0.262E-02  0.184E-03  0.262E-02  0.524E-06
  0.915E+01  0.265E-02  0.179E-03  0.265E-02  0.554E-06
  0.945E+01  0.268E-02  0.173E-03  0.267E-02  0.586E-06
  0.975E+01  0.270E-02  0.169E-03  0.270E-02  0.620E-06
  0.101E+02  0.273E-02  0.164E-03  0.273E-02  0.656E-06
  0.104E+02  0.275E-02  0.159E-03  0.275E-02  0.695E-06
  0.107E+02  0.278E-02  0.154E-03  0.278E-02  0.736E-06
  0.111E+02  0.280E-02  0.150E-03  0.280E-02  0.781E-06
  0.114E+02  0.283E-02  0.145E-03  0.283E-02  0.828E-06
  0.118E+02  0.285E-02  0.141E-03  0.285E-02  0.878E-06
  0.122E+02  0.288E-02  0.136E-03  0.287E-02  0.932E-06
  0.126E+02  0.290E-02  0.132E-03  0.290E-02  0.989E-06
  0.130E+02  0.292E-02  0.128E-03  0.292E-02  0.105E-05
  0.135E+02  0.295E-02  0.124E-03  0.294E-02  0.112E-05
  0.139E+02  0.297E-02  0.119E-03  0.297E-02  0.119E-05
  0.144E+02  0.299E-02  0.115E-03  0.299E-02  0.126E-05
  0.148E+02  0.301E-02  0.112E-03  0.301E-02  0.134E-05
  0.153E+02  0.303E-02  0.108E-03  0.303E-02  0.142E-05
  0.159E+02  0.305E-02  0.104E-03  0.305E-02  0.151E-05
  0.164E+02  0.307E-02  0.100E-03  0.307E-02  0.161E-05
  0.169E+02  0.309E-02  0.967E-04  0.309E-02  0.171E-05
  0.175E+02  0.311E-02  0.931E-04  0.311E-02  0.182E-05
  0.181E+02  0.313E-02  0.897E-04  0.313E-02  0.194E-05
  0.187E+02  0.315E-02  0.863E-04  0.315E-02  0.207E-05
  0.193E+02  0.316E-02  0.830E-04  0.316E-02  0.220E-05
  0.200E+02  0.318E-02  0.798E-04  0.318E-02  0.234E-05
  0.207E+02  0.320E-02  0.767E-04  0.319E-02  0.249E-05
  0.214E+02  0.321E-02  0.736E-04  0.321E-02  0.266E-05
  0.221E+02  0.322E-02  0.707E-04  0.322E-02  0.283E-05
  0.228E+02  0.324E-02  0.678E-04  0.323E-02  0.301E-05
  0.236E+02  0.325E-02  0.650E-04  0.324E-02  0.321E-05
  0.244E+02  0.326E-02  0.622E-04  0.325E-02  0.342E-05
  0.253E+02  0.327E-02  0.596E-04  0.326E-02  0.364E-05
  0.261E+02  0.328E-02  0.570E-04  0.327E-02  0.388E-05
  0.270E+02  0.328E-02  0.545E-04  0.328E-02  0.413E-05
  0.279E+02  0.329E-02  0.521E-04  0.329E-02  0.440E-05
  0.289E+02  0.330E-02  0.497E-04  0.329E-02  0.469E-05
  0.299E+02  0.330E-02  0.474E-04  0.330E-02  0.499E-05
  0.309E+02  0.331E-02  0.452E-04  0.330E-02  0.532E-05
  0.320E+02  0.331E-02  0.431E-04  0.330E-02  0.566E-05
  0.331E+02  0.331E-02  0.411E-04  0.331E-02  0.603E-05
  0.342E+02  0.331E-02  0.391E-04  0.331E-02  0.643E-05
  0.354E+02  0.331E-02  0.372E-04  0.331E-02  0.684E-05
  0.366E+02  0.331E-02  0.353E-04  0.330E-02  0.729E-05
  0.379E+02  0.331E-02  0.336E-04  0.330E-02  0.776E-05
  0.392E+02  0.331E-02  0.319E-04  0.330E-02  0.827E-05
  0.406E+02  0.330E-02  0.302E-04  0.329E-02  0.881E-05
  0.420E+02  0.330E-02  0.286E-04  0.329E-02  0.938E-05
  0.434E+02  0.329E-02  0.271E-04  0.328E-02  0.999E-05
  0.449E+02  0.328E-02  0.257E-04  0.327E-02  0.106E-04
  0.465E+02  0.328E-02  0.243E-04  0.326E-02  0.113E-04
  0.481E+02  0.327E-02  0.230E-04  0.325E-02  0.121E-04
  0.498E+02  0.326E-02  0.217E-04  0.324E-02  0.129E-04
  0.516E+02  0.324E-02  0.205E-04  0.323E-02  0.137E-04
  0.534E+02  0.323E-02  0.194E-04  0.322E-02  0.146E-04
  0.552E+02  0.322E-02  0.183E-04  0.320E-02  0.156E-04
  0.572E+02  0.321E-02  0.172E-04  0.319E-02  0.166E-04
  0.592E+02  0.319E-02  0.162E-04  0.317E-02  0.177E-04
  0.613E+02  0.317E-02  0.153E-04  0.316E-02  0.188E-04
  0.634E+02  0.316E-02  0.143E-04  0.314E-02  0.201E-04
  0.657E+02  0.313E-02  0.134E-04  0.311E-02  0.214E-04
  0.679E+02  0.312E-02  0.126E-04  0.309E-02  0.227E-04
  0.702E+02  0.310E-02  0.119E-04  0.307E-02  0.242E-04
  0.725E+02  0.308E-02  0.112E-04  0.305E-02  0.257E-04
  0.750E+02  0.306E-02  0.105E-04  0.303E-02  0.273E-04
  0.775E+02  0.304E-02  0.991E-05  0.301E-02  0.290E-04
  0.801E+02  0.302E-02  0.932E-05  0.299E-02  0.308E-04
  0.827E+02  0.300E-02  0.876E-05  0.296E-02  0.328E-04
  0.855E+02  0.297E-02  0.823E-05  0.294E-02  0.348E-04
  0.884E+02  0.295E-02  0.773E-05  0.291E-02  0.370E-04
  0.913E+02  0.293E-02  0.725E-05  0.289E-02  0.393E-04
  0.944E+02  0.290E-02  0.681E-05  0.286E-02  0.418E-04
  0.975E+02  0.288E-02  0.638E-05  0.284E-02  0.444E-04
  0.101E+03  0.287E-02  0.605E-05  0.282E-02  0.472E-04
  0.105E+03  0.283E-02  0.558E-05  0.278E-02  0.506E-04
  0.108E+03  0.280E-02  0.519E-05  0.275E-02  0.540E-04
  0.112E+03  0.277E-02  0.484E-05  0.272E-02  0.577E-04
  0.116E+03  0.274E-02  0.450E-05  0.268E-02  0.616E-04
  0.121E+03  0.272E-02  0.419E-05  0.265E-02  0.658E-04
  0.125E+03  0.268E-02  0.389E-05  0.261E-02  0.703E-04
  0.129E+03  0.266E-02  0.362E-05  0.258E-02  0.751E-04
  0.134E+03  0.262E-02  0.336E-05  0.254E-02  0.803E-04
  0.139E+03  0.259E-02  0.312E-05  0.251E-02  0.857E-04
  0.144E+03  0.256E-02  0.289E-05  0.247E-02  0.916E-04
  0.149E+03  0.253E-02  0.268E-05  0.243E-02  0.978E-04
  0.154E+03  0.250E-02  0.248E-05  0.239E-02  0.104E-03
  0.160E+03  0.247E-02  0.229E-05  0.235E-02  0.112E-03
  0.166E+03  0.243E-02  0.212E-05  0.231E-02  0.119E-03
  0.172E+03  0.240E-02  0.196E-05  0.227E-02  0.127E-03
  0.178E+03  0.237E-02  0.180E-05  0.223E-02  0.136E-03
  0.184E+03  0.233E-02  0.167E-05  0.219E-02  0.145E-03
  0.191E+03  0.230E-02  0.153E-05  0.214E-02  0.154E-03
  0.198E+03  0.226E-02  0.141E-05  0.210E-02  0.164E-03
  0.205E+03  0.223E-02  0.130E-05  0.206E-02  0.175E-03
  0.212E+03  0.220E-02  0.119E-05  0.201E-02  0.187E-03
  0.220E+03  0.216E-02  0.110E-05  0.196E-02  0.199E-03
  0.228E+03  0.213E-02  0.100E-05  0.192E-02  0.212E-03
  0.236E+03  0.209E-02  0.917E-06  0.187E-02  0.225E-03
  0.245E+03  0.206E-02  0.837E-06  0.182E-02  0.240E-03
  0.254E+03  0.202E-02  0.762E-06  0.177E-02  0.255E-03
  0.264E+03  0.199E-02  0.692E-06  0.171E-02  0.271E-03
  0.274E+03  0.195E-02  0.629E-06  0.166E-02  0.288E-03
  0.284E+03  0.192E-02  0.570E-06  0.161E-02  0.306E-03
  0.294E+03  0.188E-02  0.516E-06  0.156E-02  0.324E-03
  0.305E+03  0.185E-02  0.466E-06  0.150E-02  0.342E-03
  0.316E+03  0.181E-02  0.420E-06  0.145E-02  0.362E-03
  0.328E+03  0.178E-02  0.378E-06  0.139E-02  0.382E-03
  0.340E+03  0.174E-02  0.339E-06  0.134E-02  0.402E-03
  0.352E+03  0.171E-02  0.304E-06  0.128E-02  0.423E-03
  0.365E+03  0.167E-02  0.272E-06  0.123E-02  0.444E-03
  0.378E+03  0.164E-02  0.242E-06  0.117E-02  0.465E-03
  0.392E+03  0.160E-02  0.215E-06  0.112E-02  0.487E-03
  0.406E+03  0.157E-02  0.190E-06  0.106E-02  0.508E-03
  0.421E+03  0.154E-02  0.170E-06  0.101E-02  0.532E-03
  0.437E+03  0.151E-02  0.150E-06  0.959E-03  0.553E-03
  0.452E+03  0.148E-02  0.131E-06  0.906E-03  0.574E-03
  0.469E+03  0.145E-02  0.115E-06  0.854E-03  0.594E-03
  0.485E+03  0.142E-02  0.100E-06  0.803E-03  0.614E-03
  0.503E+03  0.139E-02  0.869E-07  0.753E-03  0.633E-03
  0.521E+03  0.136E-02  0.751E-07  0.704E-03  0.652E-03
  0.539E+03  0.133E-02  0.647E-07  0.657E-03  0.669E-03
  0.558E+03  0.130E-02  0.555E-07  0.612E-03  0.685E-03
  0.578E+03  0.127E-02  0.474E-07  0.568E-03  0.700E-03
  0.598E+03  0.124E-02  0.403E-07  0.525E-03  0.713E-03
  0.619E+03  0.121E-02  0.341E-07  0.485E-03  0.726E-03
  0.640E+03  0.118E-02  0.287E-07  0.446E-03  0.736E-03
  0.662E+03  0.116E-02  0.241E-07  0.410E-03  0.745E-03
  0.685E+03  0.113E-02  0.201E-07  0.375E-03  0.753E-03
  0.709E+03  0.110E-02  0.167E-07  0.342E-03  0.759E-03
  0.733E+03  0.108E-02  0.139E-07  0.312E-03  0.763E-03
  0.759E+03  0.105E-02  0.114E-07  0.283E-03  0.766E-03
  0.785E+03  0.102E-02  0.938E-08  0.256E-03  0.767E-03
  0.812E+03  0.998E-03  0.767E-08  0.231E-03  0.767E-03
  0.840E+03  0.973E-03  0.625E-08  0.208E-03  0.765E-03
  0.869E+03  0.948E-03  0.000E+00  0.187E-03  0.762E-03
  0.898E+03  0.924E-03  0.000E+00  0.167E-03  0.757E-03
  0.930E+03  0.900E-03  0.000E+00  0.149E-03  0.751E-03
  0.962E+03  0.876E-03  0.000E+00  0.133E-03  0.743E-03
  0.995E+03  0.853E-03  0.000E+00  0.118E-03  0.735E-03
  0.103E+04  0.829E-03  0.000E+00  0.104E-03  0.725E-03
  0.107E+04  0.806E-03  0.000E+00  0.922E-04  0.714E-03
  0.110E+04  0.783E-03  0.000E+00  0.812E-04  0.702E-03
  0.114E+04  0.761E-03  0.000E+00  0.713E-04  0.689E-03
  0.119E+04  0.738E-03  0.000E+00  0.625E-04  0.675E-03
  0.123E+04  0.715E-03  0.000E+00  0.546E-04  0.661E-03
  0.128E+04  0.693E-03  0.000E+00  0.476E-04  0.645E-03
  0.132E+04  0.670E-03  0.000E+00  0.414E-04  0.629E-03
  0.137E+04  0.648E-03  0.000E+00  0.358E-04  0.612E-03
  0.143E+04  0.625E-03  0.000E+00  0.310E-04  0.594E-03
  0.148E+04  0.603E-03  0.000E+00  0.267E-04  0.576E-03
  0.154E+04  0.580E-03  0.000E+00  0.229E-04  0.557E-03
  0.160E+04  0.557E-03  0.000E+00  0.196E-04  0.538E-03
  0.167E+04  0.535E-03  0.000E+00  0.168E-04  0.518E-03
  0.174E+04  0.512E-03  0.000E+00  0.143E-04  0.498E-03
  0.181E+04  0.490E-03  0.000E+00  0.122E-04  0.478E-03
  0.188E+04  0.468E-03  0.000E+00  0.103E-04  0.458E-03
  0.196E+04  0.447E-03  0.000E+00  0.879E-05  0.438E-03
  0.204E+04  0.426E-03  0.000E+00  0.745E-05  0.418E-03
  0.212E+04  0.405E-03  0.000E+00  0.630E-05  0.399E-03
  0.221E+04  0.385E-03  0.000E+00  0.531E-05  0.379E-03
  0.230E+04  0.365E-03  0.000E+00  0.446E-05  0.360E-03
  0.239E+04  0.345E-03  0.000E+00  0.374E-05  0.342E-03
  0.249E+04  0.326E-03  0.000E+00  0.312E-05  0.323E-03
  0.259E+04  0.307E-03  0.000E+00  0.258E-05  0.305E-03
  0.270E+04  0.288E-03  0.000E+00  0.212E-05  0.286E-03
  0.281E+04  0.268E-03  0.000E+00  0.172E-05  0.267E-03
  0.292E+04  0.248E-03  0.000E+00  0.137E-05  0.246E-03
  0.304E+04  0.226E-03  0.000E+00  0.107E-05  0.225E-03
  0.316E+04  0.202E-03  0.000E+00  0.817E-06  0.201E-03
  0.329E+04  0.175E-03  0.000E+00  0.593E-06  0.174E-03
  0.342E+04  0.139E-03  0.000E+00  0.394E-06  0.139E-03
  0.355E+04  0.735E-04  0.000E+00  0.200E-06  0.733E-04
  0.369E+04  0.208E-04  0.000E+00  0.104E-06  0.207E-04
  0.386E+04  0.439E-05  0.000E+00  0.740E-07  0.431E-05
  0.402E+04  0.171E-05  0.000E+00  0.637E-07  0.165E-05
  0.419E+04  0.796E-06  0.000E+00  0.561E-07  0.740E-06
  0.436E+04  0.430E-06  0.000E+00  0.497E-07  0.381E-06
  0.454E+04  0.268E-06  0.000E+00  0.440E-07  0.224E-06
  0.472E+04  0.185E-06  0.000E+00  0.390E-07  0.146E-06
  0.491E+04  0.137E-06  0.000E+00  0.346E-07  0.102E-06
  0.511E+04  0.105E-06  0.000E+00  0.307E-07  0.740E-07
  0.532E+04  0.822E-07  0.000E+00  0.272E-07  0.550E-07
  0.554E+04  0.658E-07  0.000E+00  0.241E-07  0.417E-07
  0.577E+04  0.536E-07  0.000E+00  0.214E-07  0.323E-07
  0.600E+04  0.444E-07  0.000E+00  0.190E-07  0.254E-07
  0.625E+04  0.372E-07  0.000E+00  0.168E-07  0.203E-07
  0.650E+04  0.315E-07  0.000E+00  0.149E-07  0.166E-07
  0.677E+04  0.270E-07  0.000E+00  0.133E-07  0.137E-07
  0.704E+04  0.233E-07  0.000E+00  0.118E-07  0.115E-07
  0.733E+04  0.203E-07  0.000E+00  0.105E-07  0.979E-08
  0.763E+04  0.178E-07  0.000E+00  0.939E-08  0.840E-08
  0.794E+04  0.157E-07  0.000E+00  0.839E-08  0.729E-08
  0.826E+04  0.139E-07  0.000E+00  0.750E-08  0.637E-08
  0.860E+04  0.123E-07  0.000E+00  0.672E-08  0.560E-08
  0.895E+04  0.110E-07  0.000E+00  0.604E-08  0.496E-08
  0.932E+04  0.985E-08  0.000E+00  0.543E-08  0.442E-08
  0.970E+04  0.885E-08  0.000E+00  0.490E-08  0.396E-08
  0.101E+05  0.798E-08  0.000E+00  0.443E-08  0.356E-08
  0.105E+05  0.722E-08  0.000E+00  0.401E-08  0.321E-08
  0.109E+05  0.655E-08  0.000E+00  0.364E-08  0.291E-08
  0.114E+05  0.596E-08  0.000E+00  0.331E-08  0.265E-08
  0.118E+05  0.544E-08  0.000E+00  0.302E-08  0.242E-08
  0.123E+05  0.498E-08  0.000E+00  0.277E-08  0.221E-08
  0.128E+05  0.457E-08  0.000E+00  0.254E-08  0.203E-08
  0.133E+05  0.420E-08  0.000E+00  0.233E-08  0.187E-08
  0.139E+05  0.388E-08  0.000E+00  0.215E-08  0.173E-08
  0.145E+05  0.359E-08  0.000E+00  0.198E-08  0.160E-08
  0.151E+05  0.333E-08  0.000E+00  0.184E-08  0.149E-08
  0.157E+05  0.309E-08  0.000E+00  0.170E-08  0.139E-08
  0.163E+05  0.288E-08  0.000E+00  0.158E-08  0.130E-08
  0.170E+05  0.269E-08  0.000E+00  0.147E-08  0.121E-08
  0.177E+05  0.251E-08  0.000E+00  0.138E-08  0.114E-08
  0.184E+05  0.235E-08  0.000E+00  0.129E-08  0.107E-08
  0.191E+05  0.221E-08  0.000E+00  0.121E-08  0.100E-08
  0.199E+05  0.208E-08  0.000E+00  0.113E-08  0.947E-09
  0.207E+05  0.196E-08  0.000E+00  0.106E-08  0.894E-09
  0.216E+05  0.185E-08  0.000E+00  0.100E-08  0.846E-09
  0.224E+05  0.174E-08  0.000E+00  0.942E-09  0.801E-09
  0.234E+05  0.165E-08  0.000E+00  0.888E-09  0.759E-09
  0.243E+05  0.156E-08  0.000E+00  0.839E-09  0.720E-09
  0.253E+05  0.148E-08  0.000E+00  0.792E-09  0.684E-09
  0.263E+05  0.140E-08  0.000E+00  0.750E-09  0.651E-09
  0.274E+05  0.133E-08  0.000E+00  0.709E-09  0.619E-09
  0.285E+05  0.126E-08  0.000E+00  0.672E-09  0.590E-09
  0.297E+05  0.120E-08  0.000E+00  0.637E-09  0.562E-09
  0.309E+05  0.114E-08  0.000E+00  0.604E-09  0.536E-09
  0.322E+05  0.108E-08  0.000E+00  0.573E-09  0.512E-09
  0.335E+05  0.103E-08  0.000E+00  0.544E-09  0.488E-09
  0.349E+05  0.983E-09  0.000E+00  0.517E-09  0.466E-09
  0.363E+05  0.937E-09  0.000E+00  0.491E-09  0.446E-09
  0.378E+05  0.892E-09  0.000E+00  0.467E-09  0.426E-09
  0.393E+05  0.851E-09  0.000E+00  0.444E-09  0.407E-09
  0.409E+05  0.811E-09  0.000E+00  0.422E-09  0.389E-09
  0.426E+05  0.774E-09  0.000E+00  0.401E-09  0.372E-09
  0.443E+05  0.738E-09  0.000E+00  0.382E-09  0.356E-09
  0.461E+05  0.704E-09  0.000E+00  0.363E-09  0.341E-09
  0.480E+05  0.672E-09  0.000E+00  0.345E-09  0.326E-09
  0.500E+05  0.641E-09  0.000E+00  0.329E-09  0.312E-09
  0.520E+05  0.612E-09  0.000E+00  0.313E-09  0.299E-09
  0.541E+05  0.584E-09  0.000E+00  0.298E-09  0.286E-09
  0.563E+05  0.558E-09  0.000E+00  0.284E-09  0.274E-09
  0.586E+05  0.533E-09  0.000E+00  0.270E-09  0.263E-09
  0.610E+05  0.509E-09  0.000E+00  0.257E-09  0.251E-09
  0.635E+05  0.486E-09  0.000E+00  0.245E-09  0.241E-09
  0.661E+05  0.464E-09  0.000E+00  0.233E-09  0.231E-09
  0.688E+05  0.443E-09  0.000E+00  0.222E-09  0.221E-09
  0.716E+05  0.424E-09  0.000E+00  0.212E-09  0.212E-09
  0.745E+05  0.405E-09  0.000E+00  0.202E-09  0.203E-09
  0.776E+05  0.387E-09  0.000E+00  0.192E-09  0.194E-09
  0.807E+05  0.369E-09  0.000E+00  0.183E-09  0.186E-09
  0.840E+05  0.353E-09  0.000E+00  0.175E-09  0.178E-09
  0.875E+05  0.337E-09  0.000E+00  0.167E-09  0.171E-09
  0.910E+05  0.323E-09  0.000E+00  0.159E-09  0.164E-09
  0.948E+05  0.308E-09  0.000E+00  0.151E-09  0.157E-09
  0.986E+05  0.295E-09  0.000E+00  0.144E-09  0.150E-09
  0.103E+06  0.282E-09  0.000E+00  0.138E-09  0.144E-09
  0.107E+06  0.269E-09  0.000E+00  0.131E-09  0.138E-09
  0.111E+06  0.257E-09  0.000E+00  0.125E-09  0.132E-09
  0.116E+06  0.246E-09  0.000E+00  0.119E-09  0.127E-09
  0.120E+06  0.235E-09  0.000E+00  0.114E-09  0.121E-09
  0.125E+06  0.225E-09  0.000E+00  0.109E-09  0.116E-09
  0.130E+06  0.215E-09  0.000E+00  0.104E-09  0.112E-09
  0.136E+06  0.206E-09  0.000E+00  0.990E-10  0.107E-09
  0.141E+06  0.197E-09  0.000E+00  0.945E-10  0.102E-09
  0.147E+06  0.188E-09  0.000E+00  0.902E-10  0.982E-10
  0.153E+06  0.180E-09  0.000E+00  0.861E-10  0.941E-10
  0.159E+06  0.172E-09  0.000E+00  0.822E-10  0.902E-10
  0.166E+06  0.165E-09  0.000E+00  0.784E-10  0.865E-10
  0.173E+06  0.158E-09  0.000E+00  0.749E-10  0.829E-10
  0.180E+06  0.151E-09  0.000E+00  0.715E-10  0.794E-10
  0.187E+06  0.144E-09  0.000E+00  0.683E-10  0.762E-10
  0.195E+06  0.138E-09  0.000E+00  0.652E-10  0.730E-10
  0.203E+06  0.132E-09  0.000E+00  0.623E-10  0.700E-10
  0.211E+06  0.127E-09  0.000E+00  0.595E-10  0.671E-10
  0.219E+06  0.121E-09  0.000E+00  0.569E-10  0.643E-10
  0.228E+06  0.116E-09  0.000E+00  0.543E-10  0.616E-10
  0.238E+06  0.111E-09  0.000E+00  0.519E-10  0.591E-10
  0.247E+06  0.106E-09  0.000E+00  0.496E-10  0.567E-10
  0.258E+06  0.102E-09  0.000E+00  0.474E-10  0.543E-10
  0.268E+06  0.974E-10  0.000E+00  0.453E-10  0.521E-10
  0.279E+06  0.933E-10  0.000E+00  0.433E-10  0.499E-10
  0.290E+06  0.893E-10  0.000E+00  0.414E-10  0.479E-10
  0.302E+06  0.855E-10  0.000E+00  0.396E-10  0.459E-10
  0.315E+06  0.819E-10  0.000E+00  0.379E-10  0.440E-10
  0.327E+06  0.784E-10  0.000E+00  0.362E-10  0.422E-10
  0.341E+06  0.751E-10  0.000E+00  0.347E-10  0.405E-10
  0.355E+06  0.719E-10  0.000E+00  0.331E-10  0.388E-10
  0.369E+06  0.689E-10  0.000E+00  0.317E-10  0.372E-10
  0.384E+06  0.660E-10  0.000E+00  0.303E-10  0.357E-10
  0.400E+06  0.632E-10  0.000E+00  0.290E-10  0.342E-10
  0.416E+06  0.606E-10  0.000E+00  0.278E-10  0.328E-10
  0.433E+06  0.580E-10  0.000E+00  0.266E-10  0.315E-10
  0.451E+06  0.556E-10  0.000E+00  0.254E-10  0.302E-10
  0.469E+06  0.533E-10  0.000E+00  0.243E-10  0.289E-10
  0.488E+06  0.510E-10  0.000E+00  0.233E-10  0.278E-10
  0.508E+06  0.489E-10  0.000E+00  0.223E-10  0.266E-10
  0.529E+06  0.469E-10  0.000E+00  0.213E-10  0.255E-10
  0.551E+06  0.449E-10  0.000E+00  0.204E-10  0.245E-10
  0.573E+06  0.430E-10  0.000E+00  0.196E-10  0.235E-10
  0.597E+06  0.413E-10  0.000E+00  0.187E-10  0.225E-10
  0.621E+06  0.395E-10  0.000E+00  0.179E-10  0.216E-10
  0.646E+06  0.379E-10  0.000E+00  0.172E-10  0.207E-10
  0.673E+06  0.363E-10  0.000E+00  0.164E-10  0.199E-10
  0.700E+06  0.348E-10  0.000E+00  0.157E-10  0.191E-10
  0.729E+06  0.334E-10  0.000E+00  0.151E-10  0.183E-10
  0.758E+06  0.320E-10  0.000E+00  0.144E-10  0.176E-10
  0.789E+06  0.307E-10  0.000E+00  0.138E-10  0.168E-10
  0.821E+06  0.294E-10  0.000E+00  0.133E-10  0.162E-10
  0.855E+06  0.282E-10  0.000E+00  0.127E-10  0.155E-10
  0.890E+06  0.270E-10  0.000E+00  0.122E-10  0.149E-10
  0.926E+06  0.259E-10  0.000E+00  0.117E-10  0.143E-10
  0.964E+06  0.249E-10  0.000E+00  0.112E-10  0.137E-10
  0.100E+07  0.238E-10  0.000E+00  0.107E-10  0.131E-10
  0.104E+07  0.229E-10  0.000E+00  0.103E-10  0.126E-10
  0.109E+07  0.219E-10  0.000E+00  0.983E-11  0.121E-10
  0.113E+07  0.210E-10  0.000E+00  0.942E-11  0.116E-10
  0.118E+07  0.202E-10  0.000E+00  0.903E-11  0.111E-10
  0.123E+07  0.193E-10  0.000E+00  0.865E-11  0.107E-10
  0.128E+07  0.185E-10  0.000E+00  0.829E-11  0.103E-10
  0.133E+07  0.178E-10  0.000E+00  0.795E-11  0.984E-11
  0.138E+07  0.171E-10  0.000E+00  0.762E-11  0.944E-11
  0.144E+07  0.164E-10  0.000E+00  0.731E-11  0.906E-11
  0.150E+07  0.157E-10  0.000E+00  0.700E-11  0.870E-11
  0.156E+07  0.151E-10  0.000E+00  0.672E-11  0.835E-11
  0.162E+07  0.144E-10  0.000E+00  0.644E-11  0.801E-11
  0.169E+07  0.139E-10  0.000E+00  0.617E-11  0.769E-11
  0.176E+07  0.133E-10  0.000E+00  0.592E-11  0.738E-11
  0.183E+07  0.128E-10  0.000E+00  0.568E-11  0.708E-11
  0.190E+07  0.122E-10  0.000E+00  0.544E-11  0.680E-11
  0.198E+07  0.117E-10  0.000E+00  0.522E-11  0.652E-11
  0.206E+07  0.113E-10  0.000E+00  0.501E-11  0.626E-11
  0.215E+07  0.108E-10  0.000E+00  0.480E-11  0.601E-11
  0.223E+07  0.104E-10  0.000E+00  0.461E-11  0.577E-11
  0.232E+07  0.996E-11  0.000E+00  0.442E-11  0.554E-11
  0.242E+07  0.955E-11  0.000E+00  0.424E-11  0.532E-11
  0.252E+07  0.917E-11  0.000E+00  0.407E-11  0.510E-11
  0.262E+07  0.880E-11  0.000E+00  0.390E-11  0.490E-11
  0.273E+07  0.844E-11  0.000E+00  0.374E-11  0.470E-11
  0.284E+07  0.810E-11  0.000E+00  0.359E-11  0.451E-11
  0.295E+07  0.778E-11  0.000E+00  0.344E-11  0.433E-11
  0.308E+07  0.746E-11  0.000E+00  0.330E-11  0.416E-11
  0.320E+07  0.716E-11  0.000E+00  0.317E-11  0.399E-11
  0.333E+07  0.687E-11  0.000E+00  0.304E-11  0.383E-11
  0.347E+07  0.660E-11  0.000E+00  0.292E-11  0.368E-11
  0.361E+07  0.633E-11  0.000E+00  0.280E-11  0.353E-11
  0.376E+07  0.608E-11  0.000E+00  0.269E-11  0.339E-11
  0.391E+07  0.584E-11  0.000E+00  0.258E-11  0.326E-11
  0.407E+07  0.560E-11  0.000E+00  0.247E-11  0.313E-11
  0.423E+07  0.538E-11  0.000E+00  0.237E-11  0.300E-11
  0.441E+07  0.516E-11  0.000E+00  0.228E-11  0.288E-11
  0.459E+07  0.495E-11  0.000E+00  0.219E-11  0.277E-11
  0.477E+07  0.476E-11  0.000E+00  0.210E-11  0.266E-11
  0.497E+07  0.457E-11  0.000E+00  0.201E-11  0.255E-11
  0.517E+07  0.438E-11  0.000E+00  0.193E-11  0.245E-11
  0.538E+07  0.421E-11  0.000E+00  0.186E-11  0.235E-11
  0.560E+07  0.404E-11  0.000E+00  0.178E-11  0.226E-11
  0.583E+07  0.388E-11  0.000E+00  0.171E-11  0.217E-11
  0.607E+07  0.372E-11  0.000E+00  0.164E-11  0.208E-11
  0.632E+07  0.358E-11  0.000E+00  0.158E-11  0.200E-11
  0.658E+07  0.343E-11  0.000E+00  0.151E-11  0.192E-11
  0.684E+07  0.330E-11  0.000E+00  0.145E-11  0.184E-11
  0.712E+07  0.316E-11  0.000E+00  0.139E-11  0.177E-11
  0.741E+07  0.304E-11  0.000E+00  0.134E-11  0.170E-11
  0.772E+07  0.292E-11  0.000E+00  0.128E-11  0.163E-11
  0.803E+07  0.280E-11  0.000E+00  0.123E-11  0.157E-11
  0.836E+07  0.269E-11  0.000E+00  0.118E-11  0.151E-11
  0.870E+07  0.258E-11  0.000E+00  0.114E-11  0.145E-11
  0.905E+07  0.248E-11  0.000E+00  0.109E-11  0.139E-11
  0.942E+07  0.238E-11  0.000E+00  0.105E-11  0.133E-11
  0.981E+07  0.229E-11  0.000E+00  0.101E-11  0.128E-11
  0.102E+08  0.220E-11  0.000E+00  0.966E-12  0.123E-11
  0.106E+08  0.211E-11  0.000E+00  0.928E-12  0.118E-11
  0.111E+08  0.203E-11  0.000E+00  0.891E-12  0.113E-11
  0.115E+08  0.195E-11  0.000E+00  0.856E-12  0.109E-11
  0.120E+08  0.187E-11  0.000E+00  0.822E-12  0.105E-11
  0.125E+08  0.179E-11  0.000E+00  0.789E-12  0.101E-11
  0.130E+08  0.172E-11  0.000E+00  0.758E-12  0.966E-12
  0.135E+08  0.166E-11  0.000E+00  0.728E-12  0.928E-12
  0.141E+08  0.159E-11  0.000E+00  0.699E-12  0.891E-12
  0.146E+08  0.153E-11  0.000E+00  0.671E-12  0.856E-12
  0.152E+08  0.147E-11  0.000E+00  0.645E-12  0.822E-12
  0.159E+08  0.141E-11  0.000E+00  0.619E-12  0.789E-12
  0.165E+08  0.135E-11  0.000E+00  0.595E-12  0.758E-12
  0.172E+08  0.130E-11  0.000E+00  0.571E-12  0.728E-12
  0.179E+08  0.125E-11  0.000E+00  0.548E-12  0.700E-12
  0.186E+08  0.120E-11  0.000E+00  0.527E-12  0.672E-12
  0.194E+08  0.115E-11  0.000E+00  0.506E-12  0.646E-12
  0.202E+08  0.111E-11  0.000E+00  0.486E-12  0.620E-12
  0.210E+08  0.106E-11  0.000E+00  0.467E-12  0.596E-12
  0.218E+08  0.102E-11  0.000E+00  0.448E-12  0.572E-12
  0.227E+08  0.980E-12  0.000E+00  0.431E-12  0.550E-12
  0.236E+08  0.942E-12  0.000E+00  0.414E-12  0.528E-12
  0.246E+08  0.905E-12  0.000E+00  0.398E-12  0.507E-12
  0.256E+08  0.869E-12  0.000E+00  0.382E-12  0.487E-12
  0.267E+08  0.835E-12  0.000E+00  0.367E-12  0.468E-12
  0.278E+08  0.802E-12  0.000E+00  0.352E-12  0.450E-12
  0.289E+08  0.771E-12  0.000E+00  0.339E-12  0.432E-12
  0.301E+08  0.740E-12  0.000E+00  0.325E-12  0.415E-12
  0.313E+08  0.711E-12  0.000E+00  0.313E-12  0.399E-12
  0.326E+08  0.683E-12  0.000E+00  0.300E-12  0.383E-12
  0.339E+08  0.656E-12  0.000E+00  0.289E-12  0.368E-12
  0.353E+08  0.631E-12  0.000E+00  0.277E-12  0.353E-12
  0.367E+08  0.606E-12  0.000E+00  0.266E-12  0.340E-12
  0.382E+08  0.582E-12  0.000E+00  0.256E-12  0.326E-12
  0.398E+08  0.559E-12  0.000E+00  0.246E-12  0.313E-12
  0.414E+08  0.537E-12  0.000E+00  0.236E-12  0.301E-12
  0.431E+08  0.516E-12  0.000E+00  0.227E-12  0.289E-12
  0.448E+08  0.496E-12  0.000E+00  0.218E-12  0.278E-12
  0.467E+08  0.477E-12  0.000E+00  0.210E-12  0.267E-12
  0.486E+08  0.458E-12  0.000E+00  0.201E-12  0.257E-12
  0.506E+08  0.440E-12  0.000E+00  0.194E-12  0.247E-12
  0.526E+08  0.423E-12  0.000E+00  0.186E-12  0.237E-12
  0.548E+08  0.406E-12  0.000E+00  0.179E-12  0.228E-12
  0.570E+08  0.390E-12  0.000E+00  0.172E-12  0.219E-12
  0.593E+08  0.375E-12  0.000E+00  0.165E-12  0.210E-12
  0.618E+08  0.361E-12  0.000E+00  0.159E-12  0.202E-12
  0.643E+08  0.346E-12  0.000E+00  0.152E-12  0.194E-12
  0.669E+08  0.333E-12  0.000E+00  0.147E-12  0.186E-12
  0.696E+08  0.320E-12  0.000E+00  0.141E-12  0.179E-12
  0.725E+08  0.307E-12  0.000E+00  0.135E-12  0.172E-12
  0.754E+08  0.295E-12  0.000E+00  0.130E-12  0.165E-12
  0.785E+08  0.284E-12  0.000E+00  0.125E-12  0.159E-12
  0.817E+08  0.273E-12  0.000E+00  0.120E-12  0.153E-12
  0.851E+08  0.262E-12  0.000E+00  0.116E-12  0.147E-12
  0.885E+08  0.252E-12  0.000E+00  0.111E-12  0.141E-12
  0.921E+08  0.242E-12  0.000E+00  0.107E-12  0.135E-12
  0.959E+08  0.233E-12  0.000E+00  0.103E-12  0.130E-12
  0.998E+08  0.224E-12  0.000E+00  0.986E-13  0.125E-12
  0.104E+09  0.215E-12  0.000E+00  0.948E-13  0.120E-12
  0.108E+09  0.207E-12  0.000E+00  0.912E-13  0.115E-12
  0.113E+09  0.199E-12  0.000E+00  0.876E-13  0.111E-12
  0.117E+09  0.191E-12  0.000E+00  0.842E-13  0.107E-12
  0.122E+09  0.183E-12  0.000E+00  0.810E-13  0.102E-12
  0.127E+09  0.176E-12  0.000E+00  0.779E-13  0.985E-13
  0.132E+09  0.170E-12  0.000E+00  0.749E-13  0.947E-13
  0.137E+09  0.163E-12  0.000E+00  0.720E-13  0.910E-13
  0.143E+09  0.157E-12  0.000E+00  0.692E-13  0.874E-13
  0.149E+09  0.151E-12  0.000E+00  0.665E-13  0.840E-13
  0.155E+09  0.145E-12  0.000E+00  0.640E-13  0.807E-13
  0.161E+09  0.139E-12  0.000E+00  0.615E-13  0.776E-13
  0.168E+09  0.134E-12  0.000E+00  0.591E-13  0.746E-13
  0.175E+09  0.129E-12  0.000E+00  0.569E-13  0.717E-13
  0.182E+09  0.124E-12  0.000E+00  0.547E-13  0.689E-13
  0.189E+09  0.119E-12  0.000E+00  0.526E-13  0.662E-13
  0.197E+09  0.114E-12  0.000E+00  0.506E-13  0.636E-13
  0.205E+09  0.110E-12  0.000E+00  0.486E-13  0.612E-13
  0.213E+09  0.106E-12  0.000E+00  0.468E-13  0.588E-13
  0.222E+09  0.101E-12  0.000E+00  0.450E-13  0.565E-13
  0.231E+09  0.976E-13  0.000E+00  0.433E-13  0.543E-13
  0.241E+09  0.938E-13  0.000E+00  0.416E-13  0.522E-13
  0.250E+09  0.902E-13  0.000E+00  0.400E-13  0.502E-13
  0.261E+09  0.867E-13  0.000E+00  0.385E-13  0.482E-13
  0.271E+09  0.834E-13  0.000E+00  0.370E-13  0.464E-13
  0.282E+09  0.802E-13  0.000E+00  0.356E-13  0.446E-13
  0.294E+09  0.771E-13  0.000E+00  0.342E-13  0.428E-13
  0.306E+09  0.741E-13  0.000E+00  0.329E-13  0.412E-13
  0.318E+09  0.713E-13  0.000E+00  0.317E-13  0.396E-13
  0.331E+09  0.685E-13  0.000E+00  0.305E-13  0.380E-13
  0.345E+09  0.659E-13  0.000E+00  0.293E-13  0.366E-13
  0.359E+09  0.634E-13  0.000E+00  0.282E-13  0.352E-13
  0.374E+09  0.609E-13  0.000E+00  0.271E-13  0.338E-13
  0.389E+09  0.586E-13  0.000E+00  0.261E-13  0.325E-13
  0.405E+09  0.563E-13  0.000E+00  0.251E-13  0.312E-13
  0.421E+09  0.542E-13  0.000E+00  0.242E-13  0.300E-13
  0.438E+09  0.521E-13  0.000E+00  0.232E-13  0.289E-13
  0.456E+09  0.501E-13  0.000E+00  0.224E-13  0.277E-13
  0.475E+09  0.482E-13  0.000E+00  0.215E-13  0.267E-13
  0.494E+09  0.464E-13  0.000E+00  0.207E-13  0.256E-13
  0.515E+09  0.446E-13  0.000E+00  0.199E-13  0.247E-13
  0.536E+09  0.429E-13  0.000E+00  0.192E-13  0.237E-13
  0.557E+09  0.412E-13  0.000E+00  0.185E-13  0.228E-13
  0.580E+09  0.397E-13  0.000E+00  0.178E-13  0.219E-13
  0.604E+09  0.382E-13  0.000E+00  0.171E-13  0.211E-13
  0.628E+09  0.367E-13  0.000E+00  0.165E-13  0.203E-13
  0.654E+09  0.353E-13  0.000E+00  0.158E-13  0.195E-13
  0.681E+09  0.340E-13  0.000E+00  0.152E-13  0.187E-13
  0.709E+09  0.327E-13  0.000E+00  0.147E-13  0.180E-13
  0.737E+09  0.314E-13  0.000E+00  0.141E-13  0.173E-13
  0.768E+09  0.302E-13  0.000E+00  0.136E-13  0.167E-13
  0.799E+09  0.291E-13  0.000E+00  0.131E-13  0.160E-13
  0.831E+09  0.280E-13  0.000E+00  0.126E-13  0.154E-13
  0.865E+09  0.269E-13  0.000E+00  0.121E-13  0.148E-13
  0.901E+09  0.259E-13  0.000E+00  0.117E-13  0.142E-13
  0.937E+09  0.249E-13  0.000E+00  0.112E-13  0.137E-13
  0.976E+09  0.240E-13  0.000E+00  0.108E-13  0.132E-13
  0.102E+10  0.231E-13  0.000E+00  0.104E-13  0.127E-13
  0.106E+10  0.222E-13  0.000E+00  0.100E-13  0.122E-13
  0.110E+10  0.214E-13  0.000E+00  0.965E-14  0.117E-13
  0.115E+10  0.205E-13  0.000E+00  0.929E-14  0.113E-13
  0.119E+10  0.198E-13  0.000E+00  0.895E-14  0.108E-13
  0.124E+10  0.190E-13  0.000E+00  0.862E-14  0.104E-13
  0.129E+10  0.183E-13  0.000E+00  0.830E-14  0.100E-13
  0.134E+10  0.176E-13  0.000E+00  0.799E-14  0.963E-14
  0.140E+10  0.170E-13  0.000E+00  0.770E-14  0.926E-14
  0.146E+10  0.163E-13  0.000E+00  0.742E-14  0.891E-14
  0.151E+10  0.157E-13  0.000E+00  0.715E-14  0.857E-14
  0.158E+10  0.151E-13  0.000E+00  0.688E-14  0.824E-14
  0.164E+10  0.146E-13  0.000E+00  0.663E-14  0.793E-14
  0.171E+10  0.140E-13  0.000E+00  0.639E-14  0.763E-14
  0.178E+10  0.135E-13  0.000E+00  0.615E-14  0.734E-14
  0.185E+10  0.130E-13  0.000E+00  0.593E-14  0.706E-14
  0.193E+10  0.125E-13  0.000E+00  0.571E-14  0.679E-14
  0.200E+10  0.120E-13  0.000E+00  0.551E-14  0.653E-14
  0.209E+10  0.116E-13  0.000E+00  0.531E-14  0.628E-14
  0.217E+10  0.112E-13  0.000E+00  0.511E-14  0.604E-14
  0.226E+10  0.107E-13  0.000E+00  0.493E-14  0.582E-14
  0.235E+10  0.103E-13  0.000E+00  0.475E-14  0.560E-14
  0.245E+10  0.996E-14  0.000E+00  0.458E-14  0.538E-14
  0.255E+10  0.959E-14  0.000E+00  0.441E-14  0.518E-14
  0.265E+10  0.924E-14  0.000E+00  0.425E-14  0.498E-14
  0.276E+10  0.890E-14  0.000E+00  0.410E-14  0.479E-14
  0.287E+10  0.857E-14  0.000E+00  0.395E-14  0.461E-14
  0.299E+10  0.825E-14  0.000E+00  0.381E-14  0.444E-14
  0.311E+10  0.795E-14  0.000E+00  0.368E-14  0.427E-14
  0.324E+10  0.765E-14  0.000E+00  0.354E-14  0.411E-14
  0.337E+10  0.737E-14  0.000E+00  0.342E-14  0.396E-14
  0.351E+10  0.710E-14  0.000E+00  0.330E-14  0.381E-14
  0.365E+10  0.684E-14  0.000E+00  0.318E-14  0.366E-14
  0.380E+10  0.659E-14  0.000E+00  0.307E-14  0.353E-14
  0.396E+10  0.635E-14  0.000E+00  0.296E-14  0.339E-14
  0.412E+10  0.612E-14  0.000E+00  0.285E-14  0.327E-14
  0.429E+10  0.589E-14  0.000E+00  0.275E-14  0.314E-14
  0.446E+10  0.568E-14  0.000E+00  0.265E-14  0.303E-14
  0.464E+10  0.547E-14  0.000E+00  0.256E-14  0.291E-14
  0.483E+10  0.527E-14  0.000E+00  0.247E-14  0.280E-14
  0.503E+10  0.508E-14  0.000E+00  0.238E-14  0.270E-14
  0.523E+10  0.490E-14  0.000E+00  0.230E-14  0.260E-14
  0.545E+10  0.472E-14  0.000E+00  0.222E-14  0.250E-14
  0.567E+10  0.455E-14  0.000E+00  0.214E-14  0.241E-14
  0.590E+10  0.439E-14  0.000E+00  0.207E-14  0.232E-14
  0.614E+10  0.423E-14  0.000E+00  0.200E-14  0.223E-14
  0.639E+10  0.408E-14  0.000E+00  0.193E-14  0.215E-14
  0.665E+10  0.393E-14  0.000E+00  0.186E-14  0.207E-14
  0.693E+10  0.379E-14  0.000E+00  0.180E-14  0.199E-14
  0.721E+10  0.365E-14  0.000E+00  0.173E-14  0.192E-14
  0.750E+10  0.352E-14  0.000E+00  0.167E-14  0.185E-14
  0.781E+10  0.339E-14  0.000E+00  0.162E-14  0.178E-14
  0.813E+10  0.327E-14  0.000E+00  0.156E-14  0.171E-14
  0.846E+10  0.316E-14  0.000E+00  0.151E-14  0.165E-14
  0.880E+10  0.304E-14  0.000E+00  0.146E-14  0.159E-14
  0.916E+10  0.294E-14  0.000E+00  0.141E-14  0.153E-14
  0.954E+10  0.283E-14  0.000E+00  0.136E-14  0.147E-14
  0.993E+10  0.273E-14  0.000E+00  0.131E-14  0.142E-14
  0.103E+11  0.263E-14  0.000E+00  0.127E-14  0.137E-14
  0.108E+11  0.254E-14  0.000E+00  0.123E-14  0.132E-14
  0.112E+11  0.245E-14  0.000E+00  0.118E-14  0.127E-14
  0.116E+11  0.237E-14  0.000E+00  0.114E-14  0.122E-14
  0.121E+11  0.228E-14  0.000E+00  0.111E-14  0.118E-14
  0.126E+11  0.220E-14  0.000E+00  0.107E-14  0.113E-14
  0.131E+11  0.213E-14  0.000E+00  0.103E-14  0.109E-14
  0.137E+11  0.205E-14  0.000E+00  0.100E-14  0.105E-14
  0.142E+11  0.198E-14  0.000E+00  0.970E-15  0.101E-14
  0.148E+11  0.192E-14  0.000E+00  0.943E-15  0.980E-15
  0.154E+11  0.187E-14  0.000E+00  0.919E-15  0.948E-15
  0.160E+11  0.181E-14  0.000E+00  0.897E-15  0.917E-15
  0.167E+11  0.177E-14  0.000E+00  0.878E-15  0.888E-15
  0.174E+11  0.172E-14  0.000E+00  0.860E-15  0.861E-15
  0.181E+11  0.168E-14  0.000E+00  0.844E-15  0.835E-15
  0.188E+11  0.164E-14  0.000E+00  0.829E-15  0.810E-15
  0.196E+11  0.160E-14  0.000E+00  0.815E-15  0.787E-15
  0.204E+11  0.157E-14  0.000E+00  0.803E-15  0.764E-15
  0.212E+11  0.153E-14  0.000E+00  0.791E-15  0.743E-15
  0.221E+11  0.150E-14  0.000E+00  0.781E-15  0.722E-15
  0.230E+11  0.148E-14  0.000E+00  0.772E-15  0.703E-15
  0.239E+11  0.145E-14  0.000E+00  0.764E-15  0.685E-15
  0.249E+11  0.142E-14  0.000E+00  0.757E-15  0.667E-15
  0.259E+11  0.140E-14  0.000E+00  0.751E-15  0.650E-15
  0.270E+11  0.138E-14  0.000E+00  0.746E-15  0.634E-15
  0.281E+11  0.136E-14  0.000E+00  0.741E-15  0.619E-15
  0.292E+11  0.134E-14  0.000E+00  0.738E-15  0.604E-15
  0.304E+11  0.133E-14  0.000E+00  0.736E-15  0.591E-15
  0.316E+11  0.131E-14  0.000E+00  0.734E-15  0.577E-15
  0.329E+11  0.130E-14  0.000E+00  0.733E-15  0.565E-15
  0.343E+11  0.129E-14  0.000E+00  0.733E-15  0.553E-15
  0.357E+11  0.128E-14  0.000E+00  0.734E-15  0.542E-15
  0.371E+11  0.127E-14  0.000E+00  0.736E-15  0.531E-15
  0.386E+11  0.126E-14  0.000E+00  0.739E-15  0.521E-15
  0.402E+11  0.125E-14  0.000E+00  0.743E-15  0.511E-15
  0.418E+11  0.125E-14  0.000E+00  0.747E-15  0.502E-15
  0.435E+11  0.125E-14  0.000E+00  0.753E-15  0.493E-15
  0.453E+11  0.124E-14  0.000E+00  0.759E-15  0.485E-15
  0.471E+11  0.124E-14  0.000E+00  0.767E-15  0.477E-15
  0.491E+11  0.124E-14  0.000E+00  0.775E-15  0.469E-15
  0.511E+11  0.125E-14  0.000E+00  0.784E-15  0.462E-15
  0.531E+11  0.125E-14  0.000E+00  0.794E-15  0.456E-15
  0.553E+11  0.125E-14  0.000E+00  0.805E-15  0.449E-15
  0.576E+11  0.126E-14  0.000E+00  0.817E-15  0.444E-15
  0.599E+11  0.127E-14  0.000E+00  0.830E-15  0.438E-15
  0.623E+11  0.128E-14  0.000E+00  0.845E-15  0.433E-15
  0.649E+11  0.129E-14  0.000E+00  0.860E-15  0.428E-15
  0.675E+11  0.130E-14  0.000E+00  0.876E-15  0.423E-15
  0.703E+11  0.131E-14  0.000E+00  0.893E-15  0.419E-15
  0.731E+11  0.133E-14  0.000E+00  0.911E-15  0.415E-15
  0.761E+11  0.134E-14  0.000E+00  0.931E-15  0.411E-15
  0.792E+11  0.136E-14  0.000E+00  0.951E-15  0.408E-15
  0.824E+11  0.138E-14  0.000E+00  0.973E-15  0.404E-15
  0.858E+11  0.140E-14  0.000E+00  0.996E-15  0.401E-15
  0.893E+11  0.142E-14  0.000E+00  0.102E-14  0.399E-15
  0.929E+11  0.144E-14  0.000E+00  0.104E-14  0.396E-15
  0.967E+11  0.147E-14  0.000E+00  0.107E-14  0.394E-15
  0.101E+12  0.150E-14  0.000E+00  0.111E-14  0.393E-15
  0.105E+12  0.154E-14  0.000E+00  0.115E-14  0.393E-15
  0.109E+12  0.158E-14  0.000E+00  0.119E-14  0.394E-15
  0.113E+12  0.164E-14  0.000E+00  0.124E-14  0.395E-15
  0.118E+12  0.169E-14  0.000E+00  0.130E-14  0.397E-15
  0.123E+12  0.176E-14  0.000E+00  0.136E-14  0.400E-15
  0.128E+12  0.183E-14  0.000E+00  0.143E-14  0.404E-15
  0.133E+12  0.191E-14  0.206E-04  0.150E-14  0.408E-15
  0.139E+12  0.199E-14  0.260E-04  0.158E-14  0.413E-15
  0.144E+12  0.209E-14  0.329E-04  0.167E-14  0.418E-15
  0.150E+12  0.219E-14  0.418E-04  0.176E-14  0.424E-15
  0.156E+12  0.229E-14  0.533E-04  0.186E-14  0.431E-15
  0.163E+12  0.229E-14  0.533E-04  0.186E-14  0.431E-15
  0.169E+12  0.229E-14  0.533E-04  0.186E-14  0.431E-15
  0.176E+12  0.229E-14  0.533E-04  0.186E-14  0.431E-15
  0.183E+12  0.229E-14  0.533E-04  0.186E-14  0.431E-15
  0.191E+12  0.229E-14  0.533E-04  0.186E-14  0.431E-15
  0.199E+12  0.229E-14  0.533E-04  0.186E-14  0.431E-15
  0.207E+12  0.229E-14  0.533E-04  0.186E-14  0.431E-15
  0.215E+12  0.229E-14  0.533E-04  0.186E-14  0.431E-15
  0.224E+12  0.229E-14  0.533E-04  0.186E-14  0.431E-15
  0.233E+12  0.229E-14  0.533E-04  0.186E-14  0.431E-15
  0.243E+12  0.229E-14  0.533E-04  0.186E-14  0.431E-15
  0.252E+12  0.229E-14  0.533E-04  0.186E-14  0.431E-15
  0.263E+12  0.229E-14  0.533E-04  0.186E-14  0.431E-15
  0.274E+12  0.229E-14  0.533E-04  0.186E-14  0.431E-15
  0.285E+12  0.229E-14  0.533E-04  0.186E-14  0.431E-15
  0.296E+12  0.229E-14  0.533E-04  0.186E-14  0.431E-15
  0.308E+12  0.229E-14  0.533E-04  0.186E-14  0.431E-15
  0.321E+12  0.229E-14  0.533E-04  0.186E-14  0.431E-15
  0.334E+12  0.229E-14  0.533E-04  0.186E-14  0.431E-15
  0.348E+12  0.229E-14  0.533E-04  0.186E-14  0.431E-15
  0.362E+12  0.229E-14  0.533E-04  0.186E-14  0.431E-15
  0.377E+12  0.229E-14  0.533E-04  0.186E-14  0.431E-15
  0.392E+12  0.229E-14  0.533E-04  0.186E-14  0.431E-15
  0.408E+12  0.229E-14  0.533E-04  0.186E-14  0.431E-15
  0.425E+12  0.229E-14  0.533E-04  0.186E-14  0.431E-15
  0.442E+12  0.229E-14  0.533E-04  0.186E-14  0.431E-15
  0.460E+12  0.229E-14  0.533E-04  0.186E-14  0.431E-15
  0.479E+12  0.229E-14  0.533E-04  0.186E-14  0.431E-15
  0.498E+12  0.229E-14  0.533E-04  0.186E-14  0.431E-15
  0.519E+12  0.229E-14  0.533E-04  0.186E-14  0.431E-15
  0.540E+12  0.229E-14  0.533E-04  0.186E-14  0.431E-15
  0.562E+12  0.229E-14  0.533E-04  0.186E-14  0.431E-15
  0.585E+12  0.229E-14  0.533E-04  0.186E-14  0.431E-15
  0.609E+12  0.229E-14  0.533E-04  0.186E-14  0.431E-15
  0.634E+12  0.229E-14  0.533E-04  0.186E-14  0.431E-15
  0.659E+12  0.229E-14  0.533E-04  0.186E-14  0.431E-15
  0.686E+12  0.229E-14  0.533E-04  0.186E-14  0.431E-15
  0.714E+12  0.229E-14  0.533E-04  0.186E-14  0.431E-15
  0.743E+12  0.229E-14  0.533E-04  0.186E-14  0.431E-15
  0.774E+12  0.229E-14  0.533E-04  0.186E-14  0.431E-15
  0.805E+12  0.229E-14  0.533E-04  0.186E-14  0.431E-15
  0.838E+12  0.229E-14  0.533E-04  0.186E-14  0.431E-15
  0.872E+12  0.229E-14  0.533E-04  0.186E-14  0.431E-15
  0.908E+12  0.229E-14  0.533E-04  0.186E-14  0.431E-15
  0.945E+12  0.229E-14  0.533E-04  0.186E-14  0.431E-15
  0.984E+12  0.229E-14  0.533E-04  0.186E-14  0.431E-15
  0.102E+13  0.229E-14  0.533E-04  0.186E-14  0.431E-15
  0.107E+13  0.229E-14  0.533E-04  0.186E-14  0.431E-15
  0.111E+13  0.229E-14  0.533E-04  0.186E-14  0.431E-15
  0.115E+13  0.229E-14  0.533E-04  0.186E-14  0.431E-15
  0.120E+13  0.229E-14  0.533E-04  0.186E-14  0.431E-15
  0.125E+13  0.229E-14  0.533E-04  0.186E-14  0.431E-15
  0.130E+13  0.229E-14  0.533E-04  0.186E-14  0.431E-15
  0.135E+13  0.229E-14  0.533E-04  0.186E-14  0.431E-15
  0.141E+13  0.229E-14  0.533E-04  0.186E-14  0.431E-15
  0.147E+13  0.229E-14  0.533E-04  0.186E-14  0.431E-15
  0.153E+13  0.229E-14  0.533E-04  0.186E-14  0.431E-15
  0.159E+13  0.229E-14  0.533E-04  0.186E-14  0.431E-15
  0.165E+13  0.229E-14  0.533E-04  0.186E-14  0.431E-15
  0.172E+13  0.229E-14  0.533E-04  0.186E-14  0.431E-15
  0.179E+13  0.229E-14  0.533E-04  0.186E-14  0.431E-15
  0.187E+13  0.229E-14  0.533E-04  0.186E-14  0.431E-15
  0.194E+13  0.229E-14  0.533E-04  0.186E-14  0.431E-15
  0.202E+13  0.229E-14  0.533E-04  0.186E-14  0.431E-15
  0.210E+13  0.229E-14  0.533E-04  0.186E-14  0.431E-15
  0.219E+13  0.229E-14  0.533E-04  0.186E-14  0.431E-15
  0.228E+13  0.229E-14  0.533E-04  0.186E-14  0.431E-15
  0.237E+13  0.229E-14  0.533E-04  0.186E-14  0.431E-15
  0.247E+13  0.229E-14  0.533E-04  0.186E-14  0.431E-15
  0.257E+13  0.229E-14  0.533E-04  0.186E-14  0.431E-15
  0.267E+13  0.229E-14  0.533E-04  0.186E-14  0.431E-15
  0.278E+13  0.229E-14  0.533E-04  0.186E-14  0.431E-15
  0.290E+13  0.229E-14  0.533E-04  0.186E-14  0.431E-15
  0.301E+13  0.229E-14  0.533E-04  0.186E-14  0.431E-15
  0.314E+13  0.229E-14  0.533E-04  0.186E-14  0.431E-15
  0.327E+13  0.229E-14  0.533E-04  0.186E-14  0.431E-15
  0.340E+13  0.229E-14  0.533E-04  0.186E-14  0.431E-15
  0.354E+13  0.229E-14  0.533E-04  0.186E-14  0.431E-15
  0.368E+13  0.229E-14  0.533E-04  0.186E-14  0.431E-15
  0.383E+13  0.229E-14  0.533E-04  0.186E-14  0.431E-15
  0.399E+13  0.229E-14  0.533E-04  0.186E-14  0.431E-15
  0.415E+13  0.229E-14  0.533E-04  0.186E-14  0.431E-15
  0.432E+13  0.229E-14  0.533E-04  0.186E-14  0.431E-15
  0.450E+13  0.229E-14  0.533E-04  0.186E-14  0.431E-15
  0.468E+13  0.229E-14  0.533E-04  0.186E-14  0.431E-15
  0.487E+13  0.229E-14  0.533E-04  0.186E-14  0.431E-15
  0.507E+13  0.229E-14  0.533E-04  0.186E-14  0.431E-15
  0.528E+13  0.229E-14  0.533E-04  0.186E-14  0.431E-15
  0.549E+13  0.229E-14  0.533E-04  0.186E-14  0.431E-15
  0.572E+13  0.229E-14  0.533E-04  0.186E-14  0.431E-15
  0.595E+13  0.229E-14  0.533E-04  0.186E-14  0.431E-15
  0.619E+13  0.229E-14  0.533E-04  0.186E-14  0.431E-15
  0.645E+13  0.229E-14  0.533E-04  0.186E-14  0.431E-15
  0.671E+13  0.229E-14  0.533E-04  0.186E-14  0.431E-15
  0.698E+13  0.229E-14  0.533E-04  0.186E-14  0.431E-15
  0.727E+13  0.229E-14  0.533E-04  0.186E-14  0.431E-15
  0.757E+13  0.229E-14  0.533E-04  0.186E-14  0.431E-15
  0.787E+13  0.229E-14  0.533E-04  0.186E-14  0.431E-15
  0.820E+13  0.229E-14  0.533E-04  0.186E-14  0.431E-15
  0.853E+13  0.229E-14  0.533E-04  0.186E-14  0.431E-15
  0.888E+13  0.229E-14  0.533E-04  0.186E-14  0.431E-15
  0.924E+13  0.229E-14  0.533E-04  0.186E-14  0.431E-15
  0.962E+13  0.229E-14  0.533E-04  0.186E-14  0.431E-15
  0.100E+14  0.229E-14  0.533E-04  0.186E-14  0.431E-15
  0.104E+14  0.229E-14  0.533E-04  0.186E-14  0.431E-15
  0.108E+14  0.229E-14  0.533E-04  0.186E-14  0.431E-15
  0.113E+14  0.229E-14  0.533E-04  0.186E-14  0.431E-15
  0.117E+14  0.229E-14  0.533E-04  0.186E-14  0.431E-15
  0.122E+14  0.229E-14  0.533E-04  0.186E-14  0.431E-15
  0.127E+14  0.229E-14  0.533E-04  0.186E-14  0.431E-15
  0.132E+14  0.229E-14  0.533E-04  0.186E-14  0.431E-15
  0.138E+14  0.229E-14  0.533E-04  0.186E-14  0.431E-15
  0.143E+14  0.229E-14  0.533E-04  0.186E-14  0.431E-15
  0.149E+14  0.229E-14  0.533E-04  0.186E-14  0.431E-15
  0.155E+14  0.229E-14  0.533E-04  0.186E-14  0.431E-15
  0.162E+14  0.229E-14  0.533E-04  0.186E-14  0.431E-15
  0.168E+14  0.229E-14  0.533E-04  0.186E-14  0.431E-15
  0.175E+14  0.229E-14  0.533E-04  0.186E-14  0.431E-15
  0.182E+14  0.229E-14  0.533E-04  0.186E-14  0.431E-15
  0.190E+14  0.229E-14  0.533E-04  0.186E-14  0.431E-15
  0.198E+14  0.229E-14  0.533E-04  0.186E-14  0.431E-15
  0.206E+14  0.229E-14  0.533E-04  0.186E-14  0.431E-15
  0.214E+14  0.229E-14  0.533E-04  0.186E-14  0.431E-15
  0.223E+14  0.229E-14  0.533E-04  0.186E-14  0.431E-15
  0.232E+14  0.229E-14  0.533E-04  0.186E-14  0.431E-15
  0.241E+14  0.229E-14  0.533E-04  0.186E-14  0.431E-15
  0.251E+14  0.229E-14  0.533E-04  0.186E-14  0.431E-15
  0.261E+14  0.229E-14  0.533E-04  0.186E-14  0.431E-15
  0.272E+14  0.229E-14  0.533E-04  0.186E-14  0.431E-15
  0.283E+14  0.229E-14  0.533E-04  0.186E-14  0.431E-15
  0.295E+14  0.229E-14  0.533E-04  0.186E-14  0.431E-15
  0.307E+14  0.229E-14  0.533E-04  0.186E-14  0.431E-15
  0.319E+14  0.229E-14  0.533E-04  0.186E-14  0.431E-15
  0.332E+14  0.229E-14  0.533E-04  0.186E-14  0.431E-15
  0.346E+14  0.229E-14  0.533E-04  0.186E-14  0.431E-15
  0.360E+14  0.229E-14  0.533E-04  0.186E-14  0.431E-15
  0.375E+14  0.229E-14  0.533E-04  0.186E-14  0.431E-15
  0.390E+14  0.229E-14  0.533E-04  0.186E-14  0.431E-15
  0.406E+14  0.229E-14  0.533E-04  0.186E-14  0.431E-15
  0.422E+14  0.229E-14  0.533E-04  0.186E-14  0.431E-15
  0.440E+14  0.229E-14  0.533E-04  0.186E-14  0.431E-15
  0.458E+14  0.229E-14  0.533E-04  0.186E-14  0.431E-15
  0.476E+14  0.229E-14  0.533E-04  0.186E-14  0.431E-15
  0.496E+14  0.229E-14  0.533E-04  0.186E-14  0.431E-15
  0.516E+14  0.229E-14  0.533E-04  0.186E-14  0.431E-15
  0.537E+14  0.229E-14  0.533E-04  0.186E-14  0.431E-15
  0.559E+14  0.229E-14  0.533E-04  0.186E-14  0.431E-15
  0.582E+14  0.229E-14  0.533E-04  0.186E-14  0.431E-15
  0.606E+14  0.229E-14  0.533E-04  0.186E-14  0.431E-15
  0.630E+14  0.229E-14  0.533E-04  0.186E-14  0.431E-15
  0.656E+14  0.229E-14  0.533E-04  0.186E-14  0.431E-15
  0.683E+14  0.229E-14  0.533E-04  0.186E-14  0.431E-15
  0.711E+14  0.229E-14  0.533E-04  0.186E-14  0.431E-15
  0.740E+14  0.229E-14  0.533E-04  0.186E-14  0.431E-15
  0.770E+14  0.229E-14  0.533E-04  0.186E-14  0.431E-15
  0.801E+14  0.229E-14  0.533E-04  0.186E-14  0.431E-15
  0.834E+14  0.229E-14  0.533E-04  0.186E-14  0.431E-15
  0.868E+14  0.229E-14  0.533E-04  0.186E-14  0.431E-15
  0.903E+14  0.229E-14  0.533E-04  0.186E-14  0.431E-15
  0.940E+14  0.229E-14  0.533E-04  0.186E-14  0.431E-15
  0.979E+14  0.229E-14  0.533E-04  0.186E-14  0.431E-15
