  0.100E+01  0.684E-07  0.325E-07  0.684E-07  0.242E-22
  0.100E+01  0.684E-07  0.325E-07  0.684E-07  0.210E-21
  0.100E+01  0.684E-07  0.325E-07  0.684E-07  0.179E-20
  0.100E+01  0.684E-07  0.325E-07  0.684E-07  0.152E-19
  0.100E+01  0.684E-07  0.325E-07  0.684E-07  0.129E-18
  0.100E+01  0.684E-07  0.325E-07  0.684E-07  0.110E-17
  0.100E+01  0.684E-07  0.325E-07  0.684E-07  0.875E-17
  0.100E+01  0.684E-07  0.325E-07  0.684E-07  0.569E-16
  0.100E+01  0.684E-07  0.325E-07  0.684E-07  0.354E-15
  0.100E+01  0.684E-07  0.325E-07  0.684E-07  0.216E-14
  0.100E+01  0.684E-07  0.325E-07  0.684E-07  0.122E-13
  0.100E+01  0.684E-07  0.325E-07  0.684E-07  0.469E-13
  0.100E+01  0.684E-07  0.325E-07  0.684E-07  0.668E-13
  0.100E+01  0.686E-07  0.327E-07  0.686E-07  0.718E-13
  0.102E+01  0.707E-07  0.340E-07  0.707E-07  0.125E-12
  0.125E+01  0.103E-06  0.590E-07  0.103E-06  0.913E-12
  0.152E+01  0.134E-06  0.944E-07  0.134E-06  0.150E-11
  0.186E+01  0.169E-06  0.143E-06  0.169E-06  0.210E-11
  0.227E+01  0.211E-06  0.211E-06  0.211E-06  0.286E-11
  0.278E+01  0.263E-06  0.305E-06  0.263E-06  0.386E-11
  0.339E+01  0.326E-06  0.433E-06  0.326E-06  0.521E-11
  0.414E+01  0.403E-06  0.609E-06  0.403E-06  0.699E-11
  0.506E+01  0.498E-06  0.849E-06  0.498E-06  0.935E-11
  0.618E+01  0.615E-06  0.118E-05  0.615E-06  0.125E-10
  0.755E+01  0.758E-06  0.162E-05  0.758E-06  0.166E-10
  0.922E+01  0.933E-06  0.222E-05  0.933E-06  0.219E-10
  0.113E+02  0.115E-05  0.303E-05  0.115E-05  0.288E-10
  0.133E+02  0.136E-05  0.348E-05  0.136E-05  0.387E-10
  0.150E+02  0.150E-05  0.352E-05  0.150E-05  0.467E-10
  0.169E+02  0.166E-05  0.360E-05  0.166E-05  0.550E-10
  0.193E+02  0.187E-05  0.375E-05  0.187E-05  0.651E-10
  0.224E+02  0.212E-05  0.398E-05  0.212E-05  0.778E-10
  0.262E+02  0.243E-05  0.427E-05  0.243E-05  0.938E-10
  0.308E+02  0.279E-05  0.460E-05  0.279E-05  0.114E-09
  0.361E+02  0.321E-05  0.495E-05  0.321E-05  0.137E-09
  0.423E+02  0.368E-05  0.531E-05  0.368E-05  0.166E-09
  0.496E+02  0.420E-05  0.567E-05  0.420E-05  0.199E-09
  0.580E+02  0.479E-05  0.604E-05  0.479E-05  0.238E-09
  0.679E+02  0.545E-05  0.641E-05  0.545E-05  0.284E-09
  0.795E+02  0.618E-05  0.679E-05  0.618E-05  0.338E-09
  0.933E+02  0.701E-05  0.719E-05  0.701E-05  0.401E-09
  0.110E+03  0.795E-05  0.761E-05  0.795E-05  0.474E-09
  0.129E+03  0.900E-05  0.806E-05  0.900E-05  0.561E-09
  0.153E+03  0.102E-04  0.856E-05  0.102E-04  0.662E-09
  0.181E+03  0.116E-04  0.912E-05  0.116E-04  0.782E-09
  0.216E+03  0.131E-04  0.976E-05  0.131E-04  0.923E-09
  0.259E+03  0.148E-04  0.105E-04  0.148E-04  0.109E-08
  0.312E+03  0.168E-04  0.113E-04  0.168E-04  0.128E-08
  0.377E+03  0.190E-04  0.123E-04  0.190E-04  0.150E-08
  0.458E+03  0.214E-04  0.134E-04  0.214E-04  0.177E-08
  0.559E+03  0.240E-04  0.148E-04  0.240E-04  0.207E-08
  0.683E+03  0.268E-04  0.164E-04  0.268E-04  0.241E-08
  0.834E+03  0.298E-04  0.182E-04  0.298E-04  0.279E-08
  0.102E+04  0.328E-04  0.203E-04  0.328E-04  0.321E-08
  0.124E+04  0.358E-04  0.227E-04  0.358E-04  0.369E-08
  0.152E+04  0.387E-04  0.255E-04  0.387E-04  0.421E-08
  0.186E+04  0.416E-04  0.287E-04  0.416E-04  0.479E-08
  0.227E+04  0.443E-04  0.323E-04  0.443E-04  0.543E-08
  0.277E+04  0.468E-04  0.364E-04  0.468E-04  0.613E-08
  0.338E+04  0.491E-04  0.410E-04  0.491E-04  0.691E-08
  0.413E+04  0.510E-04  0.460E-04  0.510E-04  0.778E-08
  0.505E+04  0.527E-04  0.513E-04  0.527E-04  0.874E-08
  0.616E+04  0.539E-04  0.566E-04  0.539E-04  0.981E-08
  0.753E+04  0.548E-04  0.615E-04  0.548E-04  0.110E-07
  0.920E+04  0.552E-04  0.653E-04  0.552E-04  0.123E-07
  0.112E+05  0.551E-04  0.667E-04  0.551E-04  0.138E-07
  0.133E+05  0.542E-04  0.643E-04  0.542E-04  0.154E-07
  0.156E+05  0.526E-04  0.578E-04  0.526E-04  0.169E-07
  0.179E+05  0.502E-04  0.479E-04  0.502E-04  0.184E-07
  0.202E+05  0.470E-04  0.365E-04  0.470E-04  0.198E-07
  0.225E+05  0.432E-04  0.257E-04  0.431E-04  0.210E-07
  0.250E+05  0.388E-04  0.169E-04  0.387E-04  0.220E-07
  0.277E+05  0.340E-04  0.105E-04  0.340E-04  0.229E-07
  0.309E+05  0.293E-04  0.634E-05  0.293E-04  0.237E-07
  0.349E+05  0.248E-04  0.379E-05  0.248E-04  0.244E-07
  0.402E+05  0.209E-04  0.235E-05  0.209E-04  0.254E-07
  0.477E+05  0.179E-04  0.160E-05  0.179E-04  0.267E-07
  0.581E+05  0.158E-04  0.127E-05  0.158E-04  0.287E-07
  0.709E+05  0.147E-04  0.121E-05  0.147E-04  0.313E-07
  0.865E+05  0.140E-04  0.122E-05  0.140E-04  0.343E-07
  0.106E+06  0.135E-04  0.129E-05  0.134E-04  0.377E-07
  0.129E+06  0.131E-04  0.142E-05  0.131E-04  0.417E-07
  0.157E+06  0.129E-04  0.163E-05  0.129E-04  0.463E-07
  0.191E+06  0.129E-04  0.193E-05  0.128E-04  0.516E-07
  0.233E+06  0.130E-04  0.236E-05  0.129E-04  0.579E-07
  0.285E+06  0.132E-04  0.296E-05  0.131E-04  0.652E-07
  0.347E+06  0.135E-04  0.383E-05  0.134E-04  0.740E-07
  0.424E+06  0.140E-04  0.505E-05  0.139E-04  0.845E-07
  0.517E+06  0.145E-04  0.681E-05  0.144E-04  0.971E-07
  0.631E+06  0.152E-04  0.932E-05  0.151E-04  0.113E-06
  0.770E+06  0.160E-04  0.129E-04  0.159E-04  0.131E-06
  0.939E+06  0.169E-04  0.180E-04  0.167E-04  0.155E-06
  0.115E+07  0.178E-04  0.253E-04  0.176E-04  0.183E-06
  0.140E+07  0.186E-04  0.354E-04  0.184E-04  0.217E-06
  0.170E+07  0.191E-04  0.491E-04  0.188E-04  0.255E-06
  0.208E+07  0.184E-04  0.667E-04  0.181E-04  0.281E-06
  0.254E+07  0.137E-04  0.847E-04  0.135E-04  0.237E-06
  0.311E+07  0.160E-05  0.814E-04  0.156E-05  0.401E-07
  0.380E+07  0.237E-06  0.774E-04  0.229E-06  0.863E-08
  0.465E+07  0.104E-06  0.785E-04  0.999E-07  0.373E-08
  0.567E+07  0.658E-07  0.801E-04  0.631E-07  0.261E-08
  0.692E+07  0.483E-07  0.811E-04  0.459E-07  0.243E-08
  0.845E+07  0.372E-07  0.817E-04  0.348E-07  0.245E-08
  0.103E+08  0.294E-07  0.818E-04  0.269E-07  0.253E-08
  0.126E+08  0.236E-07  0.816E-04  0.210E-07  0.266E-08
  0.154E+08  0.193E-07  0.812E-04  0.165E-07  0.283E-08
  0.188E+08  0.160E-07  0.805E-04  0.130E-07  0.302E-08
  0.229E+08  0.135E-07  0.796E-04  0.102E-07  0.324E-08
  0.280E+08  0.116E-07  0.784E-04  0.808E-08  0.349E-08
  0.342E+08  0.101E-07  0.770E-04  0.637E-08  0.376E-08
  0.418E+08  0.907E-08  0.754E-04  0.502E-08  0.406E-08
  0.510E+08  0.832E-08  0.735E-04  0.394E-08  0.438E-08
  0.623E+08  0.782E-08  0.717E-04  0.309E-08  0.473E-08
  0.761E+08  0.752E-08  0.699E-04  0.241E-08  0.511E-08
  0.929E+08  0.739E-08  0.684E-04  0.188E-08  0.551E-08
  0.113E+09  0.738E-08  0.674E-04  0.145E-08  0.593E-08
  0.138E+09  0.747E-08  0.684E-04  0.111E-08  0.636E-08
  0.168E+09  0.759E-08  0.851E-04  0.840E-09  0.675E-08
  0.174E+09  0.752E-08  0.177E-03  0.788E-09  0.673E-08
  0.177E+09  0.729E-08  0.341E-03  0.771E-09  0.652E-08
  0.184E+09  0.813E-08  0.569E-03  0.799E-09  0.733E-08
  0.221E+09  0.118E-07  0.419E-03  0.790E-09  0.110E-07
  0.270E+09  0.137E-07  0.254E-03  0.633E-09  0.130E-07
  0.330E+09  0.152E-07  0.143E-03  0.491E-09  0.148E-07
  0.403E+09  0.168E-07  0.767E-04  0.373E-09  0.164E-07
  0.493E+09  0.183E-07  0.398E-04  0.279E-09  0.180E-07
  0.602E+09  0.198E-07  0.205E-04  0.206E-09  0.196E-07
  0.736E+09  0.212E-07  0.107E-04  0.150E-09  0.211E-07
  0.900E+09  0.226E-07  0.570E-05  0.107E-09  0.225E-07
  0.110E+10  0.239E-07  0.318E-05  0.764E-10  0.238E-07
  0.135E+10  0.250E-07  0.188E-05  0.545E-10  0.250E-07
  0.165E+10  0.260E-07  0.118E-05  0.393E-10  0.259E-07
  0.201E+10  0.268E-07  0.799E-06  0.291E-10  0.268E-07
  0.246E+10  0.274E-07  0.581E-06  0.222E-10  0.274E-07
  0.301E+10  0.279E-07  0.453E-06  0.175E-10  0.279E-07
  0.368E+10  0.283E-07  0.377E-06  0.142E-10  0.283E-07
  0.450E+10  0.285E-07  0.331E-06  0.117E-10  0.285E-07
  0.550E+10  0.287E-07  0.306E-06  0.979E-11  0.287E-07
  0.672E+10  0.288E-07  0.296E-06  0.820E-11  0.288E-07
  0.821E+10  0.288E-07  0.297E-06  0.684E-11  0.288E-07
  0.100E+11  0.288E-07  0.307E-06  0.567E-11  0.288E-07
  0.123E+11  0.288E-07  0.326E-06  0.465E-11  0.288E-07
  0.150E+11  0.287E-07  0.353E-06  0.378E-11  0.287E-07
  0.183E+11  0.285E-07  0.384E-06  0.305E-11  0.285E-07
  0.223E+11  0.284E-07  0.414E-06  0.245E-11  0.284E-07
  0.273E+11  0.282E-07  0.437E-06  0.195E-11  0.282E-07
  0.333E+11  0.280E-07  0.445E-06  0.155E-11  0.280E-07
  0.406E+11  0.278E-07  0.430E-06  0.123E-11  0.278E-07
  0.495E+11  0.276E-07  0.391E-06  0.979E-12  0.276E-07
  0.604E+11  0.274E-07  0.336E-06  0.775E-12  0.274E-07
  0.737E+11  0.271E-07  0.275E-06  0.611E-12  0.271E-07
  0.900E+11  0.268E-07  0.219E-06  0.479E-12  0.268E-07
  0.110E+12  0.265E-07  0.173E-06  0.373E-12  0.265E-07
  0.134E+12  0.262E-07  0.140E-06  0.289E-12  0.262E-07
  0.164E+12  0.259E-07  0.116E-06  0.222E-12  0.259E-07
  0.200E+12  0.255E-07  0.897E-07  0.170E-12  0.255E-07
  0.245E+12  0.251E-07  0.582E-07  0.129E-12  0.251E-07
  0.300E+12  0.247E-07  0.479E-07  0.967E-13  0.247E-07
  0.367E+12  0.243E-07  0.464E-07  0.731E-13  0.243E-07
  0.449E+12  0.238E-07  0.484E-07  0.551E-13  0.238E-07
  0.548E+12  0.234E-07  0.557E-07  0.412E-13  0.234E-07
  0.669E+12  0.229E-07  0.705E-07  0.306E-13  0.229E-07
  0.817E+12  0.224E-07  0.948E-07  0.226E-13  0.224E-07
  0.998E+12  0.218E-07  0.128E-06  0.168E-13  0.218E-07
  0.122E+13  0.213E-07  0.165E-06  0.125E-13  0.213E-07
  0.149E+13  0.208E-07  0.194E-06  0.932E-14  0.208E-07
  0.182E+13  0.203E-07  0.209E-06  0.704E-14  0.203E-07
  0.222E+13  0.198E-07  0.214E-06  0.537E-14  0.198E-07
  0.271E+13  0.192E-07  0.214E-06  0.413E-14  0.192E-07
  0.331E+13  0.187E-07  0.211E-06  0.321E-14  0.187E-07
  0.405E+13  0.181E-07  0.209E-06  0.251E-14  0.181E-07
  0.495E+13  0.173E-07  0.201E-06  0.197E-14  0.173E-07
  0.604E+13  0.164E-07  0.194E-06  0.155E-14  0.164E-07
  0.737E+13  0.153E-07  0.192E-06  0.124E-14  0.153E-07
  0.900E+13  0.139E-07  0.191E-06  0.992E-15  0.139E-07
  0.110E+14  0.121E-07  0.185E-06  0.799E-15  0.121E-07
  0.134E+14  0.989E-08  0.172E-06  0.645E-15  0.989E-08
  0.163E+14  0.719E-08  0.152E-06  0.524E-15  0.719E-08
  0.199E+14  0.421E-08  0.129E-06  0.428E-15  0.421E-08
  0.243E+14  0.176E-08  0.110E-06  0.351E-15  0.176E-08
  0.296E+14  0.502E-09  0.103E-06  0.289E-15  0.502E-09
  0.360E+14  0.158E-09  0.110E-06  0.238E-15  0.158E-09
  0.439E+14  0.739E-10  0.130E-06  0.197E-15  0.739E-10
  0.535E+14  0.359E-10  0.177E-06  0.164E-15  0.359E-10
  0.652E+14  0.145E-10  0.301E-06  0.136E-15  0.145E-10
  0.795E+14  0.240E-11  0.646E-06  0.113E-15  0.240E-11
  0.969E+14  0.419E-13  0.115E-05  0.941E-16  0.418E-13
