  0.100E+00  0.685E-10  0.325E-10  0.685E-10  0.244E-26
  0.100E+00  0.685E-10  0.325E-10  0.685E-10  0.212E-25
  0.100E+00  0.685E-10  0.325E-10  0.685E-10  0.180E-24
  0.100E+00  0.685E-10  0.325E-10  0.685E-10  0.153E-23
  0.100E+00  0.685E-10  0.325E-10  0.685E-10  0.130E-22
  0.100E+00  0.685E-10  0.325E-10  0.685E-10  0.111E-21
  0.100E+00  0.685E-10  0.325E-10  0.685E-10  0.941E-21
  0.100E+00  0.685E-10  0.325E-10  0.685E-10  0.800E-20
  0.100E+00  0.685E-10  0.325E-10  0.685E-10  0.679E-19
  0.100E+00  0.685E-10  0.325E-10  0.685E-10  0.484E-18
  0.100E+00  0.685E-10  0.325E-10  0.685E-10  0.306E-17
  0.100E+00  0.685E-10  0.325E-10  0.685E-10  0.191E-16
  0.100E+00  0.685E-10  0.325E-10  0.685E-10  0.119E-15
  0.100E+00  0.685E-10  0.325E-10  0.685E-10  0.737E-15
  0.100E+00  0.685E-10  0.326E-10  0.685E-10  0.611E-14
  0.101E+00  0.692E-10  0.332E-10  0.692E-10  0.548E-13
  0.110E+00  0.744E-10  0.378E-10  0.740E-10  0.439E-12
  0.134E+00  0.924E-10  0.557E-10  0.904E-10  0.199E-11
  0.164E+00  0.115E-09  0.812E-10  0.110E-09  0.430E-11
  0.200E+00  0.142E-09  0.117E-09  0.134E-09  0.762E-11
  0.245E+00  0.174E-09  0.167E-09  0.162E-09  0.123E-10
  0.299E+00  0.215E-09  0.237E-09  0.196E-09  0.188E-10
  0.365E+00  0.263E-09  0.333E-09  0.236E-09  0.277E-10
  0.446E+00  0.323E-09  0.463E-09  0.283E-09  0.398E-10
  0.544E+00  0.395E-09  0.637E-09  0.339E-09  0.559E-10
  0.665E+00  0.481E-09  0.866E-09  0.404E-09  0.773E-10
  0.812E+00  0.586E-09  0.116E-08  0.480E-09  0.105E-09
  0.992E+00  0.709E-09  0.151E-08  0.568E-09  0.141E-09
  0.121E+01  0.854E-09  0.192E-08  0.667E-09  0.186E-09
  0.148E+01  0.102E-08  0.236E-08  0.778E-09  0.243E-09
  0.181E+01  0.121E-08  0.282E-08  0.899E-09  0.312E-09
  0.221E+01  0.143E-08  0.329E-08  0.103E-08  0.398E-09
  0.269E+01  0.167E-08  0.377E-08  0.117E-08  0.503E-09
  0.326E+01  0.194E-08  0.427E-08  0.131E-08  0.627E-09
  0.393E+01  0.223E-08  0.479E-08  0.146E-08  0.773E-09
  0.472E+01  0.256E-08  0.535E-08  0.161E-08  0.949E-09
  0.568E+01  0.292E-08  0.595E-08  0.176E-08  0.116E-08
  0.683E+01  0.332E-08  0.662E-08  0.191E-08  0.141E-08
  0.822E+01  0.376E-08  0.736E-08  0.206E-08  0.170E-08
  0.990E+01  0.426E-08  0.818E-08  0.220E-08  0.205E-08
  0.120E+02  0.481E-08  0.910E-08  0.234E-08  0.247E-08
  0.145E+02  0.542E-08  0.101E-07  0.247E-08  0.295E-08
  0.175E+02  0.611E-08  0.113E-07  0.259E-08  0.352E-08
  0.213E+02  0.688E-08  0.127E-07  0.271E-08  0.417E-08
  0.260E+02  0.774E-08  0.143E-07  0.281E-08  0.493E-08
  0.318E+02  0.869E-08  0.161E-07  0.289E-08  0.579E-08
  0.388E+02  0.972E-08  0.182E-07  0.297E-08  0.675E-08
  0.474E+02  0.108E-07  0.206E-07  0.303E-08  0.781E-08
  0.579E+02  0.120E-07  0.234E-07  0.308E-08  0.896E-08
  0.708E+02  0.133E-07  0.266E-07  0.312E-08  0.102E-07
  0.864E+02  0.147E-07  0.304E-07  0.315E-08  0.115E-07
  0.106E+03  0.161E-07  0.348E-07  0.317E-08  0.129E-07
  0.129E+03  0.176E-07  0.400E-07  0.317E-08  0.144E-07
  0.157E+03  0.191E-07  0.462E-07  0.317E-08  0.159E-07
  0.192E+03  0.206E-07  0.534E-07  0.316E-08  0.174E-07
  0.235E+03  0.221E-07  0.619E-07  0.313E-08  0.189E-07
  0.287E+03  0.235E-07  0.719E-07  0.309E-08  0.204E-07
  0.350E+03  0.249E-07  0.835E-07  0.303E-08  0.219E-07
  0.428E+03  0.262E-07  0.972E-07  0.295E-08  0.233E-07
  0.522E+03  0.274E-07  0.113E-06  0.285E-08  0.246E-07
  0.638E+03  0.285E-07  0.132E-06  0.273E-08  0.258E-07
  0.779E+03  0.295E-07  0.154E-06  0.259E-08  0.269E-07
  0.951E+03  0.303E-07  0.180E-06  0.243E-08  0.279E-07
  0.116E+04  0.310E-07  0.211E-06  0.226E-08  0.288E-07
  0.142E+04  0.316E-07  0.247E-06  0.209E-08  0.295E-07
  0.173E+04  0.321E-07  0.291E-06  0.191E-08  0.302E-07
  0.211E+04  0.325E-07  0.343E-06  0.172E-08  0.308E-07
  0.258E+04  0.328E-07  0.405E-06  0.155E-08  0.313E-07
  0.315E+04  0.331E-07  0.480E-06  0.137E-08  0.317E-07
  0.385E+04  0.333E-07  0.570E-06  0.121E-08  0.321E-07
  0.470E+04  0.334E-07  0.678E-06  0.106E-08  0.324E-07
  0.573E+04  0.335E-07  0.808E-06  0.926E-09  0.326E-07
  0.700E+04  0.336E-07  0.966E-06  0.803E-09  0.328E-07
  0.855E+04  0.337E-07  0.116E-05  0.692E-09  0.330E-07
  0.104E+05  0.337E-07  0.139E-05  0.595E-09  0.331E-07
  0.127E+05  0.338E-07  0.167E-05  0.510E-09  0.332E-07
  0.156E+05  0.338E-07  0.201E-05  0.436E-09  0.333E-07
  0.190E+05  0.338E-07  0.242E-05  0.373E-09  0.334E-07
  0.232E+05  0.338E-07  0.292E-05  0.318E-09  0.335E-07
  0.283E+05  0.338E-07  0.353E-05  0.271E-09  0.336E-07
  0.346E+05  0.339E-07  0.427E-05  0.231E-09  0.336E-07
  0.422E+05  0.339E-07  0.515E-05  0.197E-09  0.337E-07
  0.515E+05  0.339E-07  0.622E-05  0.168E-09  0.337E-07
  0.629E+05  0.339E-07  0.751E-05  0.144E-09  0.338E-07
  0.767E+05  0.340E-07  0.906E-05  0.124E-09  0.338E-07
  0.937E+05  0.340E-07  0.109E-04  0.107E-09  0.339E-07
  0.114E+06  0.341E-07  0.131E-04  0.933E-10  0.340E-07
  0.140E+06  0.341E-07  0.156E-04  0.821E-10  0.340E-07
  0.170E+06  0.341E-07  0.185E-04  0.732E-10  0.341E-07
  0.208E+06  0.342E-07  0.218E-04  0.663E-10  0.341E-07
  0.254E+06  0.343E-07  0.254E-04  0.611E-10  0.342E-07
  0.309E+06  0.343E-07  0.295E-04  0.576E-10  0.343E-07
  0.378E+06  0.344E-07  0.338E-04  0.555E-10  0.343E-07
  0.461E+06  0.344E-07  0.385E-04  0.546E-10  0.344E-07
  0.562E+06  0.345E-07  0.436E-04  0.547E-10  0.344E-07
  0.686E+06  0.345E-07  0.492E-04  0.554E-10  0.345E-07
  0.838E+06  0.346E-07  0.553E-04  0.567E-10  0.345E-07
  0.102E+07  0.346E-07  0.616E-04  0.587E-10  0.346E-07
  0.125E+07  0.347E-07  0.677E-04  0.617E-10  0.346E-07
  0.153E+07  0.347E-07  0.734E-04  0.661E-10  0.347E-07
  0.186E+07  0.348E-07  0.786E-04  0.718E-10  0.347E-07
  0.228E+07  0.349E-07  0.832E-04  0.789E-10  0.348E-07
  0.278E+07  0.349E-07  0.874E-04  0.873E-10  0.349E-07
  0.340E+07  0.350E-07  0.911E-04  0.968E-10  0.349E-07
  0.415E+07  0.351E-07  0.944E-04  0.107E-09  0.350E-07
  0.508E+07  0.351E-07  0.974E-04  0.119E-09  0.350E-07
  0.620E+07  0.352E-07  0.100E-03  0.132E-09  0.351E-07
  0.758E+07  0.353E-07  0.102E-03  0.145E-09  0.351E-07
  0.926E+07  0.353E-07  0.105E-03  0.159E-09  0.352E-07
  0.113E+08  0.354E-07  0.106E-03  0.174E-09  0.352E-07
  0.138E+08  0.354E-07  0.108E-03  0.190E-09  0.353E-07
  0.169E+08  0.355E-07  0.110E-03  0.207E-09  0.353E-07
  0.206E+08  0.356E-07  0.111E-03  0.224E-09  0.353E-07
  0.252E+08  0.356E-07  0.113E-03  0.241E-09  0.354E-07
  0.308E+08  0.357E-07  0.114E-03  0.259E-09  0.354E-07
  0.376E+08  0.357E-07  0.115E-03  0.276E-09  0.354E-07
  0.460E+08  0.357E-07  0.115E-03  0.293E-09  0.355E-07
  0.561E+08  0.358E-07  0.116E-03  0.310E-09  0.355E-07
  0.686E+08  0.358E-07  0.116E-03  0.325E-09  0.355E-07
  0.838E+08  0.359E-07  0.115E-03  0.338E-09  0.355E-07
  0.102E+09  0.359E-07  0.111E-03  0.345E-09  0.355E-07
  0.125E+09  0.359E-07  0.900E-04  0.327E-09  0.355E-07
  0.153E+09  0.357E-07  0.592E-04  0.110E-09  0.356E-07
  0.187E+09  0.356E-07  0.586E-04  0.467E-11  0.356E-07
  0.229E+09  0.356E-07  0.600E-04  0.656E-12  0.356E-07
  0.279E+09  0.356E-07  0.610E-04  0.310E-12  0.356E-07
  0.341E+09  0.356E-07  0.612E-04  0.181E-12  0.356E-07
  0.417E+09  0.356E-07  0.608E-04  0.115E-12  0.356E-07
  0.509E+09  0.356E-07  0.596E-04  0.757E-13  0.356E-07
  0.622E+09  0.356E-07  0.576E-04  0.509E-13  0.356E-07
  0.760E+09  0.356E-07  0.546E-04  0.343E-13  0.356E-07
  0.928E+09  0.356E-07  0.508E-04  0.229E-13  0.356E-07
  0.113E+10  0.355E-07  0.461E-04  0.151E-13  0.355E-07
  0.138E+10  0.355E-07  0.408E-04  0.979E-14  0.355E-07
  0.169E+10  0.355E-07  0.351E-04  0.623E-14  0.355E-07
  0.206E+10  0.355E-07  0.293E-04  0.389E-14  0.355E-07
  0.252E+10  0.354E-07  0.239E-04  0.240E-14  0.354E-07
  0.308E+10  0.354E-07  0.189E-04  0.146E-14  0.354E-07
  0.375E+10  0.354E-07  0.148E-04  0.351E-14  0.354E-07
  0.458E+10  0.353E-07  0.114E-04  0.161E-14  0.353E-07
  0.559E+10  0.353E-07  0.886E-05  0.163E-14  0.353E-07
  0.683E+10  0.352E-07  0.691E-05  0.875E-15  0.352E-07
  0.834E+10  0.351E-07  0.547E-05  0.535E-15  0.351E-07
  0.102E+11  0.350E-07  0.441E-05  0.372E-15  0.350E-07
  0.124E+11  0.349E-07  0.363E-05  0.129E-13  0.349E-07
  0.152E+11  0.347E-07  0.302E-05  0.819E-14  0.347E-07
  0.186E+11  0.345E-07  0.254E-05  0.551E-14  0.345E-07
  0.227E+11  0.343E-07  0.214E-05  0.374E-14  0.343E-07
  0.278E+11  0.340E-07  0.180E-05  0.247E-14  0.340E-07
  0.340E+11  0.337E-07  0.151E-05  0.168E-14  0.337E-07
  0.415E+11  0.333E-07  0.126E-05  0.117E-14  0.333E-07
  0.508E+11  0.329E-07  0.105E-05  0.831E-15  0.329E-07
  0.621E+11  0.325E-07  0.858E-06  0.592E-15  0.325E-07
  0.759E+11  0.320E-07  0.695E-06  0.423E-15  0.320E-07
  0.927E+11  0.315E-07  0.556E-06  0.301E-15  0.315E-07
  0.113E+12  0.310E-07  0.439E-06  0.214E-15  0.310E-07
  0.138E+12  0.305E-07  0.342E-06  0.151E-15  0.305E-07
  0.169E+12  0.299E-07  0.263E-06  0.106E-15  0.299E-07
  0.207E+12  0.293E-07  0.199E-06  0.742E-16  0.293E-07
  0.252E+12  0.287E-07  0.149E-06  0.521E-16  0.287E-07
  0.308E+12  0.280E-07  0.110E-06  0.367E-16  0.280E-07
  0.376E+12  0.273E-07  0.797E-07  0.261E-16  0.273E-07
  0.460E+12  0.263E-07  0.572E-07  0.186E-16  0.263E-07
  0.561E+12  0.250E-07  0.406E-07  0.132E-16  0.250E-07
  0.686E+12  0.232E-07  0.284E-07  0.894E-17  0.232E-07
  0.837E+12  0.206E-07  0.196E-07  0.566E-17  0.206E-07
  0.102E+13  0.171E-07  0.134E-07  0.321E-17  0.171E-07
  0.125E+13  0.129E-07  0.901E-08  0.158E-17  0.129E-07
  0.152E+13  0.868E-08  0.598E-08  0.665E-18  0.868E-08
  0.186E+13  0.509E-08  0.392E-08  0.236E-18  0.509E-08
  0.227E+13  0.276E-08  0.253E-08  0.711E-19  0.276E-08
  0.278E+13  0.141E-08  0.161E-08  0.187E-19  0.141E-08
  0.340E+13  0.693E-09  0.101E-08  0.441E-20  0.693E-09
  0.415E+13  0.332E-09  0.620E-09  0.953E-21  0.332E-09
  0.507E+13  0.156E-09  0.374E-09  0.194E-21  0.156E-09
  0.619E+13  0.719E-10  0.221E-09  0.352E-22  0.719E-10
  0.757E+13  0.329E-10  0.128E-09  0.604E-23  0.329E-10
  0.925E+13  0.150E-10  0.725E-10  0.965E-24  0.150E-10
  0.112E+14  0.658E-11  0.402E-10  0.143E-24  0.658E-11
  0.137E+14  0.115E-11  0.205E-10  0.126E-25  0.115E-11
  0.167E+14  0.246E-12  0.113E-10  0.146E-26  0.246E-12
  0.204E+14  0.553E-13  0.644E-11  0.188E-27  0.553E-13
  0.250E+14  0.137E-13  0.377E-11  0.268E-28  0.137E-13
  0.305E+14  0.359E-14  0.225E-11  0.407E-29  0.359E-14
  0.373E+14  0.987E-15  0.135E-11  0.645E-30  0.987E-15
  0.456E+14  0.283E-15  0.822E-12  0.107E-30  0.283E-15
  0.557E+14  0.850E-16  0.507E-12  0.189E-31  0.850E-16
  0.680E+14  0.273E-16  0.321E-12  0.371E-32  0.273E-16
  0.831E+14  0.971E-17  0.212E-12  0.860E-33  0.971E-17
  0.101E+15  0.406E-17  0.150E-12  0.260E-33  0.406E-17
