  0.10000000003041122        1.9269999997195074E-004  0.99989799999700246        1.0000026865374386E-006   9.9999997616706749E-005   1.2867885851009277E-021   6.2053088281069151E-025   4.7833061369713410E-017   1.3791160167022758E-029   9.2699999988489083E-005   1.1297584403208443E-014   3.5679999833651397E-004
  0.10002642601464491        1.9268221640606834E-004  0.99989334679382680        3.3422445838633392E-006   9.9968620663673345E-005   1.2422905586596321E-012   2.2052141614741698E-013   4.2555296685274190E-011   1.0498038280604402E-017   9.2690057255262660E-005   9.9404951529237061E-009   3.5677890993630651E-004
  0.10182920596486933        1.9135991795734812E-004  0.99956585610846505        1.6738178672856457E-004   9.9375886390306128E-005   2.6840844934932661E-009   4.8816590910278496E-010   1.1214214448120753E-009   3.8271948570341373E-014   9.1964002466923125E-005   7.3550710289010618E-007   3.5678059048763222E-004
  0.10366737295498656        1.8977094818435877E-004  0.99922253764336710        3.3940361391369050E-004   9.8643016770842796E-005   1.0082754005127866E-008   1.3603884750526821E-009   1.2411259846587028E-009   1.7716812383281695E-013   9.1112438828604860E-005   1.5861983362882240E-006   3.5678390313829619E-004
  0.10546209067106006        1.8796730580377015E-004  0.99888995598613473        5.0610858359187124E-004   9.7803800497641506E-005   2.1127658836338626E-008   2.3640296649593207E-009   1.2453732530428807E-009   3.8956191828611531E-013   9.0152639018482227E-005   2.5449942823250370E-006   3.5678730482427678E-004
  0.10727746054835487        1.8587053261094708E-004  0.99856622892839253        6.6845250519162230E-004   9.6829331546684655E-005   3.5079934916089736E-008   3.4766516492622125E-009   1.1990720323292079E-009   8.0128577045123182E-013   8.9034355338229166E-005   3.6621650091670924E-006   3.5679004506245312E-004
  0.10921147379895026        1.8331954593449939E-004  0.99824235025171670        8.3097470339998664E-004   9.5647528656221122E-005   5.1435853793143759E-008   4.7236620147570424E-009   1.1289504264394688E-009   1.8634705224665629E-012   8.7668102799053221E-005   5.0271699491984108E-006   3.5679155884732889E-004
  0.11143387484379505        1.7999202856299162E-004  0.99789959976393516        1.0031109514385653E-003   9.4106978260135533E-005   7.0161110953977492E-008   6.2127538989200322E-009   1.0684943747815652E-009   4.4643660318669651E-012   8.5882904394442367E-005   6.8108780342005393E-006   3.5679162274216233E-004
  0.11427547529003379        1.7522465946526715E-004  0.99750238596906871        1.2028140139104468E-003   9.1892897755023567E-005   9.1993466774515351E-008   8.2066626397277182E-009   1.0304885245198986E-009   9.8502824426994817E-012   8.3330530216783107E-005   9.3612553289973425E-006   3.5679027384232192E-004
  0.11845178049757610        1.6761564492185415E-004  0.99698041175248575        1.4655661772031922E-003   8.8336016076772064E-005   1.1877160639215074E-007   1.1299451631627437E-008   1.0159808654645652E-009   1.8738124938281523E-011   7.9278872914401741E-005   1.3409811438052470E-005   3.5678735275380404E-004
  0.12555473823834282        1.5451365776908885E-004  0.99619634999669548        1.8606731738145166E-003   8.2149035687310816E-005   1.5344467876983630E-007   1.6828581174812122E-008   1.0400138155913117E-009   3.0195739566146799E-011   7.2364162664726402E-005   2.0318965764158055E-005   3.5678179451367623E-004
  0.13830047448530425        1.3364757933133291E-004  0.99496784837562824        2.4799062749566668E-003   7.2140998574167118E-005   1.9669263913273082E-007   2.7112248027490320E-008   1.1397214112534108E-009   4.2872753151494765E-011   6.1506318063027525E-005   3.1166443654160914E-005   3.5677133305204886E-004
  0.15841059795491308        1.0879481765677082E-004  0.99329406087964145        3.3228717998002788E-003   5.9954219583750836E-005   2.3949030232472852E-007   4.3709660163266437E-008   1.3411271897634524E-009   5.5035668533069112E-011   4.8840449802896407E-005   4.3815510565212944E-005   3.5675437881079884E-004
  0.18585892852112754        8.5992291689777678E-005  0.99134284183091492        4.3042077349946788E-003   4.8468723140005685E-005   2.7148953519210687E-007   6.6875663477894313E-008   1.6511232841036932E-009   6.1533511799226881E-011   3.7523475897914161E-005   5.5108954888125590E-005   3.5673064714385823E-004
  0.22300822490961647        6.6605430251108467E-005  0.98910707650151175        5.4271071903449798E-003   3.8413561121715898E-005   2.9217177430740777E-007   9.9044105396932378E-008   2.1009047498198081E-009   5.9597338781430320E-011   2.8191797184565103E-005   6.4407986334016424E-005   3.5669760710734270E-004
  0.27758620825953700        5.0020175192747657E-005  0.98635023534994970        6.8099602904917525E-003   2.9534101473964501E-005   3.0540914401219807E-007   1.4710314497875685E-007   2.7631870856816638E-009   5.4903143573099115E-011   2.0486004380157797E-005   7.2065149964467827E-005   3.5664813133474483E-004
  0.36552378892982668        3.6079892906396592E-005  0.98266250263522925        8.6576891390882458E-003   2.1798144251162370E-005   3.1470227751998652E-007   2.2456367424612200E-007   3.7642411731842461E-009   5.8981080790648752E-011   1.4281674601393604E-005   7.8191252268592406E-005   3.5656823005546619E-004
  0.49340540718456471        2.6223629088036661E-005  0.97821309524451849        1.0885233665642860E-002   1.6107505923885176E-005   3.2150114546480206E-007   3.3624621279404207E-007   5.0710777736776607E-009   8.2019486063315434E-011   1.0116044285522580E-005   8.2244223000789256E-005   3.5645288290289087E-004
  0.66602750138843481        1.9609464794082557E-005  0.97317859414123276        1.3404468712621484E-002   1.2130361373912894E-005   3.2704875521216359E-007   4.8656642333381324E-007   6.6290445178967014E-009   1.3124142552773717E-010   7.4790213888337320E-006   8.4729763149578519E-005   3.5629758932050591E-004
  0.89904290902874162        1.4922784745881904E-005  0.96743572876040651        1.6277365161550986E-002   9.1946605259626395E-006   3.3208506954846708E-007   6.9166019748972387E-007   8.4909178935046106E-009   2.2043768265895941E-010   5.7280395031092061E-006   8.6274261281279484E-005   3.5608582065928512E-004
   1.2135807464254620        1.1439702393791842E-005  0.96086152623479826        1.9565598189502202E-002   6.9224859347839521E-006   3.3686893302674699E-007   9.7583850878717860E-007   1.0729434666121711E-008   3.7385572925903910E-010   4.5171281970680540E-006   8.7199308891833840E-005   3.5579270462093529E-004
   1.6381623316351610        8.7456703583681792E-006  0.95332230231804382        2.3336117275960529E-002   5.0988343836092065E-006   3.4147619220070389E-007   1.3751494403282663E-006   1.3407782205335198E-008   6.3058099396565189E-010   3.6467424957796187E-006   8.7668301413061165E-005   3.5538149039093580E-004
   2.2112874093402315        6.5982384131171820E-006  0.94466757374097254        2.7664222166930836E-002   3.6073283839703003E-006   3.4587787298307060E-007   1.9410844245659406E-006   1.6503479343067140E-008   1.0493399532383459E-009   2.9908096386914438E-006   8.7755693403441195E-005   3.5480008714592308E-004
   2.9849251885958101        4.8620482062836171E-006  0.93472566388640899        3.2635775212399680E-002   2.3999992722816556E-006   3.4996614443224990E-007   2.7408102845180522E-006   1.9782478809695760E-008   1.7136752104398936E-009   2.4619408890556434E-006   8.7481613351673634E-005   3.5398149277290057E-004
   4.0292267499375356        3.4704929841637374E-006  0.92329995838514134        3.8349086040826555E-002   1.4724056268697050E-006   3.5358727141277083E-007   3.8474065004615619E-006   2.2757744445535587E-008   2.7581450489261216E-009   1.9979721953004161E-006   8.6835241165941985E-005   3.5285430271616902E-004
   5.4388861283486429        2.3854876573956257E-006  0.91016535937206078        4.4916704292260370E-002   8.2343135689640179E-007   3.5660493218762505E-007   5.3192950053434334E-006   2.4959215189790875E-008   4.4956029501077264E-009   1.5619339678373341E-006   8.5795576802526424E-005   3.5136262824498173E-004
   7.3417268754114806        1.5608141580325681E-006  0.89506923818318851        5.2464962189391555E-002   4.1624055585927763E-007   3.5894830457768717E-007   7.1850101451274163E-006   2.6270687805714697E-008   7.7805686736956368E-009   1.1444397093343961E-006   8.4344156371947283E-005   3.4947897586464123E-004
   9.9102927035364718        9.3802597979933977E-007  0.87773281899698630        6.1133280074473995E-002   1.8120835834779304E-007   3.6060383588532193E-007   9.4464932689566634E-006   2.6794906694337728E-008   1.5117847707440942E-008   7.5665909567445343E-007   8.2468370463518637E-005   3.4719931513439776E-004
   13.377493216030810        4.7081426309449317E-007  0.85785588588785699        7.1071788722149948E-002   5.4820824072060463E-008   3.6155637845122510E-007   1.2086441527170942E-005   2.6488587958145297E-008   3.5537469938653090E-008   4.1577917143311351E-007   8.0168494650331907E-005   3.4453259047620454E-004
   18.057723429408878        1.5534221906673462E-007  0.83512598184660392        8.2436696007539348E-002   6.7744326845555799E-009   3.6187722983397103E-007   1.5048308519980707E-005   2.5273189506171154E-008   1.0483055155181851E-007   1.4821611291075329E-007   7.7474628872606371E-005   3.4150090856057758E-004
   24.375372140892974        2.7399983013213398E-008  0.80923076809614392        9.5384105828894949E-002   3.7407698052101269E-010   3.6191989475390510E-007   1.8213407704616988E-005   2.3904324513828610E-008   3.0609609193094964E-007   2.6401440145992938E-008   7.4432679705764229E-005   3.3813651772581253E-004
   32.903304191677478        1.1200200554840953E-008  0.77987222478202278       0.11006304785708691        6.3941134939455837E-011   3.6192460759566500E-007   2.1563895882845221E-005   2.2580666404008430E-008   6.3689108615699465E-007   1.0236642223966137E-008   7.1100196260467710E-005   3.3445781936802566E-004
   44.414806078542142        7.3986611025986434E-009  0.74677896499944008       0.12660927764370888        2.2017500671454731E-011   3.6192647637082625E-007   2.5150389384940190E-005   2.1221637781174220E-008   1.0378827366386106E-006   6.1402100236734176E-009   6.7519800774355112E-005   3.3047299090633258E-004
   59.953705181179700        5.1862017895962615E-009  0.70973054881956399       0.14513300729898698        8.0668504447260810E-012   3.6192750726265938E-007   2.8948585421460621E-005   1.9810135795634015E-008   1.5170115162688018E-006   3.5575315411352848E-009   6.3726293627966348E-005   3.2619847102534599E-004
   80.929020799853802        3.8951087749716772E-009  0.66858919211567347       0.16570311336930343        2.8916776612192299E-012   3.6192808117125967E-007   3.2915226802134689E-005   1.8345123431849017E-008   2.0899055169522088E-006   1.9273228498276122E-009   5.9763390722748620E-005   3.2166208863265776E-004
   109.07680682565156        3.1220759369301253E-009  0.61823005609702175       0.19088193265015871        9.1846813473646183E-013   3.6192841597250466E-007   3.7457951644580457E-005   1.6745531457792965E-008   2.8392814995288543E-006   9.3275862240111822E-010   5.5223762513316820E-005   3.1637359224144713E-004
   147.26104752505685        2.5975765547729663E-009  0.54843942664656564       0.22577615733175102        2.2104029588655951E-013   3.6192861378180062E-007   4.3287491645142004E-005   1.4593073375075274E-008   3.9301762139157257E-006   3.6913383528497656E-010   4.9397157032569194E-005   3.0945913657479362E-004
   198.80547247625060        2.2914664903493982E-009  0.47868915467298551       0.26065017844639865        6.1791475573773840E-014   3.6192869807319413E-007   4.8661960527543449E-005   1.2629089521935669E-008   5.0453180159080181E-006   1.5859641896636423E-010   4.4024458871111719E-005   3.0297566164549532E-004
   268.37961466841057        2.0661385479917651E-009  0.40942011223476665       0.29528360772424894        1.9191382220142347E-014   3.6192873984991539E-007   5.3665271994321850E-005   1.0812031582674338E-008   6.1366173773851608E-006   7.2392811104105962E-011   3.9021969686332259E-005   2.9688740854424115E-004
   362.29435733050201        1.8816932388984286E-009  0.34159179936093587       0.32919674263021637        6.4256439546646593E-015   3.6192876371305878E-007   5.8336698087609148E-005   9.1225509775320036E-009   7.1562877233750450E-006   3.4485573700974893E-011   3.4350422997431761E-005   2.9120300895169049E-004
   489.05004979605246        1.7255833616035515E-009  0.27654645456858268       0.36171850982454812        2.2757284880233665E-015   3.6192877941619179E-007   6.2696146813043165E-005   7.5531721882162317E-009   8.0581355687286146E-006   1.6922733463142421E-011   2.9989855482329833E-005   2.8594889225687760E-004
   660.18067187091526        1.5943760157486315E-009  0.21603312598144900       0.39197442558076068        8.4457656404176902E-016   3.6192879121787066E-007   6.6740091719073635E-005   6.1078184754294644E-009   8.8016867298863162E-006   8.4804391077420753E-012   2.5943775814327669E-005   2.8116922316476158E-004
   891.20090767825320        1.4881463650675407E-009  0.16227200773231967       0.41885442366121278        3.2929982133836527E-016   3.6192880104074324E-007   7.0440482246040189E-005   4.8091392049465326E-009   9.3562556626664303E-006   4.3258602929087939E-012   2.2240344568944795E-005   2.7692275883985996E-004
   1203.0775169770022        1.4016085293830601E-009  0.11667386903195837       0.44165311966134674        1.3348388631866163E-016   3.6192880987265726E-007   7.3801101823309177E-005   3.6614411523969482E-009   9.7220550406348233E-006   2.2114990168300819E-012   1.8876039906294642E-005   2.7320562439187213E-004
   1624.1108416337006        1.3252931830821428E-009   7.9938131933422696E-002  0.46002077750281573        5.5157253558027834E-017   3.6192881821197530E-007   7.6828006343698425E-005   2.6731756057758510E-009   9.9247301231598547E-006   1.1047178615122982E-012   1.5845160095232598E-005   2.6998609170541214E-004
   2192.4970114183329        1.2471247447586555E-009   5.1946650600586224E-002  0.47401642875414596        2.2554145817575495E-017   3.6192882630467478E-007   7.9526396834745170E-005   1.8559036673801163E-009   1.0006280797521249E-005   5.2171626924146654E-013   1.3142881884119908E-005   2.6721667004018249E-004
   2959.7623311847219        1.1567210351830076E-009   3.1823584595225655E-002  0.48407794919594155        8.7917208454923470E-018   3.6192883425616078E-007   8.1903451476761472E-005   1.2156411189254769E-009   1.0011730072995437E-005   2.2494558969108645E-013   1.0762352344468471E-005   2.6484462428831882E-004
   3995.3786992814112        1.0497022166845248E-009   1.8203410684492841E-002  0.49088806403820695        3.1381700165313984E-018   3.6192884209438863E-007   8.3973247116946945E-005   7.4527193752344338E-010   9.9778899391585102E-006   8.5783573521408642E-014   8.6896956920943400E-006   2.6281841865306383E-004
   5392.9490633414352        9.2681006883177947E-010   9.5584692915774792E-003  0.49521057907657523        9.7999860544954066E-019   3.6192884982297427E-007   8.5763873301145468E-005   4.2319823456400193E-010   9.9289233261108614E-006   2.7956254269384413E-014   6.8968602634653323E-006   2.6108518710357410E-004
   7278.5230425326754        7.8720724829101701E-010   4.4691421407265586E-003  0.49775529002349128        2.4944345279725780E-019   3.6192885743085188E-007   8.7317149082040974E-005   2.1870787083556725E-010   9.8782534049231057E-006   7.3260710718855852E-015   5.3418694874535527E-006   2.5958908265582219E-004
   9821.8820102017307        6.2032067221777128E-010   1.7650696803166895E-003  0.49910736879247947        4.4771515755818332E-020   3.6192886476501847E-007   8.8676074909298805E-005   9.9770903855221343E-011   9.8336991879786789E-006   1.3444657713059532E-015   3.9809852090695834E-006   2.5827781043702273E-004
   13252.247811060126        4.0911811408228257E-010   5.4133689494332649E-004  0.49971926568442504        4.1311365442160691E-021   3.6192887113184628E-007   8.9863029350469703E-005   4.1126393847431335E-011   9.8024143247738733E-006   1.2639933218471516E-016   2.7878168358697262E-006   2.5711376210227609E-004
   17881.130058583967        1.8976131336660583E-010   1.1735248978766367E-004  0.49993127145978056        1.2124867702590658E-022   3.6192887513331458E-007   9.0850212486269234E-005   2.7836540559919303E-011   9.7889163026036139E-006   3.7707166108327192E-018   1.7738291645893894E-006   2.5608642913166953E-004
   24133.987767235729        6.1369751989158780E-011   1.7871377628437450E-005  0.49998101494633196        1.0542157792434675E-024   3.6192887666451329E-007   9.1569474046241460E-005   2.5401290274540475E-011   9.7862223457487082E-006   3.3214510271185755E-020   9.9527926151159760E-007   2.5524824352426067E-004
   32581.199460826665        1.7968780832279170E-011   2.2439685946529339E-006  0.49998882905973502        5.1569956454887171E-027   3.6192887713051837E-007   9.2010118654675273E-005   1.4663746502081308E-011   9.7859446780849712E-006   1.6387955464656272E-022   4.9980289045648021E-007   2.5469686501524482E-004
   43986.716943182473        6.3030987240572239E-012   3.3359606405342198E-007  0.49998978432718283        3.4994545371932983E-029   3.6192887728774796E-007   9.2247972252475970E-005   6.8801091931446831E-012   9.7859206926109961E-006   1.1202956128728176E-024   2.2990368210162117E-007   2.5439466959857257E-004
   59383.897869365843        2.8563027324452598E-012   8.4613955975603047E-008  0.49998990884601069        5.2910464835196137E-031   3.6192887735673832E-007   9.2365752394325433E-005   2.8856005601558849E-012   9.7859180163671768E-006   1.7235586934365601E-026   9.6078962942795320E-008   2.5424473176589266E-004
   80167.590045107048        1.5408011261141379E-012   2.8634477568991123E-008  0.49998993684696175        1.0279799928990142E-032   3.6192887739450609E-007   9.2418572056993920E-005   1.0840514028482888E-012   9.7859177368270478E-006   3.6475783959389450E-028   3.6049549544580590E-008   2.5417746629709123E-004
   108218.46452102624        9.3785279940446539E-013   9.2115018857498437E-009  0.49998994656294071        1.5100535229080420E-034   3.6192887741790114E-007   9.2439959997430549E-005   3.5324478421593177E-013   9.7859177806857700E-006   9.9664764166978520E-030   1.1740568305782388E-008   2.5415022495245648E-004
   146081.09728220032        6.2916175764346856E-013   2.5219409454185845E-009  0.49998994990939866        1.5012092844137414E-036   3.6192887743249541E-007   9.2447461936158722E-005   9.6729403176132516E-014   9.7859178401251975E-006   9.6091074686638401E-031   3.2139404638409418E-009   2.5414066651064120E-004
   197188.58022692375        4.5251966144958001E-013   5.6238240832207256E-010  0.49998995088977477        9.7674704823933361E-039   3.6192887744039828E-007   9.2449659987399376E-005   2.1549881869071496E-014   9.7859178814293684E-006   1.3445084370879101E-031   7.1568354195038084E-010   2.5413786058979407E-004
   266175.10012702766        3.4074555798280459E-013   9.8446351504033679E-011  0.49998995112197120        3.6648608336527537E-041   3.6192887744359747E-007   9.2450179633676882E-005   3.7723617263031589E-015   9.7859179089341341E-006   1.7993597485821371E-032   1.2507763150909783E-010   2.5413718996866123E-004
   359295.94580573734        2.6455035456307467E-013   1.3004971342817564E-011  0.49998995116480338        6.9492244816870229E-044   3.6192887744448654E-007   9.2450275185204970E-005   5.0123250976498276E-016   9.7859179279235523E-006   1.8880356577074210E-033   1.6481053474877105E-011   2.5413705752549612E-004
   484994.75024338812        2.0984231428967280E-013   1.2468855565473036E-012  0.49998995117075318        9.1045810296298841E-047   3.6192887744465171E-007   9.2450288310473407E-005   5.0420985039711131E-017   9.7859179415925228E-006   1.4572090896210047E-034   1.5643077749429481E-012   2.5413702818981434E-004
   654669.14690807462        1.6908060258494397E-013   8.8564917505650218E-014  0.49998995117138367        7.7342015617090404E-049   3.6192887744467251E-007   9.2450289597628753E-005   5.2324061441935700E-018   9.7859179517797304E-006   7.8004119403496114E-036   1.0151357395663598E-013   2.5413701187803120E-004
   883704.27523345046        1.3786547214054490E-013   8.9094114543750670E-015  0.49998995117146255        6.4262929155752037E-052   3.6192887744467415E-007   9.2450289683223424E-005   1.5770647688227754E-018   9.7859179595799993E-006   2.7180177627133370E-037   4.2423389652639635E-015   2.5413699473083359E-004
   1192867.8320495656        1.1345482030092357E-013   3.8282188163563760E-015  0.49998995117149558        3.6256896157728864E-053   3.6192887744467415E-007   9.2450289686862860E-005   9.8580844576199545E-019   9.7859179656787093E-006   5.9909105045413805E-039   1.0660254739258166E-016   2.5413697493772161E-004
   1610193.2179931356        9.4049719985636876E-014   2.5642570838771891E-015  0.49998995117152045        4.4417406476688792E-054   3.6192887744467415E-007   9.2450289686955329E-005   6.7600839019340822E-019   9.7859179705257317E-006   6.8807446980435997E-041   1.4888800185609532E-018   2.5413695194975109E-004
   2173521.4364583353        7.8420758544568679E-014   1.7772639641202876E-015  0.49998995117154033        8.2145145906746661E-058   3.6192887744467415E-007   9.2450289686956576E-005   4.7053331330173838E-019   9.7859179744285004E-006   2.8195352523638773E-040   1.0563256704165506E-020   2.5413692524096042E-004
   2933932.3676319481        6.5699218347110514E-014   1.2451822199848019E-015  0.49998995117155698        3.7686942217386370E-061   3.6192887744467415E-007   9.2450289686956576E-005   3.3069565202706002E-019   9.7859179776042725E-006   1.1391944255273192E-045   3.4349925574011033E-023   2.5413689420517732E-004
   3960376.4391757203        5.5254106997511936E-014   8.7982112596602917E-016  0.49998995117156947        3.0203819670842511E-064   3.6192887744467415E-007   9.2450289686956576E-005   2.3425985438246506E-019   9.7859179802108165E-006   1.4896706583386935E-048   4.5534267439663662E-026   2.5413685813780178E-004
   5345926.7038915511        4.6616374481377942E-014   6.2602413337100717E-016  0.49998995117158085        8.7400607292176704E-068   3.6192887744467415E-007   9.2450289686956576E-005   1.6703605500456240E-019   9.7859179823654261E-006   5.2732177741037741E-052   2.1535803006673650E-029   2.5413681621931861E-004
   7216218.2193748318        3.9430446564274576E-014   4.4803103199512933E-016  0.49998995117158918        7.8308919507134874E-072   3.6192887744467415E-007   9.2450289686956576E-005   1.1975450743948467E-019   9.7859179841570329E-006   6.6017008576548148E-056   3.1246310948128267E-033   2.5413676749621428E-004
   9740839.9389973078        3.3422218815276445E-014   3.2220155858253504E-016  0.49998995117159750        1.8277992639749369E-076   3.6192887744467415E-007   9.2450289686956576E-005   8.6249459338423246E-020   9.7859179856541670E-006   2.1426620713783748E-060   1.1726443521412634E-037   2.5413671085869609E-004
   13148712.057714663        2.8377326142562687E-014   2.3265185124749621E-016  0.49998995117160400        9.1633559711570548E-082   3.6192887744467415E-007   9.2450289686956576E-005   6.2356965162094351E-020   9.7859179869104406E-006   1.4876498650469076E-065   9.3955339413452342E-043   2.5413664501464155E-004
   17748843.077449381        2.4126026148631097E-014   1.6856200148403951E-016  0.49998995117160816        7.9517938898023229E-088   3.6192887744467415E-007   9.2450289686956576E-005   4.5228471372466276E-020   9.7859179879682831E-006   1.7817948536968769E-071   1.2963550354468252E-048   2.5413656845909606E-004
   23958348.656876929        2.0532455382576213E-014   1.2247511871834975E-016  0.49998995117161232        8.0922531099586118E-094   3.6192887744467415E-007   9.2450289686956576E-005   3.2893759023781185E-020   9.7859179888616724E-006   2.9111829815994013E-078   2.4360987943856059E-055   2.5413647943851403E-004
   32340272.703093261        1.7486846136098278E-014   8.9200667883007885E-017  0.49998995117161649        3.7776305400822830E-079   3.6192887744467415E-007   9.2450289686956576E-005   2.3977261153835102E-020   9.7859179896180678E-006   1.1134945156842027E-081   1.0701451501215486E-058   2.5413637590878248E-004
   43654639.905133978        1.4899790646910827E-014   6.5094798752479858E-017  0.49998995117162065        1.7023630901704452E-076   3.6192887744467415E-007   9.2450289686956576E-005   1.7510829041040193E-020   9.7859179902598172E-006   1.6257971947542853E-085   1.7920870951286973E-062   2.5413625548587727E-004
   58927368.503412835        1.2697948123233261E-014   4.7580746109981728E-017  0.49998995117162481        1.3990150814919178E-050   3.6192887744467415E-007   9.2450289686956576E-005   1.2808340679897361E-020   9.7859179908052725E-006   1.9792217979991780E-084   2.4979939664687723E-061   2.5413611538776523E-004
   79543291.394593939        1.0820786510661058E-014   3.4824899642551430E-017  0.49998995117162898        1.2142394993203869E-069   3.6192887744467415E-007   9.2450289686956576E-005   9.3806494317330515E-021   9.7859179912695584E-006   1.8506461099922441E-083   2.6729775931553209E-060   2.5413595236588885E-004
   107371719.34057623        9.2180780102741825E-015   2.5515435974105752E-017  0.49998995117162975        3.6088339869568216E-094   3.6192887744467415E-007   9.2450289686956576E-005   6.8772487001386292E-021   9.7859179916652499E-006   3.7893187759228777E-089   6.2527362156440619E-066   2.5413576262422273E-004
   144935930.34915975        7.8479516677419209E-015   1.8709481824989504E-017  0.49998995117162975        2.9515387730384966E-076   3.6192887744467415E-007   9.2450289686956576E-005   5.0458688311676376E-021   9.7859179920028145E-006   1.9516819441653149E-092   3.6570529474806599E-069   2.5413554172346145E-004
   195641951.53638697        6.6753632066167743E-015   1.3726642850740460E-017  0.49998995117162975        3.0276840092638566E-078   3.6192887744467415E-007   9.2450289686956576E-005   3.7042541882761250E-021   9.7859179922910107E-006   5.0863590643776236E-093   1.0857601372062116E-069   2.5413528446738699E-004
   264087375.10052478        5.6708812550332766E-015   1.0074249018427684E-017  0.49998995117162975        5.0828468912083937E-097   3.6192887744467415E-007   9.2450289686956576E-005   2.7203007806432765E-021   9.7859179925372262E-006   1.3415534755584231E-093   3.2574391858950281E-070   2.5413498476781936E-004
   356478205.53309351        4.8097162380036955E-015   7.3945077959238695E-018  0.49998995117162975        1.2345230337206499E-062   3.6192887744467415E-007   9.2450289686956576E-005   1.9979861814035834E-021   9.7859179927476461E-006   3.6104456429732827E-094   9.9553204518133254E-071   2.5413463548377529E-004
   481184362.54902834        4.0703018193434890E-015   5.4255488758714871E-018  0.49998995117162975        2.3076297474876777E-065   3.6192887744467415E-007   9.2450289686956576E-005   1.4669521892632172E-021   9.7859179929276728E-006   2.7193905112910093E-088   8.5383819087541395E-065   2.5413422782673772E-004
   649533739.36027908        3.4352206471967008E-015   3.9780713709624184E-018  0.49998995117162975        1.3255631719735994E-073   3.6192887744467415E-007   9.2450289686956576E-005   1.0763851258637825E-021   9.7859179930816685E-006   2.4823269258865544E-095   8.7742180718829647E-072   2.5413375176084604E-004
   876772563.58975959        2.8911484396441598E-015   2.9167829156158532E-018  0.49998995117162975        7.4390339597573633E-066   3.6192887744467415E-007   9.2450289686956576E-005   7.8985509013419521E-022   9.7859179932129976E-006   7.2787958014081133E-096   2.9032756056055713E-072   2.5413319715587537E-004
   1183445708.2277770        2.4200152192511847E-015   2.1308931251580761E-018  0.49998995117162975        1.8774800075739769E-055   3.6192887744467415E-007   9.2450289686956576E-005   5.7750302445306238E-022   9.7859179933261307E-006   3.2806389975389104E-096   1.4759973030169214E-072   2.5413254320392603E-004
   1597467238.6323113        2.0155479868316630E-015   1.5536775944852189E-018  0.49998995117162975        3.1908153066144498E-085   3.6192887744467415E-007   9.2450289686956576E-005   4.2147393264818528E-022   9.7859179934227026E-006   4.4872876335863491E-097   2.2609321002586467E-073   2.5413177676152901E-004
   2156330229.6003418        1.6696297372475017E-015   1.1313466423584124E-018  0.49998995117162975        3.1993499826682923E-060   3.6192887744467415E-007   9.2450289686956576E-005   3.0723409833579868E-022   9.7859179935047649E-006   1.1808630956254265E-097   6.6509284520186325E-074   2.5413088064641135E-004
   2910703498.9147320        1.3739735476607157E-015   8.2220757796667231E-019  0.49998995117162975        2.7388095487198312E-064   3.6192887744467415E-007   9.2450289686956576E-005   2.2354871994058847E-022   9.7859179935744147E-006   3.3642279368507856E-098   2.1091101399541715E-074   2.5412983213389246E-004
   3928981865.6005917        1.1215918015907862E-015   5.9586304768104998E-019  0.49998995117162975        9.1335926335217125E-093   3.6192887744467415E-007   9.2450289686956576E-005   1.6222357503478235E-022   9.7859179936334342E-006   7.9315484892353402E-099   5.5019938273670369E-075   2.5412860414682805E-004
   5303486644.2442465        9.0664192918916214E-016   4.3015940115372076E-019  0.49998995117162975        6.0336577476493990E-053   3.6192887744467415E-007   9.2450289686956576E-005   1.1728458350767549E-022   9.7859179936832804E-006   6.4400460388349266E-089   4.9370712507400738E-065   2.5412716458969614E-004
   7158834414.8695793        7.2422169579040851E-016   3.0891288728685938E-019  0.49998995117162975        2.4579571494135084E-090   3.6192887744467415E-007   9.2450289686956576E-005   8.4365735631590304E-023   9.7859179937252221E-006   5.2326070208853800E-100   4.3677096497876343E-076   2.5412547529184815E-004
   9663231212.9330425        5.7021041106625425E-016   2.2028553623335267E-019  0.49998995117162975        3.7651108086686477E-091   3.6192887744467415E-007   9.2450289686956576E-005   6.0272094912116056E-023   9.7859179937603198E-006   1.3177730360844308E-100   1.1940339337740538E-076   2.5412349072059597E-004
   13043728191.071909        4.4113378930611858E-016   1.5561162379704699E-019  0.49998995117162975        3.0994314374333538E-081   3.6192887744467415E-007   9.2450289686956576E-005   4.2664012230589175E-023   9.7859179937894696E-006   3.2485711569067920E-101   3.1701121691231813E-077   2.5412115635351233E-004
   17598305273.941158        3.2824706188270051E-016   1.0560722015544585E-019  0.49998995117162975        3.6025230637250928E-092   3.6192887744467415E-007   9.2450289686956576E-005   2.9093503368952541E-023   9.7859179938147145E-006   2.9069778670269857E-097   3.0416503359999994E-073   2.5411821375854110E-004
   23746008767.207241        2.3026687659360470E-016   6.7335727157286589E-020  0.49998995117162975        2.1806886151254518E-051   3.6192887744467415E-007   9.2450289686956576E-005   1.8717021679354001E-023   9.7859179938363799E-006   1.7651863576152958E-101   1.9479086829755655E-077   2.5411429742913519E-004
   32039336799.023117        1.5048172564167503E-016   4.0101201663252753E-020  0.49998995117162975        8.5114510187286787E-052   3.6192887744467415E-007   9.2450289686956576E-005   1.1286018975368352E-023   9.7859179938537916E-006   2.1391208986069309E-102   2.4604326024392706E-078   2.5410903647594577E-004
   43224273198.991486        8.8855970986396016E-017   2.1667746571510286E-020  0.49998995117162975        4.7003945216488865E-068   3.6192887744467415E-007   9.2450289686956576E-005   6.1973524657054819E-024   9.7859179938670425E-006   2.5984816330266947E-104   3.0714905823698851E-080   2.5410169888653210E-004
   58306187357.016365        4.5033900060107887E-017   1.0099991452415883E-020  0.49998995117162975        5.8895419800226339E-080   3.6192887744467415E-007   9.2450289686956576E-005   2.9474081601708464E-024   9.7859179938763091E-006   1.9240967045140941E-105   2.2948333237306377E-081   2.5409097709549788E-004
   78639239204.834076        1.7996285095017273E-017   3.7318464535539146E-021  0.49998995117162975        2.3434838051009281E-076   3.6192887744467415E-007   9.2450289686956576E-005   1.1155555549059552E-024   9.7859179938819249E-006   6.7684886882298343E-107   8.0016838288165350E-083   2.5407448946436197E-004
   106097345485.15286        5.1032195997597973E-018   9.7959144489056832E-022  0.49998995117162975        8.0299931732700227E-069   3.6192887744467415E-007   9.2450289686956576E-005   3.0144315005041206E-025   9.7859179938845524E-006   8.6597164552886409E-109   9.9729573593310869E-085   2.5404852762952719E-004
   143216407620.33478        1.1653748314227758E-018   2.0311504741727483E-022  0.49998995117162975        9.7566172188860690E-056   3.6192887744467415E-007   9.2450289686956576E-005   6.5101380473301724E-026   9.7859179938853368E-006   1.2422185138392591E-079   1.3625841218915180E-055   2.5401264509220450E-004
   193321890551.39148        2.1771202555327237E-019   3.3744545867520111E-023  0.49998995117162975        1.2311306426893975E-078   3.6192887744467415E-007   9.2450289686956576E-005   1.1373528779321584E-026   9.7859179938855265E-006   2.6468688405884901E-113   2.7236992895605636E-089   2.5396223858884106E-004
   260957204466.68787        3.2085124427490214E-020   4.5922537993948490E-024  0.49998995117162975        4.9180706948533503E-077   3.6192887744467537E-007   9.2450289686956576E-005   1.5519181790746439E-027   9.7859179938855367E-006   1.6989224532021582E-079   1.6212911045970866E-055   2.5388863584181222E-004
   352255310398.82794        3.5340603319242919E-021   9.3729040420306827E-024  0.49998995117162975        1.3035466294830454E-068   3.6192887744474234E-007   9.2450289686956576E-005   1.5735242466290743E-028   9.7859179938855367E-006   3.4825922176502831E-116   3.0645771494342751E-092   2.5377807133430535E-004
   475494838158.47076        2.6879081728879750E-022   4.1016139457728276E-022  0.49998995117162975        2.2203312828533817E-088   3.6192887744835700E-007   9.2450289686956576E-005   2.1921271894739763E-029   9.7859179938855367E-006   6.9226217998926126E-110   5.5927744887263181E-086   2.5360867385734417E-004
   641850766875.20239        2.3177062734690053E-023   2.1271062319178628E-020  0.49998995117162975        9.9392698306653468E-084   3.6192887767504853E-007   9.2450289686956576E-005   5.3218089766092177E-028   9.7859179938855367E-006   6.8733141817404168E-103   5.0935994913784018E-079   2.5334576329096058E-004
   866407737534.65076        6.2827996639069278E-022   1.1418196759991835E-018  0.49998995117162248        4.4961322940908246E-094   3.6192889264823084E-007   9.2450289686956576E-005   2.6554203262836895E-026   9.7859179938855367E-006   7.1034384393949716E-096   4.8392757219670558E-072   2.5293463109703044E-004
   1169527881557.9675        3.4479832114719173E-020   5.7628953925399897E-017  0.49998995117115241        5.3515682575246252E-053   3.6192983298869427E-007   9.2450289686956576E-005   1.2467703548144520E-024   9.7859179938855367E-006   5.2229977933359303E-089   3.2934029313883224E-065   2.5229046748508885E-004
   1578697195887.8237        1.6319876665472151E-018   2.5827896238298077E-015  0.49998995114675482        4.3710553720721421E-091   3.6197862527954078E-007   9.2450289686956576E-005   5.2102913721287293E-023   9.7859179938857467E-006   2.1722320827859456E-082   1.2862099497195329E-058   2.5128810356271169E-004
   2131017888161.8647        6.9486353665984797E-017   1.1875913485057687E-013  0.49998995025105769        1.4643500716020419E-084   3.6376990356038413E-007   9.2450289686951453E-005   2.2581229596782559E-021   9.7859179938955994E-006   7.9038254352149291E-076   4.6183178294667988E-052   2.4975856228375844E-004
   2876572690123.7456        3.7984024131361190E-016   5.3810615489796111E-012  0.49998992881348309        3.3342662113873571E-079   4.0663979132635859E-007   9.2450289686658895E-005   1.0530762721391594E-019   9.7859179940017818E-006   1.5760763620877358E-070   1.3528975263987538E-046   2.4749411499978244E-004
   3882966204804.2158        2.0712511753477895E-016   1.6876136133830614E-010  0.49998958990457260        3.7397358751253485E-075   1.0842942327806446E-006   9.2450289668410539E-005   4.4724685499356170E-018   9.7859179940744589E-006   1.4567793209796921E-066   1.9771174301385024E-042   2.4425220755040056E-004
   5241455082785.7021        1.3004648145027293E-016   2.7727689300895089E-009  0.49998617142353713        9.9822582322558098E-072   7.9186522848610778E-006   9.2450288729844704E-005   1.4806015649972815E-016   9.7859180000358107E-006   2.1840987329672787E-063   4.0960949657171146E-039   2.3974467922844005E-004
   7075222892970.1182        9.2217908210161952E-017   3.8690162321125609E-009  0.49997604527489320        2.1454583293763487E-072   2.8169850779063601E-005   9.2450255180362095E-005   3.5405326674398303E-015   9.7859192720209185E-006   3.9973841417200539E-064   9.9873800188480101E-040   2.3343481516967268E-004
   9550550027532.3262        6.9926719721438062E-017   8.1581791248727438E-009  0.49997512789376519        4.7673394085185572E-065   2.9999999922391227E-005   9.2449320172236429E-005   6.8088545479413889E-014   9.7860812516091167E-006   3.3028790281132323E-056   1.2799413275315442E-037   2.2039311209779162E-004
   12891891493485.840        5.5266250952870301E-017   1.2338651513911418E-007  0.49997505813134963        4.6391502280832191E-054   2.9999999995515957E-005   9.2430702733323295E-005   9.3427630555460467E-013   9.7982298075323635E-006   2.3241312493544317E-049   3.0595949917983102E-032   1.4232002355104290E-004
   17402229798355.979        4.4928077910211244E-017   1.7705217470106672E-008  0.49997455269581842        8.1610281772315786E-060   2.9999999997696925E-005   9.2166010422313537E-005   7.4785797901726635E-012   1.0356505045215434E-005   1.1119417306013941E-052   4.4119814762909416E-030   1.2094312383940895E-006
   23490548466670.680        3.7262446813404487E-017   4.2335491323198372E-017  0.49997420698994721        1.1237459803750370E-095   3.0000000000000194E-005   9.2061190599574479E-005   1.4498468562774670E-020   1.0711067455274002E-005   8.9537407194324554E-087   3.9080159816296311E-064   2.0687986917892329E-016
   31708917400753.703        3.1381774648688468E-017   2.1335703745778754E-020  0.49997420698994710        4.3794260095920540E-105   3.0000000000000194E-005   9.2061190599553079E-005   1.3216313602138083E-024   1.0711067455465174E-005   6.5947843231702535E-101   3.1172333022165938E-078   1.2837830109661120E-022
   42802552871611.367        2.6749375879803162E-017   2.1229056491620919E-020  0.49997420698994710        4.4107001825421212E-105   3.0000000000000194E-005   9.2061190599553079E-005   3.4360324005871048E-025   1.0711067455469709E-005   2.0302837723133668E-101   1.0316741037824366E-078   1.4500529686014134E-023
   57777391425023.523        2.3024955512782466E-017   2.1013351082262937E-020  0.49997420698994710        4.4181726322304750E-105   3.0000000000000194E-005   9.2061190599553079E-005   9.5589825020175111E-026   1.0711067455473400E-005   2.6198114741468211E-101   1.4224888413129591E-078   1.8838099722863594E-024
   77991305095599.781        1.9981872408239100E-017   2.0707323297141022E-020  0.49997420698994710        4.4061400028279829E-105   3.0000000000000194E-005   9.2061190599553079E-005   2.8399137829542858E-026   1.0711067455476432E-005   1.4908224097847939E-100   8.6081627811159551E-078   2.7594007510758277E-025
