  0.10000000006533585        1.0092699999664966E-004  0.99989800452680089        9.9773880983462779E-007   9.9999995575830397E-005   4.8378450339387892E-016   2.4726306185313886E-028   5.5677490680816009E-017   3.2944943042168906E-028   9.2699999995885937E-007   3.1057372551228804E-017   3.5679998804429423E-006
  0.10136277963061763        1.0088599851031194E-004  0.99990004427734547        5.3937734987188652E-013   9.9955721554361048E-005   5.8313162382234939E-018   6.3563916763407655E-025   7.2577134399931427E-018   1.0272966667592720E-033   9.2699999925487272E-007   6.3589871481384862E-016   3.5676843129809544E-006
  0.42043054197194601        9.6597010044102889E-005  0.99990433315583638        7.1716457521836211E-013   9.5666842442267261E-005   3.7899627721660469E-017   1.0205222168632499E-023   2.1880930446156127E-017   3.3503092079315533E-032   9.2699999799851099E-007   1.5551312183975504E-015   3.5677162421833102E-006
   1.8841918615262683        2.5804955514590597E-004  0.99974288597247307        2.8532622636952202E-012   2.5711401626455331E-004   6.8681754940093413E-016   2.3881636452442711E-022   8.3788655283153731E-017   4.1984857540447279E-030   9.2699997978915477E-007   1.8281275431193677E-014   3.5672632561202654E-006
   8.4441509753083537        3.0036981236670454E-004  0.99970056704827748        2.8363720519592334E-011   2.9943287244266605E-004   4.2632214638665998E-015   5.9700326816241202E-021   4.0281633057161736E-016   7.1240377826109271E-028   9.2699989082565701E-007   1.0235061747857365E-013   3.5671301046165274E-006
   37.843113087242749        1.7174877747937493E-004  0.99982918345826577        2.0118475051433303E-010   1.7081610931411607E-004   1.9666168336729842E-014   9.2452506681526304E-020   2.1697222540233702E-015   8.1079521261265840E-026   9.2699965816030501E-007   3.2701551010101279E-013   3.5674931056821584E-006
   109.84721189721611        8.6761742128322667E-005  0.99991416615926831        9.5344143304731386E-010   8.5831925872369901E-005   5.2758164214324108E-014   4.1611555712860936E-019   9.2464622484331467E-015   1.2586422042492498E-024   9.2699916587258467E-007   8.1568417084672261E-013   3.5677292062262319E-006
   189.77154080337627        4.8436547484893184E-005  0.99995244916845072        2.1387318810567964E-008   4.7508055633843167E-005   7.7307471612496921E-014   8.6503198697428318E-019   2.4054503303693926E-014   8.1952349090251740E-024   9.2699855211240764E-007   1.4285706329054328E-012   3.5678520131677232E-006
   266.46060836233630        2.6882446886685295E-005  0.99994882074216918        1.2612255234502386E-005   2.5954745177455653E-005   1.0255682928777797E-012   1.8745760942090490E-018   5.1390633134733279E-014   1.7586375085422894E-020   9.2699781542887204E-007   2.1648095243334722E-012   3.5679468934936033E-006
   394.22913347641452        1.0917826019277272E-005  0.99995832990153011        1.5839725713092107E-005   9.9906463064820547E-006   4.4615657572682547E-013   7.0663456987293917E-018   1.1632928956726656E-013   1.9586313907806351E-018   9.2699743935342132E-007   2.5403726879242564E-012   3.5679965516607969E-006
   1304.9042092946911        2.2590073776213773E-006  0.99973464229906928        1.3201285222849555E-004   1.3319948144235619E-006   9.9501344641154024E-013   1.2763401028238729E-016   4.9912160378520303E-013   3.2570927793056413E-016   9.2699732273866218E-007   2.6489673925600608E-012   3.5679993560147762E-006
   5784.0629542753359        1.0432528710060339E-006  0.99251345907270661        3.7432123266660537E-003   1.1625869581816792E-007   1.1634142867088427E-011   4.2223522237862800E-015   2.4810305211662629E-012   1.1755231552026142E-014   9.2699249940312233E-007   7.0255606025446468E-012   3.5679974543804358E-006
   25872.629709214980        9.3291128994213174E-007  0.90049624337979506        4.9751875261363654E-002   5.9782219925192129E-009   7.3582188709074785E-011   5.9955206310532009E-013   1.1493508958414619E-011   1.5199654461015064E-013   9.2692169300671813E-007   6.5892567031509358E-011   3.5679876824073377E-006
   116970.21495191935        9.1465944136122583E-007  0.69344122505727324       0.15327912650091410        3.6119725407175796E-009   5.1804592749290669E-007   1.3899481973904656E-008   5.6461056257727300E-011   2.4297398424512515E-012   9.1097527383311209E-007   2.0488252632751809E-009   3.5540411576439292E-006
   525477.80778472009        4.4585381954663803E-007  0.46715907465554962       0.26641135190950932        7.9845189443476413E-009   1.8212600680679657E-005   4.6099215235045604E-007   2.8368656730983877E-010   8.6749753412986442E-011   4.3772996260657481E-007   2.8113266114295923E-008   3.1066266665952067E-006
   2359271.2490214696        7.5712132805791201E-011  0.20393046134183371       0.39802234843092560        3.6285889740611761E-013   2.4832691785164247E-005   9.2699999114206240E-007   1.4366515884382429E-009   3.7432303043164871E-009   2.2822859996560034E-019   9.4041272180319708E-019   2.6349155205055799E-006
   10561103.608314656        1.1777521074128756E-011   4.2709047190328933E-002  0.47863304308357979        4.3596410431673600E-017   2.4778474176852276E-005   9.2699948595281668E-007   9.4271225387991572E-010   4.3604471386743689E-008   2.9737296213690958E-021   5.4770621858802303E-018   2.5730908276114441E-006
   40124613.028119959        8.4252885093438814E-013   3.9247852808404907E-003  0.49802515243696893        3.7171204269028438E-021   2.4777619353515116E-005   9.2699952744046577E-007   1.2667084741727800E-010   6.6049331789263362E-008   6.8566966076886880E-026   3.5472752817555824E-020   2.4728553466782511E-006
   175954781.67375919        4.0567993200225109E-014   4.5640685187312043E-005  0.49996473906791417        8.1935140380935324E-028   2.4777608446221886E-005   9.2699955430396841E-007   1.6530714431271148E-012   5.1784441028012326E-008   1.5524282976850996E-031   5.3498066420139635E-023   2.3870449531672688E-006
   782880107.94118285        8.3518407293459699E-015   3.6779803915505886E-010  0.49998755929525335        2.9236207216084652E-041   2.4777608445802659E-005   9.2699955428775176E-007   1.2799295055902254E-017   5.1716628046940706E-008   1.0618139867563503E-045   1.7579180792784925E-036   2.3840480971617501E-006
   3500013918.6117935        2.7063821816391772E-015   7.7805916024377936E-018  0.49998755947915291        2.3385051096270528E-066   2.4777608445806142E-005   9.2699955428773280E-007   2.5736255900955573E-021   5.1716628124439324E-008   2.3177183767062921E-069   1.1130900050097498E-059   2.3840472755855124E-006
   15671295183.302336        1.0552959529121774E-015   9.4163896667133674E-019  0.49998755947915291        9.2906490533430799E-072   2.4777608445806142E-005   9.2699955428773280E-007   3.3522856416818045E-022   5.1716628148324442E-008   6.2536533423542145E-069   5.2846417072733685E-062   2.3840451238736389E-006
   70248612441.585724        4.1590563401408015E-016   1.4192694356606773E-019  0.49998755947915291        4.1677296642723535E-081   2.4777608445806142E-005   9.2699955428773280E-007   5.3466933757876752E-023   5.1716628155768644E-008   1.7432679381009557E-074   3.4966635136140705E-064   2.3840394581187131E-006
   314574642352.13525        1.3331658965563622E-016   2.1859181498290982E-020  0.49998755947915291        1.1396793844730883E-067   2.4777608445806142E-005   9.2699955428773280E-007   8.6430391038788177E-024   5.1716628158373892E-008   1.0265891810264209E-065   7.3155765484433149E-061   2.3840245721812927E-006
   1405984302545.0645        2.2139587741865208E-017   3.6526346831341737E-021  0.49998755947915291        5.3763708088282186E-072   2.4777608445806586E-005   9.2699955428773280E-007   9.7216157326048307E-025   5.1716628159201430E-008   6.6093271662025766E-071   8.2126791962767990E-069   2.3839841825297780E-006
   6217402058499.5596        4.0262867854862220E-020   3.8529192880377066E-017  0.49998755947914381        6.3025423874818803E-082   2.4777608464256133E-005   9.2699955428773280E-007   9.0058877996534657E-025   5.1716628159343599E-008   4.8368357169796662E-071   1.7181438431140056E-060   2.3837020358463303E-006
   27863766279956.035        6.1655270367239170E-017   1.9090114601271990E-009  0.49998742427073434        4.8221181403166005E-053   2.5046116271104832E-005   9.2699954987149879E-007   3.3190502223515043E-017   5.1716628413687172E-008   2.4840776896114952E-044   2.1146461766968102E-033   2.3815309592261503E-006
