  0.10000000003850225        1.0926999998716280E-004  0.99989800000043094        1.0000003401307939E-006   9.9999998882931287E-005   1.6547350016711781E-021   9.9622705355558243E-027   6.0559174653406252E-018   2.2113725798241481E-030   9.2699999991619161E-006   8.1106797818367789E-016   3.5679999789396110E-005
  0.10003530548950247        1.0926332076492531E-004  0.99989737654302913        1.3169847585906556E-006   9.9989455081758025E-005   8.6381110493799114E-013   3.8247577147806468E-015   5.5856147722812128E-012   1.8123985526372173E-018   9.2692472725404482E-006   7.5251781779617621E-010   3.5677885425020077E-005
  0.18133355749642199        9.4975191851998363E-005  0.99860183726772245        6.5536686246050102E-004   8.7234174439520919E-005   1.9434100427044607E-007   5.2754111191915746E-010   2.7291746128763383E-010   3.1661902532944716E-013   7.7379310714105634E-006   1.5315409810750348E-006   3.5678026026453860E-005
  0.36324832019540043        6.9122130038934570E-005  0.99665356550811501        1.6406477123729491E-003   6.3924250055220609E-005   1.2145466663650886E-006   1.7154000024026572E-009   2.3234130683282792E-010   1.7344876837688067E-012   5.1969339706141712E-006   4.0713491131007758E-006   3.5677957296952094E-005
  0.94831150096071293        3.4087801739386808E-005  0.99356899159057466        3.1982979417132548E-003   3.1921857779374821E-005   2.4902520938291490E-006   4.1440346832289040E-009   3.3071363166530671E-010   2.8436603250314306E-011   2.1657852385530355E-006   7.1000550943508647E-006   3.5675454201886964E-005
   3.2239289553665595        1.2296480017775654E-005  0.98843327725592933        5.7760339352045482E-003   1.1648439507086367E-005   3.0050577099502973E-006   1.1115167602567234E-008   8.0482143220702404E-010   1.2441825023492421E-010   6.4801515512743590E-007   8.6105603598190564E-006   3.5667739629807049E-005
   14.209175586335403        3.4520694490247833E-006  0.97864925257925994        1.0672269095750028E-002   3.1012493811292063E-006   3.1009965603826343E-006   6.5796229299785725E-008   3.8637924870941402E-009   6.0646723827701854E-010   3.5078004676625944E-007   8.8514312286380020E-006   3.5606732787497421E-005
   63.679514987656120        2.6218041967503882E-008  0.95961663660457130        2.0189926098713281E-002   2.5552931587422583E-010   3.1183803409687977E-006   1.0227437805290942E-006   9.1490958355877275E-009   1.8668008704793079E-007   2.5590995564047802E-008   8.2086972377672932E-006   3.4419124257066669E-005
   281.76372744993012        4.2496067823977509E-010  0.89469619763460062        5.2646502182003271E-002   6.5672590652734838E-016   3.1183807901347617E-006   2.7660312365955113E-006   4.6224584296719485E-009   3.8350676191538223E-006   2.7327442308257239E-012   6.4992451848070530E-006   2.9049622439935341E-005
   1262.3930585462012        1.7903870191112011E-010  0.74267344206273511       0.12865114295651089        1.4103307899538586E-018   3.1183808407886174E-006   3.9195963503779972E-006   1.5517812126759427E-009   1.0575399254720704E-005   5.3695728177433694E-014   5.3493876930185484E-006   2.1175526186713436E-005
   5668.5531247134122        7.7110569010844368E-011  0.48483408688670343       0.25756391548319790        1.7347096910268514E-020   3.1183809641558274E-006   4.4214531822346719E-006   5.4689026470133951E-010   1.7481363208503669E-005   3.0180267373540620E-015   4.8482466592319155E-006   1.3774375555492919E-005
   25517.760237854760        5.3766254563296641E-011  0.20815873783298894       0.39589751228263753        1.6140988625214600E-021   3.1183811233174018E-006   4.6868947664092768E-006   3.0098177996147328E-010   2.1559204341870093E-005   5.2829701701409538E-016   4.5828472884150521E-006   9.4325684561069989E-006
   115018.40764017690        8.5815323014762953E-011   4.8730039778674322E-002  0.47561039153857765        5.8655597119502797E-022   3.1183812284571146E-006   4.9631964238058828E-006   2.0819084632782467E-010   2.3028613337551012E-005   2.3933041735878232E-016   4.3060587430236992E-006   7.6872724845649098E-006
   516155.47077202960        2.8054768840041450E-010   4.5800731528172108E-003  0.49768513260311537        1.5481870350151579E-022   3.1183813080731553E-006   6.7397191312869054E-006   2.3082636387593574E-010   2.3262342022168594E-005   9.9854740264547458E-017   2.5184980965844409E-006   5.6765673292127700E-006
   2304477.3791557220        6.9352056006088588E-012   4.6848535547599895E-005  0.49995180136878831        2.3389103877707239E-032   3.1183813796028054E-006   9.2615838474812121E-006   2.3079473586615966E-012   2.3199101715332493E-005   5.9594281822372267E-026   3.3581958910805732E-010   3.2117067646420887E-006
   10288892.798381109        7.4249159614095505E-014   4.6104102106765818E-010  0.49997522543003470        1.6662504079732191E-056   3.1183813804955014E-006   9.2619260771032404E-006   5.0878583637168494E-017   2.3199093029117341E-005   1.3817262565319880E-046   3.3182983234508139E-023   3.2108385979440347E-006
   46074839.284881711        2.0811484376980054E-014   1.2501959808655984E-015  0.49997522566062119        6.6099858892937723E-087   3.1183813805008166E-006   9.2619260771031778E-006   2.5787740233223168E-018   2.3199093042442036E-005   1.9748219000354831E-071   1.4476243313339002E-047   3.2108384768643485E-006
   206338803.61162996        7.9470435782000884E-015   1.7839920939568060E-016  0.49997522566063762        5.6037947563071434E-093   3.1183813805008166E-006   9.2619260771031778E-006   3.8370927682507910E-019   2.3199093045627883E-005   4.0355061662426244E-082   6.6708702713693839E-058   3.2108382961064740E-006
   923788157.18031681        3.2366737755190487E-015   3.0811089908999196E-017  0.49997522566064340        8.2763304001610492E-052   3.1183813805008166E-006   9.2619260771031778E-006   6.8063163690731264E-020   2.3199093046777249E-005   4.0075023357159734E-087   1.3235112922050615E-062   3.2108378948494523E-006
   4136669713.6660380        1.2702785825414764E-015   5.6247698904183490E-018  0.49997522566064584        1.8903237059714357E-085   3.1183813805008166E-006   9.2619260771031778E-006   1.2780560624887645E-020   2.3199093047242155E-005   8.9232484916845747E-087   5.3038165924083866E-062   3.2108369434647095E-006
   18523735916.786148        4.1346106153645573E-016   9.8044146632297729E-019  0.49997522566064584        1.9197660374589235E-082   3.1183813805008166E-006   9.2619260771031778E-006   2.3040995051606927E-021   2.3199093047433361E-005   5.5974417464187590E-086   5.1243831853560455E-061   3.2108345998329126E-006
   82955007586.964050        7.8280545990708162E-017   1.2462153627898719E-019  0.49997522566064584        6.6387933315364515E-059   3.1183813805008166E-006   9.2619260771031778E-006   3.0474797402466876E-022   2.3199093047502519E-005   2.3205526733453102E-096   2.6210356036737584E-071   3.2108286434838592E-006
   368019985413.83551        2.4965282042135888E-018   3.2210938695278392E-021  0.49997522566064584        3.3237854249089763E-094   3.1183813805008166E-006   9.2619260771031778E-006   8.3378934547756192E-024   2.3199093047517109E-005   2.3059864049551659E-102   2.5843052370713394E-077   3.2108108781613916E-006
   1637407014370.3259        4.9745128880777604E-024   5.3847970581108392E-021  0.49997522566064584        6.1728138964156647E-088   3.1183813805113867E-006   9.2619260771031778E-006   1.5688132507324331E-028   2.3199093047517556E-005   2.2124431096910479E-100   1.8429036426891264E-075   3.2106705507668695E-006
   7338165671818.5322        1.2743074958640256E-016   1.1209695317418517E-012  0.49997522390981547        1.8618401755137453E-078   3.1218819202684105E-006   9.2619260770886766E-006   2.1427713362834516E-020   2.3199093047548286E-005   1.8622409709278719E-066   1.1055930322544767E-041   3.2094878104443213E-006
   32886554750569.297        3.7450272161744681E-017   9.4312195767388291E-010  0.49996178411100828        4.4055276821501371E-071   2.9999999987128956E-005   9.2617582066039923E-006   5.8064945208227706E-014   2.3199361792736113E-005   1.7712868233516363E-061   3.6676494999687806E-036   3.0709397887119342E-006
