  0.10000000003041122        1.9270000647835170E-004  0.99989800000783946        9.9999429099598093E-007   1.0000000357092785E-004   1.2867788553408312E-021   6.2127057350477666E-025   4.7827048862782507E-017   1.3787703828203153E-029   9.2699999988490140E-005   1.1296536302921928E-014   3.5679999832443374E-004
  0.10022898767347926        2.4151181228179423E-004  0.99985512831744794        7.2074649012028740E-008   1.4472753171916564E-004   1.9793972239779986E-015   1.3699663197391645E-016   2.0519771165643987E-013   2.2323668621107414E-022   9.2699917558063994E-005   8.1607704786148844E-011   3.5676859920665243E-004
  0.10156590301228098        5.2162613190044052E-004  0.99959820622872697        6.6844930263046226E-008   4.0166007931190988E-004   5.6481879101065526E-015   1.4805945449369633E-016   1.9100597032489393E-013   4.6898079218023261E-023   9.2699841857286358E-005   1.5729298661590562E-010   3.5669801067471607E-004
  0.10299533465864298        8.1118645837401776E-004  0.99933232094498370        5.8343458736227659E-008   6.6756236511206560E-004   1.0221738427681775E-014   1.6408960746804085E-016   1.7914094520990572E-013   1.0822006721747605E-023   9.2699778312562838E-005   2.2081575371526092E-010   3.5661154513764889E-004
  0.10486821867738393        1.1744890704648658E-003  0.99899807291210041        4.8386589137309248E-008   1.0018303098819122E-003   1.8408718713910853E-014   1.8735926959909518E-016   1.7063708201704997E-013   5.3003014814256170E-024   9.2699705682031190E-005   2.9341824472911540E-010   3.5649737511393281E-004
  0.10759140521156182        1.6703032633531610E-003  0.99854020451946679        3.8707217822492540E-008   1.4597180567253961E-003   3.6265780049742005E-014   2.2342451186742296E-016   1.6921056191516714E-013   8.6873478139899960E-024   9.2699606954146612E-005   3.9211031444768330E-010   3.5634141315861527E-004
  0.11208755896310452        2.4074686791357089E-003  0.99785379169991884        3.0534422982220189E-008   2.1461472093162398E-003   7.7976827478086788E-014   2.8706281001202348E-016   1.8908871203484757E-013   2.0991675045875954E-023   9.2699447380218891E-005   5.5163792425733029E-010   3.5611364074573666E-004
  0.12221107063140321        3.7286759420700815E-003  0.99659338141800935        2.4931165716893101E-008   3.4065686533971988E-003   1.9904441474686720E-013   3.7858603265829685E-016   3.0045862339845144E-013   7.9367627556195689E-023   9.2699087681879160E-005   9.1127271917412924E-010   3.5570972816457888E-004
  0.16102348107191572        5.8550482830214100E-003  0.99441500435290986        3.2008191162733481E-008   5.5849314219770067E-003   6.3444845888373833E-013   7.6972056040033607E-016   8.9467923533272514E-013   7.9778106291862235E-022   9.2697832923109604E-005   2.1659310731031997E-009   3.5502586307970349E-004
  0.21186785161814439        5.7957152587688405E-003  0.99443128640252754        5.9912969896385913E-008   5.5685935549917047E-003   1.2583215385568665E-012   1.3414050837920259E-015   1.4909971165610836E-012   2.7683345291651409E-021   9.2696637556459647E-005   3.3611999415957146E-009   3.5502393361524766E-004
  0.26407360965637711        5.1299720658301981E-003  0.99508693404298887        1.2163541364366569E-007   4.9128225106076420E-003   2.2569649025378330E-012   2.0732452457296486E-015   2.0724445478506178E-012   7.0452356217669842E-021   9.2695738466404813E-005   4.2601867786613745E-009   3.5522694463240419E-004
  0.32314412860198904        4.4233565761076831E-003  0.99578549188946208        1.2141927697659987E-006   4.2120795326994389E-003   1.7633410319440252E-011   8.1306369742800450E-015   1.0347081946932914E-011   2.9207195304701030E-019   9.2694902350298964E-005   5.0956409966662135E-009   3.5544952161360277E-004
  0.38629320463852884        3.7999703749632260E-003  0.99618029191586355        1.1281467635571779E-004   3.5940734550242346E-003   1.2591320819414706E-009   2.2930281767359286E-013   4.6955443498731157E-010   9.4307615768788264E-016   9.2694030685338524E-005   5.9279319880678527E-009   3.5564687872454429E-004
  0.46276572566780638        3.2262431577113277E-003  0.99652765987546443        2.2268742458208607E-004   3.0269566633233445E-003   2.0021517905867379E-009   3.0426174948819766E-013   4.5464126917052878E-010   1.4779393129820203E-015   9.2693226437844673E-005   6.7275791415533120E-009   3.5583305252629631E-004
  0.55255129541488102        2.7319861179225333E-003  0.99663928693815040        4.1014631478434270E-004   2.5404070504285075E-003   3.0236675909135639E-009   3.3805401455785013E-013   3.7438459690394762E-010   2.7701202559450263E-015   9.2692415808919143E-005   7.5421692665439605E-009   3.5599487478685720E-004
  0.65761790502441031        2.3037425822838133E-003  0.99644950501465446        7.1507091153424690E-004   2.1203332384561670E-003   4.4359335196614655E-009   3.1964368079681124E-013   2.6867512934461815E-010   9.6661212765512823E-015   9.2691620207826960E-005   8.3485086635916385E-009   3.5613547229819485E-004
  0.78076865749028757        1.9292654821939500E-003  0.99587403143285724        1.1859910588946892E-003   1.7539580448903789E-003   6.4404960150957039E-009   2.8081897788841350E-013   1.8759448028891870E-010   4.4144522657642447E-014   9.2690847609633978E-005   9.1335982397642746E-009   3.5625775273925663E-004
  0.92582520222489528        1.6002324034041532E-003  0.99480496151654452        1.8811960430057701E-003   1.4326076626194962E-003   9.3349733404284263E-009   3.1103363641109949E-013   1.7652961741993591E-010   1.8926905530199146E-013   9.2690101107199851E-005   9.8894745834971504E-009   3.5636359782921186E-004
   1.0979154505007471        1.3122639199135929E-003  0.99310978809773998        2.8692143386914257E-003   1.1517327741181421E-003   1.3451005912834982E-008   5.7712461257071405E-013   2.7208351456668640E-010   7.1678506606390645E-013   9.2689387225306527E-005   1.0607949308915962E-008   3.5645406091798341E-004
   1.3038171283241524        1.0639771103205958E-003  0.99063188402720725        4.2290513075663857E-003   9.0995058896939558E-004   1.9154059823824754E-008   1.3947322601576413E-012   5.1095945875951656E-010   2.3947942607222259E-012   9.2688704210420504E-005   1.1291760695803171E-008   3.5652988387671673E-004
   1.5525753621929963        8.5531183325228638E-004  0.98719000688271219        6.0512841417785261E-003   7.0734976192596115E-004   2.7076693257613017E-008   3.3747335839337196E-012   9.3386409313340994E-010   7.0710876363625275E-012   9.2688014448333999E-005   1.1979670668140865E-008   3.5659203613238347E-004
   1.8565377673616716        6.8558155056701959E-004  0.98257265634524160        8.4418828824711235E-003   5.4348968736782778E-004   3.8943758968886522E-008   7.6307715818226252E-012   1.5735831000528368E-009   1.8447439018897894E-011   9.2687223417367806E-005   1.2766019993740932E-008   3.5664194795204411E-004
   2.2327427131995896        5.5203687462720931E-004  0.97652618092547971        1.1528922277950385E-002   4.1586592915302689E-004   6.1228745431230006E-008   1.6059884951252345E-011   2.4381498821228008E-009   4.2572413153497255E-011   9.2686178001277129E-005   1.3802251619588387E-008   3.5668132072213523E-004
   2.7043496674638794        4.4971732761630917E-004  0.96874404280118520        1.5468052122919716E-002   3.1963579692371151E-004   1.7398878710821138E-007   3.1819670659381510E-011   3.5080991679276679E-009   8.7388779808424532E-011   9.2684676516251882E-005   1.5286822041314581E-008   3.5671177945730069E-004
   3.3006084158135147        3.7265013463634139E-004  0.95884922574366449        2.0449364643485696E-002   2.4872778982638270E-004   3.2791773401218464E-006   6.0155839066305077E-011   4.7474003386182277E-009   1.6105031455709729E-010   9.2682475817580694E-005   1.7457449900577281E-008   3.5673471844711836E-004
   4.0629919505728243        3.1476700703851086E-004  0.94644948110625327        2.6674045410582981E-002   1.9681368237557591E-004   5.5813398466728535E-006   1.1017234648501441E-010   6.1207520904178821E-009   2.6982277670859182E-010   9.2679235933956303E-005   2.0644723357854259E-008   3.5675138426088861E-004
   5.0428028250789509        2.7145149960763556E-004  0.93116511791304502        3.4333663199142037E-002   1.5894921862205839E-004   8.5774550173749301E-006   1.9702304721567392E-010   7.5798906951631761E-009   4.1474437615803725E-010   9.2674466329648427E-005   2.5323621053667743E-008   3.5676294230333085E-004
   6.3073210633755146        2.3898151674441685E-004  0.91261445150021248        4.3621111284220269E-002   1.3116947317518013E-004   1.2130340567278958E-005   3.4576512693861490E-010   9.0631625969255653E-009   5.9045333179892263E-010   9.2667422556185028E-005   3.2212928814674875E-008   3.5677053556680153E-004
   7.9440745999185518        2.1455639006182423E-004  0.89047375342007207        5.4699897709520266E-002   1.1057284281121720E-004   1.5854089713501809E-005   5.9601055231030083E-010   1.0475866898029708E-008   7.8390609583172081E-010   9.2656948570926006E-005   4.2428180742977265E-008   3.5677521178552763E-004
   10.066142676226521        1.9605377859957103E-004  0.86452355231220257        6.7681027681303546E-002   9.5065995679264811E-005   1.9303308862753540E-005   1.0064275193264052E-009   1.1679425787531703E-008   9.7435109776517201E-010   9.2641253537070349E-005   5.7700230387508085E-008   3.5677787291619084E-004
   12.818661551644695        1.8181868434447954E-004  0.83468573122885048        8.2604481421699114E-002   8.3104223349526437E-005   2.2179620704457205E-005   1.6555879370269090E-009   1.2495743386123603E-008   1.1349325842675617E-009   9.2617591237495185E-005   8.0694793919334144E-008   3.5677925703689496E-004
   16.387870797156598        1.7050813058413884E-004  0.80103393497037023        9.9434081735031002E-002   7.3487630559922442E-005   2.4392919156011255E-005   2.6328838828023862E-009   1.2735586350450979E-008   1.2368164998068134E-009   9.2581803908820020E-005   1.1547735329909576E-007   3.5677993726020011E-004
   21.014463558168046        1.6100270277436172E-004  0.76377373735499321       0.11806750155888805        6.5239902650520020E-005   2.6000141831713243E-005   4.0127539411527362E-009   1.2255665051207079E-008   1.2563593479788541E-009   9.2527661962670554E-005   1.6819857332384708E-007   3.5678031978050048E-004
   27.013391084054476        1.5239522437908928E-004  0.72320341391663134       0.13835593299097504        5.7581038046316541E-005   2.7121693314917155E-005   5.8138526720891992E-009   1.1033923635385379E-008   1.1841499001565893E-009   9.2445824424060039E-005   2.4817358947791105E-007   3.5678063745514261E-004
   34.802282001677064        1.4404906885520148E-004  0.67967457827423894       0.16012376979952742        4.9982194879653915E-005   2.7885148041146763E-005   7.9656149617189362E-009   9.2242580448940332E-009   1.0316688268440925E-009   9.2321978534562582E-005   3.6977405422587859E-007   3.5678095208053530E-004
   44.939964523099505        1.3567052301287127E-004  0.63357135676988541       0.18317899488546507        4.2242722313800148E-005   2.8398685136622442E-005   1.0326035483795466E-008   7.1379754638198823E-009   8.2991361587828730E-010   9.2133240727426498E-005   5.5600662480884261E-007   3.5678117661963436E-004
   58.176333022740771        1.2730508475072204E-004  0.58531415636241690       0.20731129660475789        3.4497154402531917E-005   2.8743682614628135E-005   1.2798623359757389E-008   5.1395217679801336E-009   6.1876091461658502E-010   9.1841233982535282E-005   8.4531442788523224E-007   3.5678108362459940E-004
   74.961302923954122        1.1942937715082678E-004  0.53680123930233581       0.23157123906356661        2.7303291041397907E-005   2.8971516341914582E-005   1.5462410561096467E-008   3.5288653017561634E-009   4.3434232139912360E-010   9.1394610147676035E-005   1.2889285614129298E-006   3.5678031018923417E-004
   95.990982883423086        1.1230382788535151E-004  0.48892978871065967       0.25551002536621914        2.1028998493167613E-005   2.9124745524242229E-005   1.9283780537586882E-008   2.4731754682728194E-009   3.0495225953358036E-010   9.0713874174103287E-005   1.9653330229472782E-006   3.5677772004558513E-004
   124.85360090558390        1.0535890869431272E-004  0.43702121922022652       0.28146707363672263        1.5388025587503625E-005   2.9238859679218248E-005   2.6878466508235072E-008   1.7588451712523198E-009   2.1006932642683002E-010   8.9546103014181915E-005   3.1246521405993655E-006   3.5677095413743211E-004
   162.97976893529358        9.8845132114444526E-005  0.38548498418248328       0.30723738585653154        1.0915557513706272E-005   2.9321186199082251E-005   4.4176356014184816E-008   1.4007505408293742E-009   1.6114936080773543E-010   8.7607275865737632E-005   5.0448476077582393E-006   3.5675404997543409E-004
   212.25569410138283        9.2326960012701479E-005  0.33628689219089242       0.33183805072721362        7.6154975791198628E-006   2.9381793480940589E-005   8.3785218116051100E-008   1.2309099658243676E-009   1.4074507192700372E-010   8.4465622507014969E-005   8.1448264793693737E-006   3.5671459012394906E-004
   278.53991073700325        8.4770590866453370E-005  0.28806337480936017       0.35595099141127062        5.2024807327413280E-006   2.9427867682661613E-005   1.7949064678979222E-007   1.1573493356953001E-009   1.3880769582540419E-010   7.9382273970266104E-005   1.3129235039201581E-005   3.5661888778341824E-004
   365.05472690706563        7.5631627755494866E-005  0.24289353074435108       0.37853672037945824        3.5491262577911308E-006   2.9462818923841022E-005   4.0621750034563812E-007   1.1299160717616069E-009   1.4731895554037407E-010   7.1943870617356784E-005   2.0335991690351376E-005   3.5639207502208872E-004
   476.91416827449109        6.4765188078576429E-005  0.20162001871604451       0.39917402058742735        2.4297433971982480E-006   2.9487375592530304E-005   9.3612525173690409E-007   1.1382287789747957E-009   1.6461867075414394E-010   6.2236272262351829E-005   2.9506487203123750E-005   3.5586199083634875E-004
   618.75328794964037        5.2978952059087674E-005  0.16531734818178395       0.41732573277579643        1.6602749823014526E-006   2.9494447201151174E-005   2.1200056917916523E-006   1.1840033308405979E-009   1.9172997979862201E-010   5.1253659778022091E-005   3.9295259700272255E-005   3.5467781634926544E-004
   798.12225325572183        4.1159058695059314E-005  0.13385380276161182       0.43305777420742436        1.1243303710635424E-006   2.9482818053029054E-005   4.6477778787802522E-006   1.2829411884032722E-009   2.3490534131415925E-010   3.9997452240093799E-005   4.8011485864351632E-005   3.5214955244378641E-004
   1030.4437133670681        2.9735553206747534E-005  0.10640189100091570       0.44678391834946179        7.6035867423845171E-007   2.9460478518316235E-005   9.7280869942422482E-006   1.4868595066719909E-009   3.1657542780958481E-010   2.8956407780807363E-005   5.3960358750456850E-005   3.4706831018149704E-004
   1348.1984559510468        1.8889209950529525E-005   8.1812700305727917E-002  0.45907863784227582        5.2442684088101693E-007   2.9441834637185169E-005   1.9146434606974611E-005   1.9691434192508201E-009   5.2286942321210256E-010   1.8355857538088434E-005   5.5136067738662310E-005   3.3764768277526390E-004
   1808.2073314986512        9.5193023441379983E-006   5.9555518796478177E-002  0.47020730455995668        3.7390366685454120E-007   2.9440636239192156E-005   3.4379089103638825E-005   3.3544797676097597E-009   1.2477234621622164E-009   9.1408616301483086E-006   4.9123934624833307E-005   3.2240715892326141E-004
   2440.8241041829660        3.5260321283936677E-006   4.1297070833227652E-002  0.47933658607548335        2.4355075386255161E-007   2.9456887816195900E-005   5.2478884900750916E-005   7.4913202552110420E-009   4.5191449474191027E-009   3.2793776008906276E-006   3.6904099263800505E-005   3.0427254169316593E-004
   3287.6264252488099        5.7601545675719814E-007   2.5048670860581497E-002  0.48746083895127962        4.2537236398314294E-008   2.9467990163450341E-005   7.3062322211300541E-005   1.9231421475348240E-008   3.9139825672273625E-008   5.2958265696971705E-007   1.9089120664004521E-005   2.8344985909459577E-004
   4446.4559553481413        3.8209818409748870E-008   7.6341523042779552E-003  0.49616780992978182        1.9753405484442847E-009   2.9461384083605694E-005   9.2636569529649812E-005   2.6159532032022442E-008   3.2755773577302847E-007   2.0970813717014865E-008   2.5670571161771161E-008   2.5958184866090646E-004
   6001.9179511225175        2.5248520407541713E-008   3.9139852198827136E-003  0.49802768583641310        6.8412562763991740E-010   2.9460656864848846E-005   9.2666237695372320E-005   1.9890984382261989E-008   5.2722208166794653E-007   8.4913222842607546E-009   2.1745001187149621E-009   2.5476691493693456E-004
   8099.9325037090975        1.9037398510616314E-008   1.7862731985024286E-003  0.49909131015783759        2.7451757540227520E-010   2.9460594319531159E-005   9.2666192357826482E-005   1.5208379848602160E-008   7.4991408758111127E-007   3.5055295074224643E-009   5.3445123390578674E-010   2.4594207993098557E-004
   10931.114850190148        1.5386177368098969E-008   7.1823460849815854E-004  0.49962516470146073        1.3063942698938302E-010   2.9460666119959877E-005   9.2663401369636153E-005   1.1870498706597748E-008   9.0886558529061455E-007   1.5499438079084086E-009   2.0392949942461897E-010   2.3221132732268091E-004
   14752.311338493462        1.2847586116386038E-008   2.6693985774369947E-004  0.49985077627924646        7.2474710932989861E-011   2.9460745055785485E-005   9.2661438213741850E-005   9.4281904936805631E-009   9.4332733496330196E-007   7.6219274817885474E-010   9.5375245879216076E-011   2.1526398773469895E-004
   19910.963362461061        1.0884510459924928E-008   1.0760903021508718E-004  0.49993050806997275        4.4790091820108686E-011   2.9460811704570809E-005   9.2660637710766799E-005   7.5079136393094283E-009   8.7887916788631896E-007   4.1819753326229267E-010   5.1569955938625173E-011   1.9832805817680799E-004
   26875.898840836322        9.2791281757625900E-009   5.5950497921928987E-005  0.49995644319291116        2.9523303810631002E-011   2.9460867028389608E-005   9.2660539847250857E-005   5.9324857114221416E-009   7.7638491662122689E-007   2.5047588752575518E-010   3.0874949939709965E-011   1.8359614227072055E-004
   36278.904063630565        7.9318816794185236E-009   3.6123306353066768E-005  0.49996646399541589        2.0191092657361002E-011   2.9460913450588622E-005   9.2660787582823459E-005   4.6409992849437790E-009   6.7277984286570598E-007   1.5942861005209015E-010   1.9718247003948418E-011   1.7154319571542441E-004
   48972.112767643230        6.7889718544704866E-009   2.5421536888485028E-005  0.49997191120269890        1.4119257673478770E-011   2.9460952730384720E-005   9.2661184195942393E-005   3.5988850747936609E-009   5.7978353792031288E-007   1.0564604702059468E-010   1.3105495318564222E-011   1.6181181962567751E-004
   66105.774828364534        5.8152124085439280E-009   1.8306580529028377E-005  0.49997555236528557        1.0017013988395150E-011   2.9460986160755476E-005   9.2661631630934485E-005   2.7708604604527752E-009   4.9899739756000915E-007   7.1924299947950005E-011   8.9370161383967547E-012   1.5391305869223040E-004
   89232.821754462464        4.9840513230259181E-009   1.3273795647644217E-005  0.49997814078876368        7.1777007160144893E-012   2.9461014751093052E-005   9.2662085608952437E-005   2.1209586275027793E-009   4.2942958095914513E-007   4.9895659180351499E-011   6.2030572329049726E-012   1.4744156761920801E-004
   120449.76760442936        4.2739032950699544E-009   9.6605011071929897E-006  0.49998000927947606        5.1800690732968412E-012   2.9461039306266586E-005   9.2662526847428112E-005   1.6157175776561426E-009   3.6965653476615148E-007   3.5087184688424905E-011   4.3613896992511771E-012   1.4209316473068638E-004
   162586.83028054188        3.6666848634343138E-009   7.0510299157650318E-006  0.49998136708806434        3.7582703165501635E-012   2.9461060467925007E-005   9.2662946718142061E-005   1.2259066582846391E-009   3.1831542926800493E-007   2.4925161420637019E-011   3.0968355228997066E-012   1.3764199345766076E-004
   219464.53906745583        3.1471017575330165E-009   5.1586163806367644E-006  0.49998235885619335        2.7377449295564687E-012   2.9461078749490041E-005   9.2663341115266341E-005   9.2699774927836278E-010   2.7420036376472670E-007   1.7844478114947247E-011   2.2159448908520472E-012   1.3391765513922556E-004
   296240.11316438369        2.7021931910502622E-009   3.7815010061572061E-006  0.49998308655243517        2.0005934746730056E-012   2.9461094568222686E-005   9.2663708010644772E-005   6.9895366523271459E-010   2.3626961992177580E-007   1.2853245307462037E-011   1.5953806129256181E-012   1.3078859391090286E-004
   399875.05526337738        2.3209736050709956E-009   2.7765139550492032E-006  0.49998362269293001        1.4655400229878481E-012   2.9461108270534097E-005   9.2664046509607193E-005   5.2571195561575486E-010   2.0363229878410126E-007   9.3030180910032930E-012   1.1542836839703554E-012   1.2815103370094984E-004
   539766.36403692269        1.9941277431546558E-009   2.0413692301938126E-006  0.49998401921283947        1.0757030138117603E-012   2.9461120149446210E-005   9.2664356478153073E-005   3.9457492736567765E-010   1.7553007776534429E-007   6.7596998146461898E-012   8.3848899240280260E-013   1.2592174096427784E-004
   728598.59978037351        1.7137491225875448E-009   1.5025638957371578E-006  0.49998431353624456        7.9081711737975533E-013   2.9461130455916318E-005   9.2664638368440377E-005   2.9561238796691689E-010   1.5131843958318365E-007   4.9272754234953974E-012   6.1108074479680684E-013   1.2403316099723162E-004
   983494.06187230919        1.4731181721548356E-009   1.1070196655783965E-006  0.49998453277365534        5.8212805956319869E-013   2.9461139406201424E-005   9.2664893102343632E-005   2.2112492946393120E-010   1.3044920734428302E-007   3.6009210578439714E-012   4.4654176111623800E-013   1.2242999911509021E-004
   1327565.3589139150        1.2665158274608555E-009   8.1625155789679947E-007  0.49998469665382117        4.2896031945410887E-013   2.9461147186901283E-005   9.2665121968025111E-005   1.6518450291017189E-010   1.1245520943137519E-007   2.6372428121854886E-012   3.2702785601791752E-013   1.2106670895259635E-004
   1792011.1581519120        1.0890676740606811E-009   6.0226189162796511E-007  0.49998481959043789        3.1636621258297189E-013   2.9461153958682396E-005   9.2665326520594262E-005   1.2325330963815136E-010   9.6937288763157206E-008   1.9348964497433980E-012   2.3994044673386245E-013   1.1990558396589071E-004
   2418945.1360663241        9.3661376816480404E-010   4.4462578019786898E-007  0.49998491215080099        2.3349195736929650E-013   2.9461159859272671E-005   9.2665508489337477E-005   9.1874574570556350E-011   8.3553511582223840E-008   1.4216998867339916E-012   1.7631387694856653E-013   1.1891527392917810E-004
   3265214.6478319755        8.0559975958937933E-010   3.2840832547632773E-007  0.49998498210661046        1.7242876513319962E-013   2.9461165006095757E-005   9.2665669695745292E-005   6.8425748933438170E-011   7.2010276827832540E-008   1.0459137537159557E-012   1.2972598272878328E-013   1.1806961458358373E-004
   4407555.3696791362        6.9298561720326185E-010   2.4266778639222232E-007  0.49998503519012322        1.2739739027479779E-013   2.9461169498783656E-005   9.2665811985136268E-005   5.0924044055721935E-011   6.2054995607107984E-008   7.7025666909534395E-013   9.5551570772446441E-014   1.1734669516725210E-004
   5949549.2976213703        5.9616889349673413E-010   1.7937483960371654E-007  0.49998507564092065        9.4164959241397593E-014   2.9461173421693233E-005   9.2665937172780387E-005   3.7874750034179597E-011   5.3470036909662113E-008   5.6774799266487750E-013   7.0444638864583422E-014   1.1672810995969158E-004
   8031017.0129568651        5.1292002991726245E-010   1.3262923994586532E-007  0.49998510660289314        6.9625343834727741E-014   2.9461176846420250E-005   9.2666047003888896E-005   2.8153896717299796E-011   4.6067686984738685E-008   4.1879094268000963E-013   5.1975548390307610E-014   1.1619835398679323E-004
   10840695.829279860        4.4132766936221875E-010   9.8090197365987465E-008  0.49998513041350623        5.1495698143838076E-014   2.9461179834193962E-005   9.2666143125912282E-005   2.0918092072067540E-011   3.9685919953225004E-008   3.0910874076749672E-013   3.8374570547527247E-014   1.1574433250767787E-004
   14633353.367443057        3.7975231603542414E-010   7.2561032713176272E-008  0.49998514881522793        3.8096101845819740E-014   2.9461182437981708E-005   9.2666227071151741E-005   1.5535629134986204E-011   3.4184822713373604E-008   2.2827399606801027E-013   2.8349295957162484E-014   1.1535496090848763E-004
   19752888.272831704        3.2678698576789314E-010   5.3685628564460515E-008  0.49998516311049185        2.8189013156587743E-014   2.9461184704174005E-005   9.2666300247611980E-005   1.1534088980997349E-011   2.9443552776310161E-008   1.6865458611085368E-013   2.0953836701489639E-014   1.1502083679230426E-004
   26663512.620090462        2.8122372960566952E-010   3.9726150336201766E-008  0.49998517427555594        2.0861975208833065E-014   2.9461186673813321E-005   9.2666363936158997E-005   8.5606450834151788E-012   2.5357735501113797E-008   1.2465430453463975E-013   1.5494646926226553E-014   1.1473397002770995E-004
   35991843.282099381        2.4202510820419965E-010   2.9400008192631222E-008  0.49998518304435885        1.5441728373992736E-014   2.9461188383428240E-005   9.2666419292294742E-005   6.3520889027776846E-012   2.1837227780105302E-008   9.2163548820046319E-014   1.1462416648224171E-014   1.1448755955220717E-004
   48583718.641958311        2.0829985085670949E-010   2.1760101583916638E-008  0.49998518997039965        1.1431201592127188E-014   2.9461189865585112E-005   9.2666467351143703E-005   4.7122588828531107E-012   1.8804190567592882E-008   6.8160540257903508E-014   8.4826410359263695E-015   1.1427580808569858E-004
   65580892.040135920        1.7928206019895651E-010   1.6106749395651574E-008  0.49998519547250436        8.4632163842370896E-015   2.9461191149270557E-005   9.2666509034536971E-005   3.4950843047828772E-012   1.6191423916221862E-008   5.0420956463853878E-014   6.2796339792192580E-015   1.1409376770800713E-004
   88524555.452196449        1.5431342778626547E-010   1.1922855073747174E-008  0.49998519986873591        6.2664267782295628E-015   2.9461192260193000E-005   9.2666545159325868E-005   2.5918727534657526E-012   1.3940926891642479E-008   3.7305966808446751E-014   4.6502614059957410E-015   1.1393721071163249E-004
   119495079.36575107        1.3282801091535411E-010   8.8261344549994215E-009  0.49998520340157071        4.6402343036357125E-015   2.9461193221052989E-005   9.2666576446280341E-005   1.9217954114188115E-012   1.2002650948786761E-008   2.7607167894476109E-014   3.4447270231177550E-015   1.1380252123467491E-004
   161300638.13939145        1.1433919189292609E-010   6.5338891589437574E-009  0.49998520625662690        3.4362964941039499E-015   2.9461194051805350E-005   9.2666603529104551E-005   1.4247761522765007E-012   1.0333420429553718E-008   2.0432937514292420E-014   2.5524908197407030E-015   1.1368660405907557E-004
   217731821.95320213        9.8428499394563726E-011   4.8370140122889898E-009  0.49998520857662687        2.5448855603190980E-015   2.9461194769919859E-005   9.2666626963245694E-005   1.0561837547129399E-012   8.8959977495256111E-009   1.5125014527633030E-014   1.8919329041048616E-015   1.1358680764725293E-004
   293905318.66843408        8.4736020614799004E-011   3.5808072582945264E-009  0.49998521047182493        1.8848187166966414E-015   2.9461195390636889E-005   9.2666647234281439E-005   7.8287424168550391E-013   7.6582740221717354E-009   1.1197184582029876E-014   1.4027563227199151E-015   1.1350085903418079E-004
   396727823.39539373        7.2952173834808948E-011   2.6507963400428519E-009  0.49998521202781754        1.3960210545722528E-015   2.9461195927213189E-005   9.2666664765754362E-005   5.8024261271799759E-013   6.5925685119742902E-009   8.2901629089886402E-015   1.0403966696714121E-015   1.1342680862629740E-004
   535519129.29911512        6.2810464319885203E-011   1.9622883167106652E-009  0.49998521331219831        1.0340374431534178E-015   2.9461196391936281E-005   9.2666679945793432E-005   4.3002174585617775E-013   5.6742327223336431E-009   6.1384109019588293E-015   7.7188283080172655E-016   1.1336287525854982E-004
   722873153.21241903        5.4082279968688946E-011   1.4525025103097350E-009  0.49998521437538573        7.6593344043627772E-016   2.9461196793723944E-005   9.2666693069906326E-005   3.1867856199387940E-013   4.8847088718356419E-009   4.5453944208832878E-015   5.7290701624567706E-016   1.1330776759161527E-004
   975726925.88831973        4.6569540212135812E-011   1.0751797952078298E-009  0.49998521526080231        5.6738859988887937E-016   2.9461197141456576E-005   9.2666704421050729E-005   2.3615534826486943E-013   4.2041374124171687E-009   3.3661601206979493E-015   4.2532763215930960E-016   1.1326021401386084E-004
   1317065641.8854151        4.0103108042980938E-011   7.9577512167676985E-010  0.49998521600222079        4.2031185969526198E-016   2.9461197445778522E-005   9.2666714321874353E-005   1.7497398880037338E-013   3.6164549158974731E-009   2.4929048954130115E-015   3.1590142212904551E-016   1.1321871571771219E-004
   1777833041.7003188        3.4537851035930973E-011   5.8891564185792291E-010  0.49998521662158169        3.1136683408594706E-016   2.9461197709460709E-005   9.2666722890993102E-005   1.2964879681542969E-013   3.1126326310489909E-009   1.8462488223798247E-015   2.3475423962282188E-016   1.1318286387833077E-004
   2399794815.7780733        2.9747608731449924E-011   4.3578320983833520E-010  0.49998521714198452        2.3066758807678645E-016   2.9461197937961155E-005   9.2666730304622599E-005   9.6062858236468250E-014   2.6792493888824904E-009   1.3673855243517144E-015   1.7453972755656288E-016   1.1315188301154899E-004
   3239340125.8359036        2.5624290906495578E-011   3.2242961378124468E-010  0.49998521758070791        1.7088905466564281E-016   2.9461198136132079E-005   9.2666736720433624E-005   7.1175449475471861E-014   2.3062320441957849E-009   1.0127581009610636E-015   1.2984132141233319E-016   1.1312508658867738E-004
   4372586302.7751369        2.2074905559319040E-011   2.3852763525431132E-010  0.49998521795154732        1.2660625604403419E-016   2.9461198308163925E-005   9.2666742275148515E-005   5.2734297623301268E-014   1.9851496964269965E-009   7.5012245383762953E-016   9.6647715064841872E-017   1.1310188188575313E-004
   5902277498.3626699        1.9019426584879669E-011   1.7643079109899605E-010  0.49998521826571635        9.3801419852291250E-017   2.9461198457654601E-005   9.2666747086543559E-005   3.9070214837632165E-014   1.7087787769890108E-009   5.5560783814935861E-016   7.1986935814621439E-017   1.1308175910809238E-004
   7967099501.5406036        1.6388984419620510E-011   1.3047714399167981E-010  0.49998521853241662        6.9498790634609611E-017   2.9461198587701304E-005   9.2666751256212821E-005   2.8946053769239766E-014   1.4708978615668972E-009   4.1154053943625680E-016   5.3656656290145431E-017   1.1306427786828555E-004
   10754246845.300562        1.4124300134931535E-011   9.6474405579554642E-011  0.49998521875923507        5.1494310354858657E-017   2.9461198700977070E-005   9.2666754871941861E-005   2.1444936176332834E-014   1.2661425365296271E-009   3.0483418491928676E-016   4.0024351080936681E-017   1.1304905592387756E-004
   14513631545.542236        1.2177819649409018E-011   7.1308520121878093E-011  0.49998521895331993        3.8163507202690174E-017   2.9461198800418311E-005   9.2666758022920905E-005   1.5887652003076427E-014   1.0890418288133253E-009   2.2583788436558443E-016   2.9916528717632018E-017   1.1303567694676632E-004
   19582646574.243172        1.0531362351797469E-011   5.2490492593905318E-011  0.49998521912384269        2.8303761565293418E-017   2.9461198896741113E-005   9.2666760975564365E-005   1.1760568521723450E-014   9.3194416825397347E-010   1.6733972349334615E-016   2.2716061279306170E-017   1.1302275248216617E-004
   26423237505.914738        9.1307953592368145E-012   3.8497900047174006E-011  0.49998521926753664        2.0999836317447245E-017   2.9461198991048748E-005   9.2666763776840734E-005   8.7065395659319356E-015   7.9895981057922659E-010   1.2397767661293508E-016   1.7484984410580809E-017   1.1301023140078486E-004
   35650274872.095688        7.9368612778229724E-012   2.8138287066466485E-011  0.49998521938963181        1.5590080119542048E-017   2.9461199085450641E-005   9.2666766479021850E-005   6.4460641006247712E-015   6.8555281843519351E-010   9.1850569555311428E-017   1.3641157703586795E-017   1.1299788027995607E-004
   48093606938.922638        6.9185927962109085E-012   2.0490053327188745E-011  0.49998521949391650        1.1582894511003791E-017   2.9461199183964381E-005   9.2666769170928823E-005   4.7725686426090916E-015   5.8851909424545903E-010   6.8047784161743209E-017   1.0800829780963232E-017   1.1298521323860467E-004
   64871286378.470093        6.0491104877727936E-012   1.4863274328520623E-011  0.49998521958312853        8.6139399790237808E-018   2.9461199292087527E-005   9.2666771959963831E-005   3.5338107130919750E-015   5.0560839701528304E-010   5.0411321016436052E-017   8.6868269618887305E-018   1.1297155243103475E-004
   87489204447.900528        5.3048295893126479E-012   1.0741493483523825E-011  0.49998521965961568        6.4132837405038953E-018   2.9461199417599270E-005   9.2666774977429340E-005   2.6170136228974392E-015   4.3490559382700854E-010   3.7342792080560724E-017   7.0966330776713870E-018   1.1295589583684933E-004
   118076985307.35594        4.6762257887332331E-012   7.7023951109185042E-012  0.49998521972368604        4.7805329627769112E-018   2.9461199559809786E-005   9.2666778128938098E-005   1.9380865707703760E-015   3.7624958415255220E-010   2.7631409891473802E-017   5.9644051309689788E-018   1.1293820757334115E-004
   159387226711.76541        4.1598947911124216E-012   5.4571111874671566E-012  0.49998521977752819        3.5752663170297273E-018   2.9461199705980453E-005   9.2666781024604850E-005   1.4354586678380229E-015   3.2721396533757735E-010   2.0426409016392408E-017   5.2614083237537805E-018   1.1291999889262266E-004
   215150208762.02115        3.7277955292860834E-012   3.8328224033596405E-012  0.49998521982380323        2.6838667611401917E-018   2.9461199864206272E-005   9.2666783711673069E-005   1.0631121967736155E-015   2.8528672248744033E-010   1.5087336519808195E-017   4.8236520279107304E-018   1.1289984160805568E-004
   290422346164.85956        3.3588722410235466E-012   2.6771757606582800E-012  0.49998521986388994        2.0217685379741341E-018   2.9461200042467537E-005   9.2666786221105266E-005   7.8730414097798896E-016   2.4918956476681838E-010   1.1134122689857481E-017   4.5511960352302951E-018   1.1287551558018844E-004
   392029083481.83917        3.0380820643177495E-012   1.8647298266033403E-012  0.49998521989883798        1.5271298649913589E-018   2.9461200247302275E-005   9.2666788560726764E-005   5.8303360843699357E-016   2.1792457814237901E-010   8.2102957850371264E-018   4.3824574472224940E-018   1.1284363561175627E-004
   529183805327.32751        2.7547691501636936E-012   1.2981947170970678E-012  0.49998521992946227        1.1551791464878521E-018   2.9461200483042780E-005   9.2666790719116455E-005   4.3177248725561006E-016   1.9070707382394276E-010   6.0505123168729123E-018   4.2783712798441851E-018   1.1279894258996486E-004
   714323277583.26562        2.5013193687365691E-012   9.0505108564877543E-013  0.49998521995640127        8.7371802944139937E-019   2.9461200751318900E-005   9.2666792666584738E-005   3.1978727879816268E-016   1.6690846268839555E-010   4.4569337475144393E-018   4.2134632143508609E-018   1.1273319436961554E-004
   964235374855.58203        2.2717690869308743E-012   6.3391067878905322E-013  0.49998521998017781        6.5954153342498430E-019   2.9461201052003721E-005   9.2666794358090967E-005   2.3689953286796974E-016   1.4600705373845279E-010   3.2821388831168330E-018   4.1669261782887994E-018   1.1263347674598731E-004
   1301581353009.3284        2.0606167803679073E-012   4.5778303061757642E-013  0.49998522000120321        4.9584858559031449E-019   2.9461201449401510E-005   9.2666795743547156E-005   1.7556480623222764E-016   1.2755439051280147E-010   2.4165525554661680E-018   4.1098098678507553E-018   1.1247995408388272E-004
   1756950701746.7896        1.8650855672890841E-012   4.0230869269089856E-013  0.49998522001816159        3.7057510507766757E-019   2.9461205093758174E-005   9.2666796788239063E-005   1.3018018701840113E-016   1.1126852026092481E-010   1.7789188988961253E-018   3.9983960968898561E-018   1.1224384677714222E-004
   2371634904903.5684        1.6904686454636506E-012   5.8394552686852456E-013  0.49998521998202350        2.7512095239115303E-019   2.9461309660214881E-005   9.2666797493471282E-005   9.6594015080893914E-017   9.7284799515203457E-011   1.3090398562668928E-018   3.7979600444278700E-018   1.1188683075298101E-004
   3201371624465.5200        1.5306347242740476E-012   1.4533769205013325E-012  0.49998521892507292        2.0302606224145487E-019   2.9463450898964720E-005   9.2666797889951873E-005   7.1840751676318368E-017   8.5211333008091813E-011   9.6248267665257048E-019   3.5111994019759803E-018   1.1136114993996124E-004
   4321398819330.3813        1.3769305900817723E-012   1.1016358658774129E-011  0.49998520430166199        1.4906880224135444E-019   2.9492713683761280E-005   9.2666797993457199E-005   6.1049686042098169E-017   7.4251950658942613E-011   7.0664638472608667E-019   3.1701812329422301E-018   1.1060810427410181E-004
   5833277090668.2227        1.2307973516430071E-012   1.0133572754304688E-010  0.49998509187647572        1.0896950815319826E-019   2.9717497048331812E-005   9.2666795525670034E-005   3.9316885040825489E-016   6.4187129465340177E-011   5.1763935466676002E-019   2.8109872654716184E-018   1.0954693395181431E-004
   7874098883052.7236        1.0965289967086086E-012   3.6845394605813347E-010  0.49998495170245794        7.9212863004207436E-020   2.9997593055762374E-005   9.2666698842285862E-005   9.1635193217802725E-015   5.8033848845704725E-011   3.7715319758051492E-019   2.4560407474309635E-018   1.0782332859600567E-004
   10628919603232.777        9.1820663090943126E-013   1.0117899201025523E-008  0.49998494520368997        5.5659458587501284E-020   2.9999999999870371E-005   9.2664248623877812E-005   1.5619545476008513E-013   4.7957434079214696E-010   2.6121337799992403E-019   2.0545846967466041E-018   1.0002075107386390E-004
   14347537871938.309        8.0057515792165865E-013   8.5031891784130724E-008  0.49998486704395323        3.1124350389800663E-020   2.9999999995316915E-005   9.2620330011659903E-005   1.9743362844714924E-012   4.1182831534693672E-008   1.2549524516521421E-019   1.3189211065442354E-018   4.0468919974080788E-005
   19367146490043.480        7.1235499989955274E-013   7.2946408206122444E-010  0.49998418327535815        1.9476642536580071E-020   2.9999999999867908E-005   9.2323694723164294E-005   7.0233386790071715E-013   7.6710450959727880E-007   7.2460519892351473E-020   9.7625375866404238E-019   2.2118284454204548E-008
   26142908038627.152        6.3090023000560057E-013   1.4306896371577417E-011  0.49998416492435638        1.4489413562349593E-020   2.9999999999585100E-005   9.2319331923291595E-005   2.0945057149864152E-015   7.8581389456679883E-007   5.3640351341289092E-020   8.5287730067152184E-019   1.1719139796472923E-011
   35289227613756.828        5.5893294256668785E-013   1.5654824057619235E-011  0.49998416362503184        1.0781529670019020E-020   2.9999999999548939E-005   9.2319198903632627E-005   5.7077223752823293E-016   7.8711294218476710E-007   3.9721025255281423E-020   7.4634152233286349E-019   1.2975225108888125E-012
   47635465179907.125        4.9546499079903644E-013   1.6755303675303071E-011  0.49998416243119576        8.0202293231434647E-021   2.9999999999517388E-005   9.2319153624891557E-005   1.6372235222098216E-016   7.8830660203782442E-007   2.9415070648036410E-020   6.5522647469513323E-019   1.6708888489541730E-013
   64301139365871.695        4.3957333848216209E-013   1.7569560831262140E-011  0.49998416136698487        5.9646780376826788E-021   2.9999999999494552E-005   9.2319138284464996E-005   4.9486926904678657E-017   7.8937073725418660E-007   2.1783460555803280E-020   5.7793247761206852E-019   2.4172099286511293E-014
   86797441950735.109        3.9036637839668966E-013   1.8109650929657121E-011  0.49998416042857691        4.4349411201313980E-021   2.9999999999482281E-005   9.2319133478566329E-005   1.5769348346584522E-017   7.9030917280970654E-007   1.6129840534660232E-020   1.2657329380436670E-018   3.8795455214144021E-015
