 0.100E+00 0.300E+03
 0.100E+00 0.300E+03
 0.100E+00 0.300E+03
 0.100E+00 0.300E+03
 0.100E+00 0.300E+03
 0.100E+00 0.300E+03
 0.100E+00 0.300E+03
 0.100E+00 0.300E+03
 0.100E+00 0.300E+03
 0.100E+00 0.300E+03
 0.100E+00 0.300E+03
 0.100E+00 0.300E+03
 0.100E+00 0.300E+03
 0.100E+00 0.300E+03
 0.100E+00 0.305E+03
 0.104E+00 0.390E+03
 0.107E+00 0.485E+03
 0.110E+00 0.603E+03
 0.113E+00 0.752E+03
 0.118E+00 0.940E+03
 0.123E+00 0.118E+04
 0.131E+00 0.149E+04
 0.141E+00 0.191E+04
 0.156E+00 0.249E+04
 0.184E+00 0.336E+04
 0.225E+00 0.435E+04
 0.274E+00 0.519E+04
 0.335E+00 0.586E+04
 0.409E+00 0.632E+04
 0.500E+00 0.656E+04
 0.610E+00 0.658E+04
 0.746E+00 0.641E+04
 0.911E+00 0.606E+04
 0.110E+01 0.561E+04
 0.129E+01 0.511E+04
 0.149E+01 0.460E+04
 0.170E+01 0.411E+04
 0.191E+01 0.364E+04
 0.213E+01 0.320E+04
 0.236E+01 0.280E+04
 0.259E+01 0.244E+04
 0.282E+01 0.212E+04
 0.305E+01 0.182E+04
 0.326E+01 0.156E+04
 0.347E+01 0.133E+04
 0.369E+01 0.114E+04
 0.393E+01 0.972E+03
 0.418E+01 0.831E+03
 0.445E+01 0.710E+03
 0.474E+01 0.608E+03
 0.507E+01 0.522E+03
 0.545E+01 0.450E+03
 0.589E+01 0.389E+03
 0.643E+01 0.339E+03
 0.708E+01 0.297E+03
 0.788E+01 0.262E+03
 0.885E+01 0.232E+03
 0.100E+02 0.207E+03
 0.113E+02 0.184E+03
 0.129E+02 0.165E+03
 0.148E+02 0.148E+03
 0.170E+02 0.133E+03
 0.196E+02 0.120E+03
 0.226E+02 0.108E+03
 0.261E+02 0.978E+02
 0.303E+02 0.887E+02
 0.353E+02 0.807E+02
 0.414E+02 0.736E+02
 0.487E+02 0.673E+02
 0.575E+02 0.618E+02
 0.682E+02 0.569E+02
 0.812E+02 0.525E+02
 0.971E+02 0.486E+02
 0.117E+03 0.452E+02
 0.141E+03 0.421E+02
 0.170E+03 0.393E+02
 0.207E+03 0.369E+02
 0.252E+03 0.346E+02
 0.308E+03 0.327E+02
 0.376E+03 0.309E+02
 0.460E+03 0.293E+02
 0.561E+03 0.279E+02
 0.686E+03 0.267E+02
 0.837E+03 0.256E+02
 0.102E+04 0.246E+02
 0.125E+04 0.237E+02
 0.153E+04 0.229E+02
 0.186E+04 0.223E+02
 0.228E+04 0.217E+02
 0.278E+04 0.212E+02
 0.340E+04 0.207E+02
 0.415E+04 0.204E+02
 0.506E+04 0.201E+02
 0.618E+04 0.199E+02
 0.755E+04 0.197E+02
 0.922E+04 0.196E+02
 0.112E+05 0.196E+02
 0.137E+05 0.197E+02
 0.167E+05 0.200E+02
 0.204E+05 0.206E+02
 0.248E+05 0.216E+02
 0.302E+05 0.229E+02
 0.367E+05 0.245E+02
 0.456E+05 0.255E+02
 0.558E+05 0.254E+02
 0.683E+05 0.251E+02
 0.834E+05 0.247E+02
 0.102E+06 0.241E+02
 0.124E+06 0.232E+02
 0.152E+06 0.222E+02
 0.186E+06 0.211E+02
 0.227E+06 0.199E+02
 0.277E+06 0.187E+02
 0.336E+06 0.175E+02
 0.406E+06 0.163E+02
 0.491E+06 0.152E+02
 0.597E+06 0.142E+02
 0.728E+06 0.134E+02
 0.890E+06 0.127E+02
 0.109E+07 0.122E+02
 0.133E+07 0.118E+02
 0.162E+07 0.114E+02
 0.198E+07 0.112E+02
 0.241E+07 0.110E+02
 0.294E+07 0.109E+02
 0.359E+07 0.108E+02
 0.438E+07 0.107E+02
 0.535E+07 0.107E+02
 0.653E+07 0.106E+02
 0.797E+07 0.106E+02
 0.974E+07 0.106E+02
 0.119E+08 0.106E+02
 0.145E+08 0.105E+02
 0.177E+08 0.105E+02
 0.217E+08 0.105E+02
 0.264E+08 0.105E+02
 0.323E+08 0.105E+02
 0.394E+08 0.105E+02
 0.482E+08 0.106E+02
 0.588E+08 0.106E+02
 0.719E+08 0.106E+02
 0.878E+08 0.106E+02
 0.107E+09 0.106E+02
 0.131E+09 0.107E+02
 0.160E+09 0.107E+02
 0.195E+09 0.107E+02
 0.238E+09 0.108E+02
 0.291E+09 0.108E+02
 0.356E+09 0.109E+02
 0.434E+09 0.109E+02
 0.530E+09 0.110E+02
 0.648E+09 0.110E+02
 0.791E+09 0.111E+02
 0.966E+09 0.112E+02
 0.118E+10 0.112E+02
 0.144E+10 0.113E+02
 0.176E+10 0.114E+02
 0.215E+10 0.115E+02
 0.262E+10 0.116E+02
 0.320E+10 0.117E+02
 0.391E+10 0.118E+02
 0.478E+10 0.119E+02
 0.584E+10 0.120E+02
 0.713E+10 0.122E+02
 0.871E+10 0.123E+02
 0.106E+11 0.124E+02
 0.130E+11 0.126E+02
 0.159E+11 0.127E+02
 0.194E+11 0.129E+02
 0.237E+11 0.130E+02
 0.289E+11 0.132E+02
 0.353E+11 0.133E+02
 0.431E+11 0.135E+02
 0.526E+11 0.137E+02
 0.643E+11 0.139E+02
 0.785E+11 0.141E+02
 0.959E+11 0.143E+02
 0.117E+12 0.145E+02
 0.143E+12 0.147E+02
 0.175E+12 0.150E+02
 0.213E+12 0.152E+02
 0.260E+12 0.155E+02
 0.316E+12 0.160E+02
 0.384E+12 0.166E+02
 0.468E+12 0.174E+02
 0.570E+12 0.183E+02
 0.696E+12 0.196E+02
 0.850E+12 0.213E+02
 0.104E+13 0.235E+02
 0.127E+13 0.261E+02
 0.155E+13 0.292E+02
 0.189E+13 0.329E+02
 0.231E+13 0.372E+02
 0.282E+13 0.421E+02
 0.345E+13 0.478E+02
 0.421E+13 0.542E+02
 0.514E+13 0.613E+02
 0.628E+13 0.689E+02
 0.767E+13 0.770E+02
 0.937E+13 0.853E+02
 0.114E+14 0.939E+02
 0.140E+14 0.103E+03
 0.171E+14 0.112E+03
 0.209E+14 0.121E+03
 0.255E+14 0.131E+03
 0.311E+14 0.141E+03
 0.380E+14 0.152E+03
 0.464E+14 0.164E+03
 0.567E+14 0.176E+03
 0.692E+14 0.189E+03
 0.846E+14 0.204E+03
