 0.100E+00 0.300E+03
 0.100E+00 0.300E+03
 0.100E+00 0.300E+03
 0.100E+00 0.300E+03
 0.100E+00 0.300E+03
 0.100E+00 0.300E+03
 0.100E+00 0.300E+03
 0.100E+00 0.300E+03
 0.100E+00 0.300E+03
 0.100E+00 0.300E+03
 0.100E+00 0.300E+03
 0.100E+00 0.300E+03
 0.100E+00 0.300E+03
 0.100E+00 0.300E+03
 0.100E+00 0.300E+03
 0.101E+00 0.303E+03
 0.110E+00 0.319E+03
 0.134E+00 0.365E+03
 0.164E+00 0.417E+03
 0.200E+00 0.477E+03
 0.245E+00 0.544E+03
 0.299E+00 0.621E+03
 0.365E+00 0.707E+03
 0.446E+00 0.802E+03
 0.544E+00 0.904E+03
 0.665E+00 0.101E+04
 0.812E+00 0.111E+04
 0.992E+00 0.119E+04
 0.121E+01 0.124E+04
 0.148E+01 0.124E+04
 0.181E+01 0.121E+04
 0.221E+01 0.115E+04
 0.269E+01 0.107E+04
 0.326E+01 0.998E+03
 0.393E+01 0.925E+03
 0.472E+01 0.857E+03
 0.568E+01 0.794E+03
 0.683E+01 0.735E+03
 0.822E+01 0.682E+03
 0.990E+01 0.632E+03
 0.120E+02 0.587E+03
 0.145E+02 0.547E+03
 0.175E+02 0.509E+03
 0.213E+02 0.475E+03
 0.260E+02 0.445E+03
 0.318E+02 0.418E+03
 0.388E+02 0.393E+03
 0.474E+02 0.372E+03
 0.579E+02 0.353E+03
 0.708E+02 0.336E+03
 0.864E+02 0.321E+03
 0.106E+03 0.307E+03
 0.129E+03 0.295E+03
 0.157E+03 0.285E+03
 0.192E+03 0.275E+03
 0.235E+03 0.266E+03
 0.287E+03 0.258E+03
 0.350E+03 0.250E+03
 0.428E+03 0.243E+03
 0.522E+03 0.237E+03
 0.638E+03 0.231E+03
 0.779E+03 0.225E+03
 0.951E+03 0.219E+03
 0.116E+04 0.215E+03
 0.142E+04 0.210E+03
 0.173E+04 0.206E+03
 0.211E+04 0.202E+03
 0.258E+04 0.199E+03
 0.315E+04 0.196E+03
 0.385E+04 0.193E+03
 0.470E+04 0.191E+03
 0.573E+04 0.189E+03
 0.700E+04 0.187E+03
 0.855E+04 0.186E+03
 0.104E+05 0.185E+03
 0.127E+05 0.184E+03
 0.156E+05 0.183E+03
 0.190E+05 0.183E+03
 0.232E+05 0.183E+03
 0.283E+05 0.183E+03
 0.346E+05 0.183E+03
 0.422E+05 0.184E+03
 0.515E+05 0.185E+03
 0.629E+05 0.186E+03
 0.767E+05 0.188E+03
 0.937E+05 0.190E+03
 0.114E+06 0.193E+03
 0.140E+06 0.196E+03
 0.170E+06 0.199E+03
 0.208E+06 0.203E+03
 0.254E+06 0.208E+03
 0.309E+06 0.213E+03
 0.378E+06 0.219E+03
 0.461E+06 0.225E+03
 0.562E+06 0.233E+03
 0.686E+06 0.241E+03
 0.838E+06 0.250E+03
 0.102E+07 0.259E+03
 0.125E+07 0.269E+03
 0.153E+07 0.279E+03
 0.186E+07 0.290E+03
 0.228E+07 0.301E+03
 0.278E+07 0.312E+03
 0.340E+07 0.323E+03
 0.415E+07 0.334E+03
 0.508E+07 0.345E+03
 0.620E+07 0.357E+03
 0.758E+07 0.368E+03
 0.926E+07 0.380E+03
 0.113E+08 0.391E+03
 0.138E+08 0.403E+03
 0.169E+08 0.415E+03
 0.206E+08 0.427E+03
 0.252E+08 0.439E+03
 0.308E+08 0.451E+03
 0.376E+08 0.462E+03
 0.460E+08 0.474E+03
 0.561E+08 0.486E+03
 0.686E+08 0.498E+03
 0.838E+08 0.509E+03
 0.102E+09 0.521E+03
 0.125E+09 0.531E+03
 0.153E+09 0.539E+03
 0.187E+09 0.545E+03
 0.229E+09 0.552E+03
 0.279E+09 0.559E+03
 0.341E+09 0.566E+03
 0.417E+09 0.573E+03
 0.509E+09 0.579E+03
 0.622E+09 0.585E+03
 0.759E+09 0.591E+03
 0.928E+09 0.597E+03
 0.113E+10 0.602E+03
 0.138E+10 0.607E+03
 0.169E+10 0.612E+03
 0.206E+10 0.618E+03
 0.252E+10 0.626E+03
 0.308E+10 0.634E+03
 0.375E+10 0.646E+03
 0.458E+10 0.660E+03
 0.559E+10 0.677E+03
 0.683E+10 0.697E+03
 0.834E+10 0.721E+03
 0.102E+11 0.747E+03
 0.124E+11 0.775E+03
 0.152E+11 0.805E+03
 0.186E+11 0.835E+03
 0.227E+11 0.866E+03
 0.278E+11 0.897E+03
 0.340E+11 0.928E+03
 0.415E+11 0.958E+03
 0.508E+11 0.987E+03
 0.621E+11 0.102E+04
 0.759E+11 0.104E+04
 0.927E+11 0.107E+04
 0.113E+12 0.109E+04
 0.138E+12 0.111E+04
 0.169E+12 0.113E+04
 0.207E+12 0.115E+04
 0.252E+12 0.116E+04
 0.308E+12 0.117E+04
 0.376E+12 0.118E+04
 0.460E+12 0.119E+04
 0.561E+12 0.120E+04
 0.686E+12 0.121E+04
 0.837E+12 0.121E+04
 0.102E+13 0.121E+04
 0.125E+13 0.121E+04
 0.152E+13 0.121E+04
 0.186E+13 0.122E+04
 0.227E+13 0.121E+04
 0.278E+13 0.121E+04
 0.340E+13 0.121E+04
 0.415E+13 0.120E+04
 0.507E+13 0.119E+04
 0.619E+13 0.118E+04
 0.757E+13 0.117E+04
 0.925E+13 0.115E+04
 0.112E+14 0.114E+04
 0.137E+14 0.117E+04
 0.167E+14 0.119E+04
 0.204E+14 0.121E+04
 0.250E+14 0.123E+04
 0.305E+14 0.124E+04
 0.373E+14 0.126E+04
 0.456E+14 0.128E+04
 0.557E+14 0.129E+04
 0.680E+14 0.131E+04
 0.831E+14 0.132E+04
 0.101E+15 0.133E+04
