 0.100E+00 0.300E+03
 0.100E+00 0.300E+03
 0.100E+00 0.300E+03
 0.100E+00 0.300E+03
 0.100E+00 0.300E+03
 0.100E+00 0.300E+03
 0.100E+00 0.300E+03
 0.100E+00 0.300E+03
 0.100E+00 0.300E+03
 0.100E+00 0.300E+03
 0.100E+00 0.300E+03
 0.100E+00 0.300E+03
 0.100E+00 0.300E+03
 0.100E+00 0.300E+03
 0.100E+00 0.302E+03
 0.108E+00 0.362E+03
 0.125E+00 0.486E+03
 0.152E+00 0.665E+03
 0.186E+00 0.868E+03
 0.227E+00 0.109E+04
 0.277E+00 0.134E+04
 0.338E+00 0.162E+04
 0.413E+00 0.193E+04
 0.504E+00 0.227E+04
 0.616E+00 0.266E+04
 0.752E+00 0.310E+04
 0.919E+00 0.359E+04
 0.112E+01 0.415E+04
 0.137E+01 0.478E+04
 0.167E+01 0.549E+04
 0.204E+01 0.628E+04
 0.250E+01 0.711E+04
 0.305E+01 0.770E+04
 0.373E+01 0.784E+04
 0.426E+01 0.691E+04
 0.454E+01 0.585E+04
 0.474E+01 0.493E+04
 0.496E+01 0.417E+04
 0.525E+01 0.358E+04
 0.570E+01 0.313E+04
 0.647E+01 0.281E+04
 0.760E+01 0.257E+04
 0.898E+01 0.235E+04
 0.105E+02 0.214E+04
 0.123E+02 0.194E+04
 0.144E+02 0.176E+04
 0.167E+02 0.160E+04
 0.195E+02 0.145E+04
 0.227E+02 0.132E+04
 0.264E+02 0.119E+04
 0.307E+02 0.108E+04
 0.357E+02 0.980E+03
 0.415E+02 0.887E+03
 0.481E+02 0.802E+03
 0.557E+02 0.724E+03
 0.644E+02 0.654E+03
 0.744E+02 0.590E+03
 0.859E+02 0.532E+03
 0.992E+02 0.480E+03
 0.115E+03 0.433E+03
 0.133E+03 0.391E+03
 0.153E+03 0.353E+03
 0.178E+03 0.320E+03
 0.207E+03 0.289E+03
 0.241E+03 0.262E+03
 0.281E+03 0.238E+03
 0.327E+03 0.216E+03
 0.383E+03 0.197E+03
 0.447E+03 0.179E+03
 0.523E+03 0.162E+03
 0.609E+03 0.147E+03
 0.707E+03 0.133E+03
 0.814E+03 0.120E+03
 0.928E+03 0.107E+03
 0.105E+04 0.948E+02
 0.117E+04 0.834E+02
 0.129E+04 0.730E+02
 0.142E+04 0.638E+02
 0.156E+04 0.558E+02
 0.174E+04 0.492E+02
 0.196E+04 0.438E+02
 0.225E+04 0.395E+02
 0.266E+04 0.363E+02
 0.323E+04 0.340E+02
 0.395E+04 0.324E+02
 0.482E+04 0.313E+02
 0.588E+04 0.304E+02
 0.718E+04 0.296E+02
 0.877E+04 0.289E+02
 0.107E+05 0.283E+02
 0.131E+05 0.278E+02
 0.159E+05 0.274E+02
 0.194E+05 0.270E+02
 0.237E+05 0.268E+02
 0.290E+05 0.267E+02
 0.353E+05 0.267E+02
 0.431E+05 0.267E+02
 0.526E+05 0.269E+02
 0.641E+05 0.272E+02
 0.782E+05 0.277E+02
 0.954E+05 0.282E+02
 0.116E+06 0.289E+02
 0.142E+06 0.298E+02
 0.173E+06 0.308E+02
 0.211E+06 0.320E+02
 0.258E+06 0.333E+02
 0.315E+06 0.348E+02
 0.385E+06 0.362E+02
 0.471E+06 0.377E+02
 0.576E+06 0.391E+02
 0.704E+06 0.403E+02
 0.860E+06 0.415E+02
 0.105E+07 0.428E+02
 0.128E+07 0.443E+02
 0.157E+07 0.459E+02
 0.191E+07 0.476E+02
 0.234E+07 0.494E+02
 0.285E+07 0.513E+02
 0.349E+07 0.535E+02
 0.426E+07 0.557E+02
 0.520E+07 0.581E+02
 0.636E+07 0.606E+02
 0.777E+07 0.632E+02
 0.949E+07 0.658E+02
 0.116E+08 0.684E+02
 0.142E+08 0.711E+02
 0.173E+08 0.738E+02
 0.212E+08 0.765E+02
 0.259E+08 0.792E+02
 0.316E+08 0.819E+02
 0.386E+08 0.846E+02
 0.472E+08 0.874E+02
 0.577E+08 0.901E+02
 0.704E+08 0.928E+02
 0.861E+08 0.954E+02
 0.105E+09 0.978E+02
 0.129E+09 0.999E+02
 0.157E+09 0.102E+03
 0.192E+09 0.103E+03
 0.235E+09 0.104E+03
 0.287E+09 0.104E+03
 0.351E+09 0.103E+03
 0.430E+09 0.102E+03
 0.526E+09 0.994E+02
 0.642E+09 0.961E+02
 0.784E+09 0.912E+02
 0.944E+09 0.853E+02
 0.112E+10 0.792E+02
 0.131E+10 0.731E+02
 0.154E+10 0.671E+02
 0.180E+10 0.615E+02
 0.210E+10 0.563E+02
 0.248E+10 0.517E+02
 0.294E+10 0.476E+02
 0.352E+10 0.441E+02
 0.428E+10 0.412E+02
 0.522E+10 0.389E+02
 0.638E+10 0.371E+02
 0.779E+10 0.359E+02
 0.950E+10 0.349E+02
 0.116E+11 0.342E+02
 0.141E+11 0.336E+02
 0.173E+11 0.331E+02
 0.210E+11 0.329E+02
 0.257E+11 0.327E+02
 0.313E+11 0.327E+02
 0.382E+11 0.328E+02
 0.467E+11 0.330E+02
 0.570E+11 0.332E+02
 0.695E+11 0.335E+02
 0.849E+11 0.339E+02
 0.104E+12 0.344E+02
 0.127E+12 0.348E+02
 0.155E+12 0.353E+02
 0.189E+12 0.359E+02
 0.230E+12 0.365E+02
 0.281E+12 0.371E+02
 0.344E+12 0.377E+02
 0.420E+12 0.384E+02
 0.513E+12 0.391E+02
 0.626E+12 0.398E+02
 0.764E+12 0.405E+02
 0.934E+12 0.413E+02
 0.114E+13 0.421E+02
 0.139E+13 0.429E+02
 0.170E+13 0.437E+02
 0.208E+13 0.446E+02
 0.254E+13 0.454E+02
 0.310E+13 0.463E+02
 0.379E+13 0.472E+02
 0.462E+13 0.482E+02
 0.565E+13 0.491E+02
 0.688E+13 0.503E+02
 0.837E+13 0.519E+02
 0.102E+14 0.541E+02
 0.124E+14 0.567E+02
 0.151E+14 0.601E+02
 0.185E+14 0.646E+02
 0.225E+14 0.700E+02
 0.275E+14 0.763E+02
 0.336E+14 0.831E+02
 0.411E+14 0.904E+02
 0.502E+14 0.982E+02
 0.613E+14 0.106E+03
 0.748E+14 0.115E+03
 0.914E+14 0.124E+03
