 0.100E+00 0.300E+03
 0.100E+00 0.300E+03
 0.100E+00 0.300E+03
 0.100E+00 0.300E+03
 0.100E+00 0.300E+03
 0.100E+00 0.300E+03
 0.100E+00 0.300E+03
 0.100E+00 0.300E+03
 0.100E+00 0.300E+03
 0.100E+00 0.300E+03
 0.100E+00 0.300E+03
 0.100E+00 0.300E+03
 0.100E+00 0.300E+03
 0.100E+00 0.300E+03
 0.100E+00 0.300E+03
 0.101E+00 0.302E+03
 0.108E+00 0.315E+03
 0.131E+00 0.359E+03
 0.160E+00 0.410E+03
 0.195E+00 0.469E+03
 0.238E+00 0.535E+03
 0.291E+00 0.611E+03
 0.356E+00 0.695E+03
 0.434E+00 0.789E+03
 0.531E+00 0.890E+03
 0.648E+00 0.996E+03
 0.792E+00 0.110E+04
 0.967E+00 0.118E+04
 0.118E+01 0.123E+04
 0.144E+01 0.124E+04
 0.176E+01 0.121E+04
 0.215E+01 0.116E+04
 0.263E+01 0.108E+04
 0.318E+01 0.101E+04
 0.383E+01 0.934E+03
 0.461E+01 0.865E+03
 0.554E+01 0.801E+03
 0.667E+01 0.742E+03
 0.802E+01 0.688E+03
 0.966E+01 0.638E+03
 0.117E+02 0.592E+03
 0.141E+02 0.551E+03
 0.171E+02 0.513E+03
 0.208E+02 0.479E+03
 0.254E+02 0.448E+03
 0.310E+02 0.420E+03
 0.378E+02 0.396E+03
 0.462E+02 0.374E+03
 0.564E+02 0.354E+03
 0.689E+02 0.337E+03
 0.842E+02 0.322E+03
 0.103E+03 0.308E+03
 0.126E+03 0.296E+03
 0.153E+03 0.285E+03
 0.187E+03 0.275E+03
 0.229E+03 0.266E+03
 0.279E+03 0.258E+03
 0.341E+03 0.250E+03
 0.417E+03 0.243E+03
 0.509E+03 0.236E+03
 0.621E+03 0.230E+03
 0.759E+03 0.224E+03
 0.926E+03 0.219E+03
 0.113E+04 0.214E+03
 0.138E+04 0.209E+03
 0.169E+04 0.205E+03
 0.206E+04 0.201E+03
 0.251E+04 0.197E+03
 0.307E+04 0.194E+03
 0.375E+04 0.191E+03
 0.458E+04 0.188E+03
 0.559E+04 0.186E+03
 0.682E+04 0.184E+03
 0.833E+04 0.182E+03
 0.102E+05 0.180E+03
 0.124E+05 0.179E+03
 0.152E+05 0.178E+03
 0.185E+05 0.177E+03
 0.226E+05 0.176E+03
 0.276E+05 0.175E+03
 0.337E+05 0.174E+03
 0.412E+05 0.174E+03
 0.503E+05 0.174E+03
 0.614E+05 0.173E+03
 0.749E+05 0.174E+03
 0.915E+05 0.174E+03
 0.112E+06 0.174E+03
 0.136E+06 0.175E+03
 0.167E+06 0.176E+03
 0.203E+06 0.177E+03
 0.248E+06 0.178E+03
 0.303E+06 0.179E+03
 0.370E+06 0.180E+03
 0.452E+06 0.182E+03
 0.552E+06 0.183E+03
 0.674E+06 0.185E+03
 0.824E+06 0.187E+03
 0.101E+07 0.189E+03
 0.123E+07 0.191E+03
 0.150E+07 0.193E+03
 0.183E+07 0.195E+03
 0.224E+07 0.197E+03
 0.273E+07 0.199E+03
 0.333E+07 0.202E+03
 0.406E+07 0.206E+03
 0.496E+07 0.211E+03
 0.606E+07 0.216E+03
 0.741E+07 0.221E+03
 0.905E+07 0.225E+03
 0.111E+08 0.230E+03
 0.135E+08 0.234E+03
 0.165E+08 0.238E+03
 0.202E+08 0.242E+03
 0.246E+08 0.247E+03
 0.301E+08 0.250E+03
 0.368E+08 0.254E+03
 0.449E+08 0.259E+03
 0.548E+08 0.263E+03
 0.670E+08 0.267E+03
 0.818E+08 0.272E+03
 0.999E+08 0.276E+03
 0.122E+09 0.281E+03
 0.149E+09 0.287E+03
 0.182E+09 0.293E+03
 0.222E+09 0.299E+03
 0.271E+09 0.306E+03
 0.331E+09 0.313E+03
 0.404E+09 0.321E+03
 0.493E+09 0.329E+03
 0.603E+09 0.339E+03
 0.736E+09 0.348E+03
 0.899E+09 0.358E+03
 0.110E+10 0.369E+03
 0.134E+10 0.380E+03
 0.164E+10 0.391E+03
 0.200E+10 0.402E+03
 0.244E+10 0.414E+03
 0.298E+10 0.427E+03
 0.364E+10 0.441E+03
 0.443E+10 0.459E+03
 0.540E+10 0.481E+03
 0.659E+10 0.507E+03
 0.805E+10 0.536E+03
 0.984E+10 0.568E+03
 0.120E+11 0.602E+03
 0.147E+11 0.637E+03
 0.180E+11 0.671E+03
 0.220E+11 0.705E+03
 0.269E+11 0.741E+03
 0.330E+11 0.774E+03
 0.403E+11 0.805E+03
 0.493E+11 0.835E+03
 0.603E+11 0.863E+03
 0.737E+11 0.889E+03
 0.901E+11 0.913E+03
 0.110E+12 0.935E+03
 0.135E+12 0.953E+03
 0.165E+12 0.967E+03
 0.201E+12 0.979E+03
 0.246E+12 0.985E+03
 0.301E+12 0.988E+03
 0.368E+12 0.986E+03
 0.449E+12 0.978E+03
 0.549E+12 0.965E+03
 0.671E+12 0.946E+03
 0.820E+12 0.917E+03
 0.100E+13 0.877E+03
 0.122E+13 0.828E+03
 0.149E+13 0.772E+03
 0.182E+13 0.712E+03
 0.223E+13 0.652E+03
 0.272E+13 0.594E+03
 0.333E+13 0.540E+03
 0.406E+13 0.492E+03
 0.496E+13 0.450E+03
 0.606E+13 0.413E+03
 0.740E+13 0.383E+03
 0.904E+13 0.358E+03
 0.110E+14 0.337E+03
 0.135E+14 0.320E+03
 0.165E+14 0.307E+03
 0.201E+14 0.297E+03
 0.245E+14 0.289E+03
 0.300E+14 0.282E+03
 0.366E+14 0.276E+03
 0.446E+14 0.271E+03
 0.544E+14 0.267E+03
 0.664E+14 0.264E+03
 0.811E+14 0.262E+03
 0.989E+14 0.261E+03
