 0.100E+00 0.300E+03
 0.100E+00 0.300E+03
 0.100E+00 0.300E+03
 0.100E+00 0.300E+03
 0.100E+00 0.300E+03
 0.100E+00 0.300E+03
 0.100E+00 0.300E+03
 0.100E+00 0.300E+03
 0.100E+00 0.300E+03
 0.100E+00 0.300E+03
 0.100E+00 0.300E+03
 0.100E+00 0.300E+03
 0.100E+00 0.300E+03
 0.100E+00 0.300E+03
 0.100E+00 0.300E+03
 0.101E+00 0.301E+03
 0.105E+00 0.309E+03
 0.124E+00 0.346E+03
 0.152E+00 0.394E+03
 0.186E+00 0.449E+03
 0.227E+00 0.511E+03
 0.277E+00 0.580E+03
 0.338E+00 0.657E+03
 0.413E+00 0.742E+03
 0.505E+00 0.833E+03
 0.616E+00 0.927E+03
 0.753E+00 0.102E+04
 0.920E+00 0.109E+04
 0.112E+01 0.114E+04
 0.137E+01 0.115E+04
 0.168E+01 0.113E+04
 0.205E+01 0.108E+04
 0.250E+01 0.102E+04
 0.303E+01 0.948E+03
 0.365E+01 0.879E+03
 0.439E+01 0.813E+03
 0.525E+01 0.751E+03
 0.628E+01 0.693E+03
 0.751E+01 0.639E+03
 0.897E+01 0.590E+03
 0.107E+02 0.544E+03
 0.128E+02 0.502E+03
 0.153E+02 0.464E+03
 0.184E+02 0.429E+03
 0.221E+02 0.397E+03
 0.265E+02 0.367E+03
 0.319E+02 0.341E+03
 0.385E+02 0.316E+03
 0.466E+02 0.294E+03
 0.565E+02 0.274E+03
 0.687E+02 0.256E+03
 0.837E+02 0.239E+03
 0.102E+03 0.224E+03
 0.125E+03 0.210E+03
 0.152E+03 0.197E+03
 0.186E+03 0.186E+03
 0.227E+03 0.175E+03
 0.278E+03 0.165E+03
 0.339E+03 0.155E+03
 0.414E+03 0.145E+03
 0.505E+03 0.136E+03
 0.610E+03 0.126E+03
 0.732E+03 0.116E+03
 0.870E+03 0.107E+03
 0.102E+04 0.973E+02
 0.119E+04 0.882E+02
 0.138E+04 0.796E+02
 0.159E+04 0.716E+02
 0.182E+04 0.644E+02
 0.210E+04 0.581E+02
 0.244E+04 0.526E+02
 0.285E+04 0.480E+02
 0.338E+04 0.441E+02
 0.408E+04 0.410E+02
 0.498E+04 0.386E+02
 0.608E+04 0.370E+02
 0.742E+04 0.359E+02
 0.906E+04 0.349E+02
 0.111E+05 0.342E+02
 0.135E+05 0.336E+02
 0.165E+05 0.331E+02
 0.201E+05 0.327E+02
 0.245E+05 0.323E+02
 0.300E+05 0.320E+02
 0.366E+05 0.318E+02
 0.447E+05 0.315E+02
 0.545E+05 0.314E+02
 0.666E+05 0.312E+02
 0.813E+05 0.312E+02
 0.992E+05 0.312E+02
 0.121E+06 0.313E+02
 0.148E+06 0.315E+02
 0.180E+06 0.319E+02
 0.220E+06 0.324E+02
 0.268E+06 0.331E+02
 0.327E+06 0.340E+02
 0.398E+06 0.352E+02
 0.486E+06 0.365E+02
 0.592E+06 0.381E+02
 0.723E+06 0.400E+02
 0.883E+06 0.420E+02
 0.108E+07 0.441E+02
 0.132E+07 0.465E+02
 0.161E+07 0.489E+02
 0.197E+07 0.514E+02
 0.240E+07 0.540E+02
 0.294E+07 0.568E+02
 0.359E+07 0.596E+02
 0.439E+07 0.624E+02
 0.537E+07 0.652E+02
 0.657E+07 0.680E+02
 0.803E+07 0.708E+02
 0.981E+07 0.736E+02
 0.120E+08 0.763E+02
 0.147E+08 0.790E+02
 0.179E+08 0.816E+02
 0.219E+08 0.842E+02
 0.267E+08 0.868E+02
 0.327E+08 0.894E+02
 0.399E+08 0.919E+02
 0.488E+08 0.944E+02
 0.596E+08 0.969E+02
 0.728E+08 0.993E+02
 0.890E+08 0.102E+03
 0.109E+09 0.104E+03
 0.133E+09 0.106E+03
 0.162E+09 0.107E+03
 0.198E+09 0.108E+03
 0.243E+09 0.109E+03
 0.297E+09 0.108E+03
 0.363E+09 0.107E+03
 0.444E+09 0.105E+03
 0.543E+09 0.103E+03
 0.663E+09 0.986E+02
 0.807E+09 0.929E+02
 0.964E+09 0.866E+02
 0.114E+10 0.802E+02
 0.133E+10 0.738E+02
 0.154E+10 0.676E+02
 0.180E+10 0.618E+02
 0.210E+10 0.565E+02
 0.247E+10 0.518E+02
 0.292E+10 0.477E+02
 0.349E+10 0.441E+02
 0.423E+10 0.411E+02
 0.516E+10 0.387E+02
 0.631E+10 0.369E+02
 0.770E+10 0.357E+02
 0.940E+10 0.347E+02
 0.115E+11 0.340E+02
 0.140E+11 0.334E+02
 0.171E+11 0.330E+02
 0.208E+11 0.327E+02
 0.254E+11 0.326E+02
 0.310E+11 0.326E+02
 0.378E+11 0.327E+02
 0.461E+11 0.329E+02
 0.563E+11 0.332E+02
 0.687E+11 0.335E+02
 0.839E+11 0.339E+02
 0.102E+12 0.343E+02
 0.125E+12 0.348E+02
 0.153E+12 0.353E+02
 0.187E+12 0.358E+02
 0.228E+12 0.364E+02
 0.278E+12 0.370E+02
 0.340E+12 0.377E+02
 0.415E+12 0.383E+02
 0.507E+12 0.390E+02
 0.619E+12 0.398E+02
 0.756E+12 0.405E+02
 0.923E+12 0.413E+02
 0.113E+13 0.420E+02
 0.138E+13 0.428E+02
 0.168E+13 0.437E+02
 0.205E+13 0.445E+02
 0.251E+13 0.454E+02
 0.306E+13 0.463E+02
 0.374E+13 0.472E+02
 0.457E+13 0.481E+02
 0.558E+13 0.491E+02
 0.680E+13 0.502E+02
 0.827E+13 0.518E+02
 0.101E+14 0.539E+02
 0.122E+14 0.565E+02
 0.149E+14 0.598E+02
 0.182E+14 0.643E+02
 0.223E+14 0.697E+02
 0.272E+14 0.759E+02
 0.332E+14 0.827E+02
 0.406E+14 0.900E+02
 0.496E+14 0.977E+02
 0.606E+14 0.106E+03
 0.740E+14 0.114E+03
 0.904E+14 0.123E+03
