 0.100E+00 0.300E+04 0.100E+02 0.449E-13
 0.100E+00 0.300E+04 0.100E+02 0.449E-13
 0.100E+00 0.300E+04 0.100E+02 0.449E-13
 0.100E+00 0.300E+04 0.100E+02 0.449E-13
 0.100E+00 0.300E+04 0.100E+02 0.449E-13
 0.100E+00 0.300E+04 0.100E+02 0.449E-13
 0.100E+00 0.300E+04 0.100E+02 0.449E-13
 0.100E+00 0.300E+04 0.100E+02 0.449E-13
 0.100E+00 0.300E+04 0.100E+02 0.449E-13
 0.100E+00 0.300E+04 0.100E+02 0.449E-13
 0.100E+00 0.300E+04 0.100E+02 0.449E-13
 0.100E+00 0.300E+04 0.100E+02 0.449E-13
 0.100E+00 0.300E+04 0.100E+02 0.449E-13
 0.100E+00 0.300E+04 0.100E+02 0.450E-13
 0.101E+00 0.302E+04 0.100E+02 0.458E-13
 0.115E+00 0.326E+04 0.100E+02 0.558E-13
 0.140E+00 0.367E+04 0.100E+02 0.768E-13
 0.171E+00 0.413E+04 0.100E+02 0.106E-12
 0.209E+00 0.464E+04 0.100E+02 0.145E-12
 0.255E+00 0.521E+04 0.100E+02 0.199E-12
 0.311E+00 0.584E+04 0.100E+02 0.272E-12
 0.380E+00 0.653E+04 0.100E+02 0.371E-12
 0.465E+00 0.730E+04 0.100E+02 0.507E-12
 0.568E+00 0.813E+04 0.100E+02 0.690E-12
 0.693E+00 0.899E+04 0.100E+02 0.932E-12
 0.847E+00 0.978E+04 0.100E+02 0.124E-11
 0.103E+01 0.102E+05 0.100E+02 0.158E-11
 0.126E+01 0.102E+05 0.100E+02 0.192E-11
 0.154E+01 0.988E+04 0.100E+02 0.228E-11
 0.188E+01 0.959E+04 0.100E+02 0.270E-11
 0.230E+01 0.936E+04 0.100E+02 0.322E-11
 0.281E+01 0.917E+04 0.100E+02 0.385E-11
 0.343E+01 0.900E+04 0.101E+02 0.462E-11
 0.419E+01 0.886E+04 0.101E+02 0.556E-11
 0.512E+01 0.873E+04 0.101E+02 0.668E-11
 0.626E+01 0.860E+04 0.101E+02 0.805E-11
 0.764E+01 0.848E+04 0.101E+02 0.968E-11
 0.933E+01 0.835E+04 0.101E+02 0.116E-10
 0.114E+02 0.821E+04 0.102E+02 0.140E-10
 0.139E+02 0.807E+04 0.102E+02 0.168E-10
 0.170E+02 0.790E+04 0.102E+02 0.201E-10
 0.208E+02 0.770E+04 0.103E+02 0.239E-10
 0.254E+02 0.745E+04 0.103E+02 0.283E-10
 0.310E+02 0.715E+04 0.103E+02 0.331E-10
 0.378E+02 0.676E+04 0.104E+02 0.382E-10
 0.459E+02 0.628E+04 0.104E+02 0.431E-10
 0.546E+02 0.577E+04 0.104E+02 0.471E-10
 0.639E+02 0.524E+04 0.104E+02 0.500E-10
 0.736E+02 0.470E+04 0.104E+02 0.518E-10
 0.836E+02 0.419E+04 0.104E+02 0.524E-10
 0.940E+02 0.371E+04 0.104E+02 0.521E-10
 0.105E+03 0.325E+04 0.104E+02 0.508E-10
 0.115E+03 0.284E+04 0.103E+02 0.489E-10
 0.126E+03 0.247E+04 0.103E+02 0.465E-10
 0.137E+03 0.213E+04 0.103E+02 0.436E-10
 0.148E+03 0.184E+04 0.102E+02 0.405E-10
 0.158E+03 0.158E+04 0.102E+02 0.373E-10
 0.169E+03 0.135E+04 0.102E+02 0.340E-10
 0.179E+03 0.115E+04 0.101E+02 0.308E-10
 0.190E+03 0.976E+03 0.101E+02 0.277E-10
 0.200E+03 0.828E+03 0.101E+02 0.248E-10
 0.210E+03 0.701E+03 0.101E+02 0.220E-10
 0.220E+03 0.592E+03 0.101E+02 0.195E-10
 0.230E+03 0.500E+03 0.101E+02 0.172E-10
 0.240E+03 0.421E+03 0.100E+02 0.152E-10
 0.251E+03 0.355E+03 0.100E+02 0.133E-10
 0.261E+03 0.299E+03 0.100E+02 0.117E-10
 0.272E+03 0.252E+03 0.100E+02 0.102E-10
 0.283E+03 0.213E+03 0.100E+02 0.900E-11
 0.295E+03 0.179E+03 0.100E+02 0.792E-11
 0.309E+03 0.152E+03 0.100E+02 0.701E-11
 0.324E+03 0.129E+03 0.100E+02 0.624E-11
 0.342E+03 0.110E+03 0.100E+02 0.561E-11
 0.365E+03 0.942E+02 0.100E+02 0.513E-11
 0.394E+03 0.817E+02 0.100E+02 0.482E-11
 0.435E+03 0.718E+02 0.100E+02 0.467E-11
 0.491E+03 0.640E+02 0.100E+02 0.469E-11
 0.565E+03 0.578E+02 0.100E+02 0.489E-11
 0.664E+03 0.529E+02 0.100E+02 0.525E-11
 0.795E+03 0.489E+02 0.100E+02 0.581E-11
 0.967E+03 0.457E+02 0.100E+02 0.661E-11
 0.118E+04 0.434E+02 0.100E+02 0.766E-11
 0.144E+04 0.417E+02 0.100E+02 0.898E-11
 0.176E+04 0.404E+02 0.100E+02 0.106E-10
 0.215E+04 0.394E+02 0.100E+02 0.126E-10
 0.262E+04 0.387E+02 0.100E+02 0.151E-10
 0.319E+04 0.383E+02 0.100E+02 0.182E-10
 0.389E+04 0.381E+02 0.100E+02 0.221E-10
 0.474E+04 0.382E+02 0.100E+02 0.270E-10
 0.578E+04 0.385E+02 0.100E+02 0.332E-10
 0.705E+04 0.390E+02 0.100E+02 0.409E-10
 0.861E+04 0.398E+02 0.100E+02 0.508E-10
 0.105E+05 0.407E+02 0.100E+02 0.632E-10
 0.128E+05 0.417E+02 0.101E+02 0.787E-10
 0.157E+05 0.428E+02 0.101E+02 0.980E-10
 0.192E+05 0.440E+02 0.101E+02 0.122E-09
 0.234E+05 0.452E+02 0.101E+02 0.152E-09
 0.286E+05 0.465E+02 0.101E+02 0.189E-09
 0.350E+05 0.477E+02 0.102E+02 0.234E-09
 0.427E+05 0.489E+02 0.102E+02 0.289E-09
 0.523E+05 0.499E+02 0.103E+02 0.356E-09
 0.639E+05 0.509E+02 0.103E+02 0.437E-09
 0.782E+05 0.516E+02 0.104E+02 0.534E-09
 0.956E+05 0.521E+02 0.105E+02 0.650E-09
 0.117E+06 0.524E+02 0.106E+02 0.786E-09
 0.143E+06 0.523E+02 0.107E+02 0.946E-09
 0.175E+06 0.519E+02 0.108E+02 0.113E-08
 0.214E+06 0.514E+02 0.109E+02 0.135E-08
 0.261E+06 0.507E+02 0.110E+02 0.160E-08
 0.319E+06 0.502E+02 0.112E+02 0.190E-08
 0.390E+06 0.497E+02 0.113E+02 0.225E-08
 0.476E+06 0.494E+02 0.115E+02 0.268E-08
 0.581E+06 0.494E+02 0.117E+02 0.320E-08
 0.709E+06 0.495E+02 0.120E+02 0.382E-08
 0.866E+06 0.497E+02 0.122E+02 0.457E-08
 0.106E+07 0.498E+02 0.125E+02 0.547E-08
 0.129E+07 0.497E+02 0.128E+02 0.651E-08
 0.158E+07 0.495E+02 0.131E+02 0.775E-08
 0.193E+07 0.493E+02 0.134E+02 0.921E-08
 0.236E+07 0.489E+02 0.137E+02 0.109E-07
 0.288E+07 0.483E+02 0.140E+02 0.129E-07
 0.352E+07 0.474E+02 0.143E+02 0.151E-07
 0.430E+07 0.462E+02 0.146E+02 0.177E-07
 0.525E+07 0.449E+02 0.149E+02 0.206E-07
 0.641E+07 0.433E+02 0.151E+02 0.239E-07
 0.783E+07 0.414E+02 0.153E+02 0.275E-07
 0.957E+07 0.393E+02 0.155E+02 0.316E-07
 0.116E+08 0.370E+02 0.157E+02 0.358E-07
 0.141E+08 0.347E+02 0.157E+02 0.402E-07
 0.169E+08 0.322E+02 0.158E+02 0.445E-07
 0.201E+08 0.298E+02 0.157E+02 0.489E-07
 0.239E+08 0.275E+02 0.156E+02 0.534E-07
 0.284E+08 0.253E+02 0.155E+02 0.582E-07
 0.337E+08 0.233E+02 0.153E+02 0.635E-07
 0.401E+08 0.215E+02 0.151E+02 0.697E-07
 0.481E+08 0.199E+02 0.149E+02 0.774E-07
 0.587E+08 0.188E+02 0.147E+02 0.889E-07
 0.717E+08 0.178E+02 0.145E+02 0.103E-06
 0.876E+08 0.170E+02 0.144E+02 0.120E-06
 0.107E+09 0.164E+02 0.143E+02 0.142E-06
 0.131E+09 0.160E+02 0.142E+02 0.168E-06
 0.159E+09 0.156E+02 0.142E+02 0.200E-06
 0.194E+09 0.153E+02 0.141E+02 0.239E-06
 0.237E+09 0.151E+02 0.141E+02 0.288E-06
 0.289E+09 0.149E+02 0.141E+02 0.347E-06
 0.353E+09 0.148E+02 0.141E+02 0.421E-06
 0.431E+09 0.148E+02 0.141E+02 0.512E-06
 0.526E+09 0.148E+02 0.142E+02 0.625E-06
 0.641E+09 0.148E+02 0.143E+02 0.765E-06
 0.783E+09 0.149E+02 0.144E+02 0.938E-06
 0.956E+09 0.150E+02 0.145E+02 0.115E-05
 0.117E+10 0.151E+02 0.147E+02 0.142E-05
 0.142E+10 0.153E+02 0.149E+02 0.175E-05
 0.174E+10 0.154E+02 0.150E+02 0.216E-05
 0.212E+10 0.156E+02 0.152E+02 0.267E-05
 0.259E+10 0.158E+02 0.154E+02 0.330E-05
 0.317E+10 0.160E+02 0.157E+02 0.408E-05
 0.387E+10 0.162E+02 0.159E+02 0.505E-05
 0.472E+10 0.165E+02 0.161E+02 0.626E-05
 0.577E+10 0.167E+02 0.164E+02 0.776E-05
 0.704E+10 0.170E+02 0.167E+02 0.962E-05
 0.860E+10 0.172E+02 0.169E+02 0.119E-04
 0.105E+11 0.175E+02 0.172E+02 0.148E-04
 0.128E+11 0.178E+02 0.175E+02 0.184E-04
 0.157E+11 0.181E+02 0.178E+02 0.228E-04
 0.191E+11 0.184E+02 0.181E+02 0.284E-04
 0.234E+11 0.187E+02 0.184E+02 0.353E-04
 0.285E+11 0.191E+02 0.188E+02 0.438E-04
 0.349E+11 0.194E+02 0.191E+02 0.545E-04
 0.426E+11 0.197E+02 0.194E+02 0.677E-04
 0.521E+11 0.201E+02 0.200E+02 0.842E-04
 0.636E+11 0.204E+02 0.203E+02 0.104E-03
 0.776E+11 0.207E+02 0.207E+02 0.130E-03
 0.948E+11 0.211E+02 0.210E+02 0.161E-03
 0.116E+12 0.215E+02 0.214E+02 0.200E-03
 0.141E+12 0.218E+02 0.218E+02 0.248E-03
 0.173E+12 0.222E+02 0.222E+02 0.309E-03
 0.211E+12 0.226E+02 0.226E+02 0.384E-03
 0.258E+12 0.230E+02 0.230E+02 0.478E-03
 0.315E+12 0.235E+02 0.234E+02 0.595E-03
 0.384E+12 0.239E+02 0.239E+02 0.740E-03
 0.469E+12 0.244E+02 0.243E+02 0.921E-03
 0.573E+12 0.248E+02 0.248E+02 0.115E-02
 0.700E+12 0.253E+02 0.253E+02 0.143E-02
 0.855E+12 0.258E+02 0.257E+02 0.178E-02
 0.104E+13 0.263E+02 0.263E+02 0.221E-02
 0.127E+13 0.268E+02 0.268E+02 0.275E-02
 0.155E+13 0.275E+02 0.274E+02 0.344E-02
 0.189E+13 0.285E+02 0.284E+02 0.433E-02
 0.229E+13 0.298E+02 0.296E+02 0.550E-02
 0.279E+13 0.313E+02 0.311E+02 0.704E-02
 0.341E+13 0.335E+02 0.333E+02 0.921E-02
 0.417E+13 0.365E+02 0.362E+02 0.123E-01
 0.509E+13 0.402E+02 0.398E+02 0.165E-01
 0.622E+13 0.447E+02 0.442E+02 0.224E-01
 0.759E+13 0.499E+02 0.493E+02 0.305E-01
 0.928E+13 0.560E+02 0.554E+02 0.418E-01
 0.113E+14 0.628E+02 0.621E+02 0.573E-01
 0.138E+14 0.702E+02 0.694E+02 0.782E-01
 0.169E+14 0.780E+02 0.772E+02 0.106E+00
 0.206E+14 0.861E+02 0.853E+02 0.143E+00
 0.252E+14 0.945E+02 0.937E+02 0.192E+00
 0.308E+14 0.103E+03 0.102E+03 0.256E+00
 0.376E+14 0.112E+03 0.111E+03 0.339E+00
 0.459E+14 0.121E+03 0.120E+03 0.449E+00
 0.561E+14 0.131E+03 0.130E+03 0.592E+00
 0.685E+14 0.141E+03 0.140E+03 0.779E+00
 0.837E+14 0.152E+03 0.151E+03 0.103E+01
