   10000.0000       7.5300002053258465E-022
   10471.2852       7.6713854621882120E-022
   10964.7822       7.8194347489109969E-022
   11481.5361       7.9503838811004898E-022
   12022.6445       8.0927051199338162E-022
   12589.2539       8.2438011201109800E-022
   13182.5674       8.4083940099575397E-022
   13803.8428       8.5680762752770855E-022
   14454.3975       8.7260679754761265E-022
   15135.6123       8.8963002132659776E-022
   15848.9316       9.0685096978731160E-022
   16595.8691       9.2402688340347672E-022
   17378.0078       9.4186905594537905E-022
   18197.0078       9.5915906642307219E-022
   19054.6074       9.7709216369202907E-022
   19952.6230       9.9484195290934100E-022
   20892.9609       1.0098874232477893E-021
   21877.6172       1.0277748702219642E-021
   22908.6758       1.0547821070427410E-021
   23988.3301       1.0748055180735772E-021
   25118.8652       1.0925979069580361E-021
   26302.6797       1.1108104542270950E-021
   27542.2871       1.1291755363548153E-021
   28840.3145       1.1508062872858543E-021
   30199.5176       1.1749939829380189E-021
   31622.7773       1.1927847075748507E-021
   33113.1133       9.3801055451950034E-021
   34673.6836       1.2209917758329824E-019
   36307.8047       1.1953387496087555E-019
   38018.9414       1.1260445689457277E-019
   39810.7188       1.0394640618248937E-019
   41686.9375       9.3512363899971906E-020
   43651.5820       8.1269119854776446E-020
   45708.8203       6.7693885850705305E-020
   47863.0078       5.4227158389726454E-020
   50118.7227       4.2205649743552640E-020
   52480.7461       3.2095372679386754E-020
   54954.0859       2.4191827357284977E-020
   57543.9922       1.9012015021663620E-020
   60255.9570       1.5552851068938382E-020
   63095.7344       1.3608649561723953E-020
   66069.3438       1.2856547702267573E-020
   69183.0938       1.3209454937947693E-020
   72443.5938       1.4659530784787437E-020
   75857.7578       1.7194869376204787E-020
   79432.8203       2.0957823024364130E-020
   83176.3750       2.6364122871958752E-020
   87096.3594       3.3517856530176362E-020
   91201.0859       4.2798107594368081E-020
   95499.2578       5.4666661166010671E-020
   100000.000       6.8257140691038099E-020
   104712.852       8.5848231745970779E-020
   109647.820       1.0900388602794026E-019
   114815.359       1.3601525537714990E-019
   120226.445       1.6672974929718598E-019
   125892.539       2.0162559803566892E-019
   131825.672       2.3889765759997628E-019
   138038.422       2.8330736924056277E-019
   144543.984       3.3535186758895774E-019
   151356.125       3.8905448809582574E-019
   158489.312       4.5003149391476294E-019
   165958.688       5.1910754863697962E-019
   173780.078       5.9048960336854624E-019
   181970.078       6.6095165725702596E-019
   190546.078       7.3289626641815552E-019
   199526.234       8.1012561352061266E-019
   208929.609       8.9009883496875431E-019
   218776.156       9.6529063351315995E-019
   229086.766       1.0431092412536975E-018
   239883.297       1.1076525379327340E-018
   251188.641       1.1624091193655529E-018
   263026.812       1.2086671952413279E-018
   275422.875       1.2437632875186662E-018
   288403.156       1.2636020746638059E-018
   301995.188       1.2699999661595622E-018
   316227.781       1.2605064983311407E-018
   331131.125       1.2173385312741889E-018
   346736.844       1.1806192179334800E-018
   363078.062       1.1376892775762212E-018
   380189.406       1.0702551297618278E-018
   398107.156       1.0008481415387661E-018
   416869.375       9.2752246817718186E-019
   436515.844       8.3247702029121123E-019
   457088.188       7.3486715382359196E-019
   478630.094       6.6284450747918436E-019
   501187.219       5.9411627315129672E-019
   524807.438       5.2357880127897429E-019
   549540.875       4.7676189611215784E-019
   575439.938       4.3186218378779893E-019
   602559.562       4.0294441167631352E-019
   630957.375       3.9091942476149762E-019
   660693.438       3.9389781465699762E-019
   691831.000       4.1483100867506186E-019
   724435.938       4.5314976349375641E-019
   758577.562       5.0863401478998920E-019
   794328.250       5.8373580429928232E-019
   831763.750       6.7449167670233094E-019
   870963.562       7.9654562008339564E-019
   912010.812       9.0267965041802950E-019
   954992.562       9.7798833776752308E-019
   1000000.00       1.0182353275683818E-018
   1047128.56       1.0245743166530917E-018
   1096478.25       9.9396308582132325E-019
   1148153.62       9.3740030936814850E-019
   1202264.38       8.6521665457100878E-019
   1258925.38       7.8528953965191169E-019
   1318256.75       7.1409190286618969E-019
   1380384.25       6.4730259180598418E-019
   1445439.75       5.8393622034131639E-019
   1513561.25       5.3250711894538937E-019
   1584893.25       4.8650288288345903E-019
   1659586.88       4.4520655806512522E-019
   1737800.88       4.1071966881824234E-019
   1819700.88       3.8238675123071473E-019
   1905460.75       3.5828942801691808E-019
   1995262.38       3.3689491011589847E-019
   2089296.12       3.1714782628095632E-019
   2187761.50       3.0189140896827819E-019
   2290867.75       2.8864152278107825E-019
   2398833.00       2.7711669646544410E-019
   2511886.50       2.6747027400976753E-019
   2630268.00       2.5882760344819553E-019
   2754228.75       2.5090121278584388E-019
   2884031.50       2.4423873681458043E-019
   3019951.75       2.3887680542359392E-019
   3162277.75       2.3363890004498549E-019
   3311311.25       2.2925554212013268E-019
   3467368.50       2.2466562479313988E-019
   3630780.50       2.2103620256208601E-019
   3801894.00       2.1807536182597503E-019
   3981071.75       2.1533392481555235E-019
   4168693.75       2.1310278668961308E-019
   4365158.50       2.1131674492003243E-019
   4570882.00       2.0949265145354504E-019
   4786301.00       2.0785480092099544E-019
   5011872.50       2.0699219460426161E-019
   5248074.50       2.0600802281553479E-019
   5495408.50       2.0403673833101051E-019
   5754399.50       2.0298428434034381E-019
   6025596.00       2.0201572857209177E-019
   6309573.50       2.0000304009142279E-019
   6606934.50       1.9802043677890570E-019
   6918309.50       1.9700545664984382E-019
   7244359.50       1.9397508879758588E-019
   7585776.00       1.9202413112706280E-019
   7943282.50       1.8795680327372658E-019
   8317637.50       1.8303108292900564E-019
   8709636.00       1.7600652775087373E-019
   9120108.00       1.6799773420437480E-019
   9549926.00       1.5900154702199643E-019
   10000000.0       1.4799999530329734E-019
   10471285.0       1.3857430169363287E-019
   10964782.0       1.2777479540389888E-019
   11481536.0       1.1736928573022843E-019
   12022644.0       1.0766034292385939E-019
   12589254.0       9.9161190142216040E-020
   13182567.0       9.1232440335960455E-020
   13803843.0       8.3765413564053090E-020
   14454398.0       7.7910417248389305E-020
   15135612.0       7.1550717042741516E-020
   15848932.0       6.6630876732265428E-020
   16595869.0       6.2522723362635535E-020
   17378008.0       5.8804461838283245E-020
   18197008.0       5.5412343466650255E-020
   19054608.0       5.2646263137479629E-020
   19952624.0       5.0131598494144379E-020
   20892962.0       4.7817202482546022E-020
   21877616.0       4.5942529721461663E-020
   22908676.0       4.4289746742787140E-020
   23988330.0       4.3013790470301523E-020
   25118864.0       4.1785850699344856E-020
   26302680.0       4.0897990314102644E-020
   27542288.0       3.9980481192778740E-020
   28840316.0       3.9385600225214240E-020
   30199518.0       3.8900172523411421E-020
   31622776.0       3.8396961981492440E-020
   33113112.0       3.8197540301060716E-020
   34673684.0       3.7904934636121484E-020
   36307804.0       3.7799539749044287E-020
   38018940.0       3.7700000419197334E-020
   39810716.0       3.7700000419197340E-020
   41686940.0       3.7700000419197334E-020
   43651584.0       3.7797578039623706E-020
   45708820.0       3.7800399715991972E-020
   47863008.0       3.7898318931192983E-020
   50118724.0       3.7922625232861510E-020
   52480748.0       4.0776735885597923E-020
   54954088.0       4.3744904211778280E-020
   57543992.0       4.4931423046854764E-020
   60255960.0       4.6868542985381274E-020
   63095736.0       4.8797105025338201E-020
   66069344.0       4.9492846961781691E-020
   69183096.0       4.9798362557516838E-020
   72443600.0       4.9696262875519457E-020
   75857760.0       4.9403619023128314E-020
   79432824.0       4.8894817327093555E-020
   83176376.0       4.8303730187956659E-020
   87096360.0       4.7500746774842423E-020
   91201080.0       4.6599747358390620E-020
   95499256.0       4.5600171576158148E-020
   100000000.       4.4599998584642305E-020
