   10000.0000       7.3600002511103861E-021
   10471.2852       1.0319670481595440E-020
   10964.7822       1.3288693688561445E-020
   11481.5361       1.5586656240377015E-020
   12022.6445       1.7508814548533569E-020
   12589.2539       1.9073134160349033E-020
   13182.5674       2.0301372890902770E-020
   13803.8428       2.1276917572555972E-020
   14454.3975       2.2256909589447510E-020
   15135.6123       2.3327390024226375E-020
   15848.9316       2.4510629593261705E-020
   16595.8691       2.5928721698496655E-020
   17378.0078       2.7710465145932248E-020
   18197.0078       2.9934803263362597E-020
   19054.6074       3.2741125187321739E-020
   19952.6230       3.5921017272527438E-020
   20892.9609       3.9870436287819687E-020
   21877.6172       4.3988217549189495E-020
   22908.6758       4.8465130759389717E-020
   23988.3301       5.3075401567319336E-020
   25118.8652       5.7927417632857456E-020
   26302.6797       6.3459344139996962E-020
   27542.2871       6.9840822325054589E-020
   28840.3145       7.7213927811076795E-020
   30199.5176       8.5921591381008429E-020
   31622.7773       9.6293605265838215E-020
   33113.1133       1.0906459815948915E-019
   34673.6836       1.2375231234929419E-019
   36307.8047       1.4097127011390431E-019
   38018.9414       1.6058774589996870E-019
   39810.7188       1.8333934306706640E-019
   41686.9375       2.0854914055995846E-019
   43651.5820       2.3725172080775206E-019
   45708.8203       2.7041043513011569E-019
   47863.0078       3.0742893815090980E-019
   50118.7227       3.4817495339360076E-019
   52480.7461       3.9503084873623530E-019
   54954.0859       4.4823089777988474E-019
   57543.9922       5.0717360718889689E-019
   60255.9570       5.7276159938494011E-019
   63095.7344       6.4339336958448851E-019
   66069.3438       7.1895085556781800E-019
   69183.0938       7.9986988375176872E-019
   72443.5938       8.8505001609970868E-019
   75857.7578       9.7212954221430058E-019
   79432.8203       1.0603126954723311E-018
   83176.3750       1.1510784432141049E-018
   87096.3594       1.2416758027458224E-018
   91201.0859       1.3130623955259272E-018
   95499.2578       1.3849876218073854E-018
   100000.000       1.4257142497019142E-018
   104712.852       1.4399999543023525E-018
   109647.820       1.3976348580246080E-018
   114815.359       1.2849237609224043E-018
   120226.445       1.1235587149906851E-018
   125892.539       9.3262765773607468E-019
   131825.672       7.4317348183526438E-019
   138038.422       5.6413274236563676E-019
   144543.984       4.1729292575747047E-019
   151356.125       3.1483618339583569E-019
   158489.312       2.3473454709122738E-019
   165958.688       1.7366934973632289E-019
   173780.078       1.3075520418388511E-019
   181970.078       1.0143959025116897E-019
   190546.078       8.0460608292616689E-020
   199526.234       6.3909057124705869E-020
   208929.609       5.1471802538974558E-020
   218776.156       4.2699424692361397E-020
   229086.766       3.5989450270430813E-020
   239883.297       3.1199599168632637E-020
   251188.641       2.7755454100166941E-020
   263026.812       2.5323974885657236E-020
   275422.875       2.3611834072119332E-020
   288403.156       2.2547851992789009E-020
   301995.188       2.2153268463644246E-020
   316227.781       2.2470881823662990E-020
   331131.125       2.3313111760170559E-020
   346736.844       2.4873683585646623E-020
   363078.062       2.7184776439936877E-020
   380189.406       3.0288518117757041E-020
   398107.156       3.4280181689673996E-020
   416869.375       3.9121686960937508E-020
   436515.844       4.4709030646399616E-020
   457088.188       5.1213280983468889E-020
   478630.094       5.8760312795651465E-020
   501187.219       6.6894366005847933E-020
   524807.438       7.5897152055729167E-020
   549540.875       8.5437191931552408E-020
   575439.938       9.5775971960599484E-020
   602559.562       1.0692462063306161E-019
   630957.375       1.1825593626359062E-019
   660693.438       1.2997013941965245E-019
   691831.000       1.4215649833055552E-019
   724435.938       1.5504159891198669E-019
   758577.562       1.6835214967861671E-019
   794328.250       1.8094935766485318E-019
   831763.750       1.9456119372891363E-019
   870963.562       2.0703386670407394E-019
   912010.812       2.1956850876899828E-019
   954992.562       2.3128373788661725E-019
   1000000.00       2.4229412104534430E-019
   1047128.56       2.5242571713898874E-019
   1096478.25       2.6141304021252189E-019
   1148153.62       2.6972304135453072E-019
   1202264.38       2.7743084588915752E-019
   1258925.38       2.8402003707508945E-019
   1318256.75       2.9080076543133514E-019
   1380384.25       2.9790105092029703E-019
   1445439.75       3.0612796905074149E-019
   1513561.25       3.1402565007422239E-019
   1584893.25       3.2317282154493173E-019
   1659586.88       3.3294835840246468E-019
   1737800.88       3.4220010303547737E-019
   1819700.88       3.4978205624392044E-019
   1905460.75       3.5400000815304059E-019
   1995262.38       3.5352639390796097E-019
   2089296.12       3.4506334756134803E-019
   2187761.50       3.2811391913659492E-019
   2290867.75       3.0404029301053478E-019
   2398833.00       2.7335009252812820E-019
   2511886.50       2.3888106611113650E-019
   2630268.00       2.0338319331051094E-019
   2754228.75       1.6944280910240558E-019
   2884031.50       1.3978078223079645E-019
   3019951.75       1.1556339366634137E-019
   3162277.75       9.4971112719375516E-020
   3311311.25       7.8840428525392013E-020
   3467368.50       6.5590398217482586E-020
   3630780.50       5.5475456889207538E-020
   3801894.00       4.7211001765269591E-020
   3981071.75       4.0534630963654626E-020
   4168693.75       3.5312099035972396E-020
   4365158.50       3.1167644847293188E-020
   4570882.00       2.7838974526378743E-020
   4786301.00       2.5251510979653931E-020
   5011872.50       2.3087515933996390E-020
   5248074.50       2.1512835983968037E-020
   5495408.50       2.0223875158205869E-020
   5754399.50       1.9289000637873623E-020
   6025596.00       1.8611009409389322E-020
   6309573.50       1.8100761032724645E-020
   6606934.50       1.7803064935029019E-020
   6918309.50       1.7700544760863088E-020
   7244359.50       1.7702490581077837E-020
   7585776.00       1.7897585717743735E-020
   7943282.50       1.8103454688654200E-020
   8317637.50       1.8497512570885822E-020
   8709636.00       1.8899626066896892E-020
   9120108.00       1.9400150082020773E-020
   9549926.00       1.9999896109499773E-020
   10000000.0       2.0499999349443212E-020
   10471285.0       2.1159798328504836E-020
   10964782.0       2.1757737709529543E-020
   11481536.0       2.2377842489850837E-020
   12022644.0       2.3018869269508189E-020
   12589254.0       2.3491044254523961E-020
   13182567.0       2.3888377241914804E-020
   13803843.0       2.4201097231990801E-020
   14454398.0       2.4386970083235080E-020
   15135612.0       2.4499999222505302E-020
   15848932.0       2.4487766222893510E-020
   16595869.0       2.4301031978819422E-020
   17378008.0       2.4008246238110826E-020
   18197008.0       2.3601495251018856E-020
   19054608.0       2.3125217043911076E-020
   19952624.0       2.2626319281965558E-020
   20892962.0       2.2004691301692598E-020
   21877616.0       2.1315668123558389E-020
   22908676.0       2.0599210619022065E-020
   23988330.0       2.0501060258500454E-020
   25118864.0       2.0090567362436322E-020
   26302680.0       1.9499106047872705E-020
   27542288.0       1.9122769854687334E-020
   28840316.0       1.9794239943268690E-020
   30199518.0       1.9600068235144915E-020
   31622776.0       1.9190888990987147E-020
   33113112.0       1.8595082409894757E-020
   34673684.0       1.8009867928466235E-020
   36307804.0       1.7397704153775285E-020
   38018940.0       1.6893686130554349E-020
   39810716.0       1.6296615482835406E-020
   41686940.0       1.5704123712164139E-020
   43651584.0       1.5212103517251827E-020
   45708820.0       1.4697994988112247E-020
   47863008.0       1.4208406821830893E-020
   50118724.0       1.3696098738330252E-020
   52480748.0       1.3204011215624665E-020
   54954088.0       1.2807346321359136E-020
   57543992.0       1.2393715035263345E-020
   60255960.0       1.2006291047558043E-020
   63095736.0       1.1600608774717872E-020
   66069344.0       1.1303065241303119E-020
   69183096.0       1.1001635521836575E-020
   72443600.0       1.0596262520875993E-020
   75857760.0       1.0303620244448557E-020
   79432824.0       1.0097235558835815E-020
   83176376.0       9.7819897212646766E-021
   87096360.0       9.5202425265578179E-021
   91201080.0       9.2699395884339852E-021
   95499256.0       9.0300418851687387E-021
   100000000.       8.7999997207365983E-021
